nbNodes
12
nbVehi
3
nbServi
6
r
1 1 1 1 1 1
0 1 0 0 0 0
1 0 0 0 0 0
0 0 1 0 0 0
1 0 0 0 0 0
0 1 0 0 0 0
0 0 0 0 0 1
0 0 0 0 0 1
0 0 0 0 1 1
0 0 1 1 0 0
1 0 0 0 1 0
1 1 1 1 1 1
DS
11 10 9
a
1  1  1  0  0  0
0  0  0  0  1  1
0  0  0  1  1  1
x
11 66 41 77 90 8 12 29 53 51 0 11
y
9 28 47 49 46 8 42 27 31 32 0 9
d
0.0 58.189346 48.414875 77.175125 87.23531 3.1622777 33.01515 25.455845 47.41308 46.141087 14.21267 0.0
58.189346 0.0 31.400637 23.70654 30.0 61.351448 55.7853 37.01351 13.341664 15.524175 71.693794 58.189346
48.414875 31.400637 0.0 36.05551 49.010204 51.088158 29.427877 23.323807 20.0 18.027756 62.369865 48.414875
77.175125 23.70654 36.05551 0.0 13.341664 80.26207 65.37584 52.801514 30.0 31.06445 91.26884 77.175125
87.23531 30.0 49.010204 13.341664 0.0 90.37699 78.10249 63.89053 39.92493 41.4367 101.07423 87.23531
3.1622777 61.351448 51.088158 80.26207 90.37699 0.0 34.234486 28.319605 50.537113 49.24429 11.313708 3.1622777
33.01515 55.7853 29.427877 65.37584 78.10249 34.234486 0.0 22.671568 42.44997 40.261642 43.68066 33.01515
25.455845 37.01351 23.323807 52.801514 63.89053 28.319605 22.671568 0.0 24.33105 22.561028 39.623226 25.455845
47.41308 13.341664 20.0 30.0 39.92493 50.537113 42.44997 24.33105 0.0 2.236068 61.400326 47.41308
46.141087 15.524175 18.027756 31.06445 41.4367 49.24429 40.261642 22.561028 2.236068 0.0 60.207973 46.141087
14.21267 71.693794 62.369865 91.26884 101.07423 11.313708 43.68066 39.623226 61.400326 60.207973 0.0 14.21267
0.0 58.189346 48.414875 77.175125 87.23531 3.1622777 33.01515 25.455845 47.41308 46.141087 14.21267 0.0
p
0 0 0 0 0 0
0 0 0 0 0 0
0 0 0 0 0 0
19.0 19.0 19.0 19.0 19.0 19.0
19.0 19.0 19.0 19.0 19.0 19.0
19.0 19.0 19.0 19.0 19.0 19.0
19.0 19.0 19.0 19.0 19.0 19.0
19.0 19.0 19.0 19.0 19.0 19.0
19.0 19.0 19.0 19.0 19.0 19.0
19.0 19.0 19.0 19.0 19.0 19.0
19.0 19.0 19.0 19.0 19.0 19.0
19.0 19.0 19.0 19.0 19.0 19.0
19.0 19.0 19.0 19.0 19.0 19.0
19.0 19.0 19.0 19.0 19.0 19.0
19.0 19.0 19.0 19.0 19.0 19.0
19.0 19.0 19.0 19.0 19.0 19.0
19.0 19.0 19.0 19.0 19.0 19.0
19.0 19.0 19.0 19.0 19.0 19.0
19.0 19.0 19.0 19.0 19.0 19.0
19.0 19.0 19.0 19.0 19.0 19.0
19.0 19.0 19.0 19.0 19.0 19.0
19.0 19.0 19.0 19.0 19.0 19.0
19.0 19.0 19.0 19.0 19.0 19.0
19.0 19.0 19.0 19.0 19.0 19.0
19.0 19.0 19.0 19.0 19.0 19.0
19.0 19.0 19.0 19.0 19.0 19.0
19.0 19.0 19.0 19.0 19.0 19.0
19.0 19.0 19.0 19.0 19.0 19.0
19.0 19.0 19.0 19.0 19.0 19.0
19.0 19.0 19.0 19.0 19.0 19.0
19.0 19.0 19.0 19.0 19.0 19.0
19.0 19.0 19.0 19.0 19.0 19.0
19.0 19.0 19.0 19.0 19.0 19.0
0 0 0 0 0 0
0 0 0 0 0 0
0 0 0 0 0 0
mind
34 27 44 59 52 2 25 10 0 17 55 49
maxd
68 54 88 118 104 4 50 20 0 34 110 98
e
0  451 156 146 18 1 83 137 124 310 401 0
l
600  571 276 266 138 121 203 257 244 430 521 1000
