nbNodes
202
nbVehi
30
nbServi
6
r
1 1 1 1 1 1 
0 0 0 0 1 0 
1 0 0 0 0 0 
0 0 1 0 0 0 
0 1 0 0 0 0 
0 0 0 1 0 0 
1 0 0 0 0 0 
1 0 0 0 0 0 
0 0 0 1 0 0 
0 1 0 0 0 0 
1 0 0 0 0 0 
0 0 1 0 0 0 
0 0 1 0 0 0 
0 0 0 0 1 0 
1 0 0 0 0 0 
0 0 1 0 0 0 
0 0 1 0 0 0 
0 1 0 0 0 0 
0 0 0 1 0 0 
0 0 1 0 0 0 
0 0 0 0 0 1 
1 0 0 0 0 0 
0 0 0 1 0 0 
0 0 0 0 0 1 
0 0 0 0 1 0 
0 0 0 0 1 0 
1 0 0 0 0 0 
0 0 0 0 1 0 
0 0 0 0 0 1 
0 0 0 1 0 0 
0 0 0 0 1 0 
0 1 0 0 0 0 
1 0 0 0 0 0 
0 1 0 0 0 0 
0 0 1 0 0 0 
0 0 0 0 1 0 
0 0 1 0 0 0 
0 0 0 1 0 0 
0 1 0 0 0 0 
0 1 0 0 0 0 
0 0 1 0 0 0 
0 0 1 0 0 0 
0 1 0 0 0 0 
0 0 1 0 0 0 
0 1 0 0 0 0 
1 0 0 0 0 0 
1 0 0 0 0 0 
0 0 0 0 1 0 
0 0 0 1 0 0 
0 0 0 0 1 0 
0 0 0 0 0 1 
0 0 0 0 0 1 
0 0 0 0 1 0 
0 0 0 0 1 0 
0 1 0 0 0 0 
0 0 0 0 0 1 
0 1 0 0 0 0 
1 0 0 0 0 0 
0 0 0 0 1 0 
0 0 1 0 0 0 
0 0 0 0 0 1 
0 0 1 0 0 0 
0 0 0 0 1 0 
0 0 0 0 1 0 
0 0 0 1 0 0 
0 0 1 0 0 0 
0 0 1 0 0 0 
1 0 0 0 0 0 
0 0 0 0 1 0 
0 0 0 0 1 0 
0 0 0 0 0 1 
0 1 0 0 0 0 
0 0 1 0 0 0 
0 0 0 1 0 0 
0 0 0 0 1 0 
0 0 0 0 0 1 
0 0 0 1 0 0 
0 0 0 0 1 0 
0 0 0 1 0 0 
0 0 0 1 0 0 
0 1 0 0 0 0 
0 0 0 1 0 0 
0 1 0 0 0 0 
1 0 0 0 0 0 
0 0 0 0 1 0 
0 0 0 0 1 0 
0 0 0 1 0 0 
0 0 0 0 1 0 
0 0 0 1 0 0 
0 0 0 0 0 1 
0 0 1 0 0 0 
1 0 0 0 0 0 
0 1 0 0 0 0 
0 0 0 1 0 0 
0 0 0 0 0 1 
0 0 0 1 0 0 
0 1 0 0 0 0 
0 0 1 0 0 0 
0 0 0 0 1 0 
0 0 0 0 1 0 
0 0 1 0 0 0 
0 0 0 1 0 0 
0 0 0 1 0 0 
0 0 1 0 0 0 
0 0 0 1 0 0 
1 0 0 0 0 0 
1 0 0 0 0 0 
0 0 0 0 1 0 
0 1 0 0 0 0 
0 0 0 0 0 1 
0 0 0 0 0 1 
0 0 0 0 1 0 
0 0 0 0 0 1 
0 1 0 0 0 0 
1 0 0 0 0 0 
1 0 0 0 0 0 
1 0 0 0 0 0 
0 1 0 0 0 0 
0 0 0 0 1 0 
0 0 0 0 0 1 
0 1 0 0 0 0 
0 0 1 0 0 0 
0 0 0 1 0 0 
0 1 0 0 0 0 
0 0 0 0 1 0 
0 0 0 0 1 0 
0 0 0 0 0 1 
0 0 0 0 0 1 
0 1 0 0 0 0 
0 1 0 0 0 0 
0 0 0 1 0 0 
0 1 0 0 0 0 
0 1 0 0 0 0 
0 1 0 0 0 0 
0 0 0 0 1 0 
0 0 0 0 0 1 
0 0 1 0 0 0 
0 0 0 1 0 0 
0 1 0 0 0 0 
0 0 0 1 0 0 
0 1 0 0 0 0 
0 0 0 0 1 1 
0 0 0 1 1 0 
0 0 0 1 0 1 
0 0 0 0 1 1 
0 0 0 0 1 1 
0 0 0 0 1 1 
0 0 0 1 0 1 
0 0 0 1 0 1 
0 0 0 0 1 1 
0 0 0 1 0 1 
0 0 0 1 1 0 
0 0 0 0 1 1 
0 0 0 0 1 1 
0 0 0 1 0 1 
0 0 0 1 1 0 
0 0 0 1 0 1 
0 0 0 0 1 1 
0 0 0 0 1 1 
0 0 0 1 1 0 
0 0 0 1 0 1 
0 0 0 1 1 0 
0 0 0 0 1 1 
0 0 0 1 1 0 
0 0 0 1 0 1 
0 0 0 1 1 0 
0 0 0 0 1 1 
0 0 0 0 1 1 
0 0 0 1 1 0 
0 0 0 1 1 0 
0 0 0 0 1 1 
0 1 0 0 0 1 
0 1 0 0 0 1 
0 1 0 1 0 0 
0 0 1 0 0 1 
0 0 1 1 0 0 
0 0 1 1 0 0 
0 1 0 0 0 1 
0 0 1 0 1 0 
0 0 1 1 0 0 
0 0 1 0 1 0 
0 1 0 0 1 0 
1 0 0 1 0 0 
0 1 0 0 1 0 
0 0 1 0 1 0 
0 1 0 0 0 1 
0 1 0 1 0 0 
0 0 1 1 0 0 
0 1 0 0 1 0 
0 0 1 1 0 0 
1 0 0 1 0 0 
1 0 0 0 0 1 
1 0 0 1 0 0 
0 0 1 0 1 0 
0 1 0 1 0 0 
0 1 0 0 1 0 
1 0 0 0 1 0 
1 0 0 0 1 0 
1 0 0 1 0 0 
1 0 0 0 0 1 
0 1 0 1 0 0 
1 1 1 1 1 1 
DS
142 143 144 145 146 147 148 149 150 151 152 153 154 155 156 157 158 159 160 161 162 163 164 165 166 167 168 169 170 171 172 173 174 175 176 177 178 179 180 181 182 183 184 185 186 187 188 189 190 191 192 193 194 195 196 197 198 199 200 201 
a
1 1 0 0 0 0 
0 0 1 0 0 0 
1 0 1 0 0 0 
0 1 1 0 0 0 
0 0 1 0 0 0 
1 1 0 0 0 0 
1 1 0 0 0 0 
0 0 1 0 0 0 
1 1 0 0 0 0 
1 1 1 0 0 0 
0 0 0 0 1 1 
0 0 0 1 1 1 
0 0 0 1 1 1 
0 0 0 1 0 1 
0 0 0 1 1 1 
0 0 0 0 1 0 
0 0 0 1 1 1 
0 0 0 1 1 1 
0 0 0 0 1 0 
0 0 0 1 1 1 
0 0 0 1 1 1 
0 0 0 0 1 1 
0 0 0 1 1 1 
0 0 0 1 0 1 
0 0 0 1 1 1 
0 0 0 0 1 1 
0 0 0 0 1 1 
0 0 0 1 1 0 
0 0 0 1 1 1 
0 0 0 1 1 1 
x
8 40 89 6 47 94 34 14 67 30 78 99 56 62 53 79 7 30 97 67 2 58 42 34 36 59 98 99 58 70 14 94 34 38 94 91 35 33 8 5 31 72 46 8 35 86 3 43 70 96 9 22 18 24 57 56 45 28 57 17 0 63 24 9 7 81 97 35 99 1 24 38 53 85 75 71 45 70 86 52 68 63 27 14 93 38 2 4 77 14 1 65 6 9 80 29 15 47 30 36 1 41 9 65 31 75 66 32 59 78 22 60 10 58 86 17 3 24 51 30 8 0 66 0 99 51 13 16 14 86 63 40 79 77 88 59 96 9 89 48 75 14 0 10 86 76 49 82 52 90 58 83 18 98 20 68 87 5 75 61 68 41 33 22 12 65 3 74 68 19 98 73 91 70 78 6 74 19 34 69 49 68 86 53 52 8 31 83 86 16 14 32 5 36 25 38 92 38 43 12 0 8 
y
1 38 25 21 26 34 31 34 32 28 32 49 40 21 18 35 39 2 28 31 1 30 22 31 34 0 32 16 45 23 10 21 18 22 42 21 18 14 11 1 9 26 16 4 20 30 29 36 26 30 35 3 40 49 18 19 41 32 3 5 8 49 22 3 38 19 42 21 21 4 8 31 15 1 13 35 48 34 45 9 22 2 14 42 11 31 22 29 13 13 45 47 4 25 29 16 18 12 5 39 34 22 35 12 45 3 41 28 10 35 25 21 23 48 18 41 13 31 41 5 6 49 9 30 9 31 10 10 37 45 35 17 39 0 36 2 3 13 43 39 34 35 31 42 3 9 14 14 47 19 25 45 28 35 19 16 12 25 35 17 16 24 24 30 35 49 27 0 27 21 30 36 35 0 23 24 27 16 6 14 32 35 48 24 33 19 9 43 3 21 12 31 7 13 13 0 21 8 10 46 0 1 
d
0.00000 48.91830 84.48077 20.09975 46.32494 92.11406 39.69887 33.54102 66.64833 34.82815 76.55717 102.88343 61.84658 57.58472 48.10405 78.72103 38.01316 22.02272 93.00538 66.18912 6.00000 57.80138 39.96248 39.69887 43.27817 51.00980 95.18929 92.22798 66.60330 65.78754 10.81665 88.29496 31.06445 36.61967 95.27329 85.37564 31.90611 28.17801 10.00000 3.00000 24.35159 68.70953 40.85340 3.00000 33.01515 83.21658 28.44293 49.49747 66.85058 92.65528 34.01470 14.14214 40.26164 50.59644 51.86521 51.26402 54.48853 36.89173 49.04080 9.84886 10.63015 73.00000 26.40076 2.23607 37.01351 75.18643 97.98980 33.60060 93.17188 7.61577 17.46425 42.42641 47.12749 77.00000 68.06614 71.58911 59.81639 70.23532 89.55445 44.72136 63.56886 55.00909 23.02173 41.43670 85.58621 42.42641 21.84033 28.28427 70.03571 13.41641 44.55334 73.24616 3.60555 24.02082 77.25283 25.80698 18.38478 40.52160 22.36068 47.20169 33.73426 39.11521 34.01470 58.05170 49.64877 67.02984 70.45566 36.12478 51.78803 77.82031 27.78489 55.71355 22.09072 68.62215 79.83107 41.00000 13.00000 34.00000 58.72819 22.36068 5.00000 48.66210 58.54912 30.08322 91.35097 52.43091 10.29563 12.04159 36.49658 89.55445 64.66065 35.77709 80.52950 69.00725 87.32125 51.00980 88.02272 12.04159 91.24144 55.17246 74.68601 34.52535 31.04835 41.04875 78.02564 68.46897 43.01163 75.13322 63.65532 83.95237 55.46170 86.95401 28.79236 96.20811 21.63331 61.84658 79.76215 24.18677 75.13322 55.36244 61.84658 40.22437 33.97058 32.20248 34.23449 74.51845 26.47640 66.00758 65.39113 22.82542 94.55686 73.82412 89.69392 62.00806 73.37575 23.08679 70.93659 18.60108 26.47640 62.36986 51.40039 68.96376 91.06591 50.53712 54.40588 18.00000 24.35159 85.95929 78.02564 21.54066 12.52996 38.41875 6.70820 30.46309 20.80865 30.01666 86.34813 30.80584 36.13862 45.17743 8.06226 0.00000 
48.91830 0.00000 50.69517 38.01316 13.89244 54.14795 9.21954 26.30589 27.65863 14.14214 38.47077 60.01666 16.12452 27.80288 23.85372 39.11521 33.01515 37.36308 57.87055 27.89265 53.03772 19.69772 16.12452 9.21954 5.65685 42.48529 58.30952 62.96825 19.31321 33.54102 38.20995 56.61272 20.88061 16.12452 54.14795 53.75872 20.61553 25.00000 41.86884 50.93133 30.36445 34.17601 22.80351 46.69047 18.68154 46.69047 38.07887 3.60555 32.31099 56.56854 31.14482 39.35734 22.09072 19.41649 26.24881 24.83948 5.83095 13.41641 38.91015 40.22437 50.00000 25.49510 22.62742 46.75468 33.00000 45.18849 57.14018 17.72005 61.40033 51.73973 34.00000 7.28011 26.41969 58.25805 43.01163 31.14482 11.18034 30.26549 46.52956 31.38471 32.24903 42.72002 27.29469 26.30589 59.48109 7.28011 41.23106 37.10795 44.65423 36.06938 39.62323 26.57066 48.08326 33.61547 41.00000 24.59675 32.01562 26.92582 34.48188 4.12311 39.20459 16.03122 31.14482 36.06938 11.40175 49.49747 26.17250 12.80625 33.83785 38.11824 22.20360 26.24881 33.54102 20.59126 50.15974 23.19483 44.65423 17.46425 11.40175 34.48188 45.25483 41.48494 38.94868 40.79216 65.74192 13.03840 38.89730 36.87818 26.01922 46.52956 23.19483 21.00000 39.01282 53.03772 48.04165 40.70626 66.03787 39.82462 49.25444 8.06226 35.22783 26.17250 40.60788 30.26549 57.80138 46.22770 25.63201 48.37355 15.00000 53.48832 22.20360 43.56604 24.16609 58.07753 27.58623 35.60899 53.71220 37.33631 35.12834 29.69848 35.60899 14.03567 15.65248 19.69772 28.16026 27.31300 38.60052 50.99020 30.08322 27.01851 58.54912 33.06055 51.08816 48.41487 40.85340 36.76955 35.73514 30.41381 32.55764 37.64306 10.81665 28.16026 47.07441 19.10497 13.00000 37.21559 30.36445 43.28972 57.80138 29.41088 36.76955 10.63015 46.75468 25.31798 29.15476 38.05260 54.70832 30.06659 28.16026 29.12044 55.17246 48.91830 
84.48077 50.69517 0.00000 83.09633 42.01190 10.29563 55.32630 75.53807 23.08679 59.07622 13.03840 26.00000 36.24914 27.29469 36.67424 14.14214 83.18654 63.32456 8.54400 22.80351 90.24965 31.40064 47.09565 55.32630 53.75872 39.05125 11.40175 13.45362 36.89173 19.10497 76.48529 6.40312 55.44367 51.08816 17.72005 4.47214 54.45181 57.07013 82.20097 87.36132 60.16644 17.02939 43.93177 83.67795 54.23099 5.83095 86.09297 47.29693 19.02630 8.60233 80.62258 70.51950 72.56721 69.28925 32.75668 33.54102 46.81880 61.40033 38.83298 74.72617 90.60905 35.38361 65.06919 82.96987 83.02409 10.00000 18.78829 54.14795 10.77033 90.47099 67.18631 51.35173 37.36308 24.33105 18.43909 20.59126 49.64877 21.02380 20.22375 40.31129 21.21320 34.71311 62.96825 76.90254 14.56022 51.35173 87.05171 85.09407 16.97056 75.95393 90.24411 32.55764 85.61542 80.00000 9.84886 60.67125 74.33034 43.96590 62.29767 54.81788 88.45903 48.09366 80.62258 27.29469 61.35145 26.07681 28.01785 57.07889 33.54102 14.86607 67.00000 29.27456 79.02531 38.60052 7.61577 73.75636 86.83317 65.27634 41.23106 62.29767 83.19856 92.17917 28.01785 89.14034 18.86796 38.47077 77.46612 74.52516 75.95393 20.22375 27.85678 49.64877 17.20465 27.73085 11.04536 37.80212 23.08679 80.89499 18.00000 43.32436 16.64332 75.66373 89.20202 80.80842 22.20360 20.61553 41.48494 13.03840 43.04649 6.08276 31.00000 20.88061 71.06335 13.45362 69.26038 22.84732 13.15295 84.00000 17.20465 29.12044 22.84732 48.01042 56.00893 67.18631 77.64664 33.94113 86.02325 29.15476 21.09502 70.11419 10.29563 19.41649 10.19804 31.40064 11.18034 83.00602 15.13275 70.57620 58.18935 22.82542 40.60788 23.25941 23.19483 36.01389 37.85499 81.22192 60.16644 18.97367 22.20360 73.10951 76.11833 57.31492 85.90693 54.34151 65.11528 56.79789 5.00000 53.75872 48.38388 79.81228 92.44458 84.48077 
20.09975 38.01316 83.09633 0.00000 41.30375 88.95504 29.73214 15.26434 61.98387 25.00000 72.83543 97.12363 53.48832 56.00000 47.09565 74.33034 18.02776 30.61046 91.26883 61.81424 20.39608 52.77310 36.01389 29.73214 32.69557 57.00877 92.65528 93.13431 57.27128 64.03124 13.60147 88.00000 28.16026 32.01562 90.47099 85.00000 29.15476 27.89265 10.19804 20.02498 27.73085 66.18912 40.31129 17.11724 29.01724 80.50466 8.54400 39.92493 64.19502 90.44888 14.31782 24.08319 22.47221 33.28663 51.08816 50.03998 43.82921 24.59675 54.08327 19.41649 14.31782 63.50591 18.02776 18.24829 17.02939 75.02666 93.39165 29.00000 93.00000 17.72005 22.20360 33.52611 47.38143 81.49233 69.46222 66.49060 47.43416 65.30697 83.52245 47.53946 62.00806 60.08328 22.13594 22.47221 87.57283 33.52611 4.12311 8.24621 71.44928 11.31371 24.51530 64.47480 17.00000 5.00000 74.43118 23.53720 9.48683 41.97618 28.84441 34.98571 13.92839 35.01428 14.31782 59.68249 34.65545 71.30919 63.24555 26.92582 54.12947 73.34848 16.49242 54.00000 4.47214 58.59181 80.05623 22.82542 8.54400 20.59126 49.24429 28.84441 15.13275 28.63564 61.18823 10.81665 93.77100 46.09772 13.03840 14.86607 17.88854 83.52245 58.69412 34.23449 75.18643 74.04053 83.36066 56.30275 91.78235 8.54400 85.86617 45.69464 70.21396 16.12452 11.66190 21.37756 82.00000 71.02112 43.56604 76.32169 52.83938 84.02381 52.15362 80.65358 13.89244 93.05912 14.14214 62.20129 81.49847 4.12311 70.40597 55.14526 62.20129 35.12834 27.16616 18.35756 15.23155 65.30697 6.70820 71.16881 62.28965 13.00000 92.43917 68.65858 86.14523 67.35726 72.02777 3.00000 68.26419 13.92839 31.76476 63.38770 44.38468 63.56099 84.43341 47.09565 47.53946 2.82843 27.73085 80.08121 82.00000 10.00000 12.04159 27.85678 14.03567 31.04835 20.61553 38.27532 86.00000 34.53983 38.60052 25.70992 21.84033 20.09975 
46.32494 13.89244 42.01190 41.30375 0.00000 47.67599 13.92839 33.95585 20.88061 17.11724 31.57531 56.85948 16.64332 15.81139 10.00000 33.24154 42.05948 29.41088 50.03998 20.61553 51.47815 11.70470 6.40312 13.92839 13.60147 28.63564 51.35173 52.95281 21.95450 23.19483 36.67424 47.26521 15.26434 9.84886 49.64877 44.28318 14.42221 18.43909 41.78516 48.87740 23.34524 25.00000 10.04988 44.77723 13.41641 39.20459 44.10215 10.77033 23.00000 49.16299 39.05125 33.97058 32.20248 32.52691 12.80625 11.40175 15.13275 19.92486 25.07987 36.61967 50.32892 28.01785 23.34524 44.41846 41.76123 34.71311 52.49762 13.00000 52.23983 50.99020 29.20616 10.29563 12.52996 45.48626 30.87070 25.63201 22.09072 24.35159 43.38202 17.72005 21.37756 28.84441 23.32381 36.67424 48.38388 10.29563 45.17743 43.10452 32.69557 35.46830 49.76947 27.65863 46.52956 38.01316 33.13608 20.59126 32.98485 14.00000 27.01851 17.02939 46.69047 7.21110 39.05125 22.80351 24.83948 36.23534 24.20744 15.13275 20.00000 32.28002 25.01999 13.92839 37.12142 24.59675 39.81206 33.54102 45.88028 23.53720 15.52417 27.01851 43.82921 52.32590 25.49510 47.16991 54.70832 6.40312 37.57659 34.88553 34.78505 43.38202 18.35756 11.40175 34.53983 39.69887 42.20190 26.83282 54.12947 40.16217 45.31004 13.03840 29.12044 34.20526 47.26521 40.31129 45.27693 33.61547 12.16553 37.00000 21.58703 43.56604 11.04536 40.70626 29.06888 51.78803 27.89265 23.25941 42.37924 42.01190 29.41088 16.64332 23.25941 6.32456 14.14214 25.31798 36.13862 29.20616 44.01136 37.48333 21.02380 28.44293 51.15662 27.85678 44.91102 34.71311 31.14482 41.04875 27.01851 29.73214 23.85372 25.05993 6.32456 22.84732 44.77723 6.32456 8.60233 39.62323 23.34524 39.81206 45.27693 31.40064 35.84690 15.81139 46.09772 17.02939 25.55386 27.51363 45.27693 20.12461 16.49242 40.31129 53.71220 46.32494 
92.11406 54.14795 10.29563 88.95504 47.67599 0.00000 60.07495 80.00000 27.07397 64.28063 16.12452 15.81139 38.47077 34.53983 44.01136 15.03330 87.14356 71.55418 6.70820 27.16616 97.73945 36.22154 53.36666 60.07495 58.00000 48.79549 4.47214 18.68154 37.64306 26.40076 83.52245 13.00000 62.09670 57.27128 8.00000 13.34166 61.13101 64.19502 89.02247 94.92102 67.77905 23.40940 51.26402 91.08238 60.63827 8.94427 91.13726 51.03920 25.29822 4.47214 85.00588 78.39005 76.23647 71.58911 40.31129 40.85340 49.49747 66.03030 48.27007 82.28001 97.52948 34.43835 71.02112 90.47652 87.09191 19.84943 8.54400 60.41523 13.92839 97.71898 74.67262 56.08030 45.18849 34.20526 28.31960 23.02173 50.96077 24.00000 13.60147 48.87740 28.63564 44.55334 69.92138 80.39900 23.02173 56.08030 92.77931 90.13878 27.01851 82.71034 93.64828 31.78050 92.97311 85.47514 14.86607 67.44627 80.60397 51.89412 70.26379 58.21512 93.00000 54.34151 85.00588 36.40055 63.95311 36.35932 28.86174 62.28965 42.43819 16.03122 72.56032 36.40055 84.71718 38.62642 17.88854 77.31753 93.39165 70.06426 43.56604 70.26379 90.44335 95.18929 37.53665 94.08507 25.49510 43.10452 84.48077 81.60882 80.05623 13.60147 31.01612 56.61272 15.81139 38.01316 6.32456 47.42362 31.06445 87.55570 10.29563 46.27094 19.00000 80.00625 94.04786 84.38009 32.01562 30.80584 49.24429 23.32381 43.96590 15.52417 37.10795 15.55635 76.23647 4.12311 75.50497 31.62278 23.08679 89.45390 19.02630 37.12142 31.62278 53.93515 61.81424 72.11103 82.00610 32.64966 91.26883 39.44617 26.92582 76.11833 5.65685 21.09502 3.16228 41.61730 19.41649 88.56636 21.18962 77.12976 66.21178 32.01562 45.04442 26.01922 16.12452 42.20190 42.01190 87.29834 67.77905 14.21267 32.01562 79.07591 82.96987 62.07254 93.00538 61.68468 72.12489 65.51336 13.15295 61.74140 56.36488 82.87340 99.95999 92.11406 
39.69887 9.21954 55.32630 29.73214 13.92839 60.07495 0.00000 20.22375 33.01515 5.00000 44.01136 67.44627 23.76973 29.73214 23.02173 45.17743 28.16026 29.27456 63.07139 33.00000 43.86342 24.02082 12.04159 0.00000 3.60555 39.82462 64.00781 66.70832 27.78489 36.87818 29.00000 60.82763 13.00000 9.84886 61.00000 57.87055 13.03840 17.02939 32.80244 41.72529 22.20360 38.32754 19.20937 37.48333 11.04536 52.00961 31.06445 10.29563 36.34556 62.00806 25.31798 30.46309 18.35756 20.59126 26.41969 25.05993 14.86607 6.08276 36.23534 31.06445 41.04875 34.13210 13.45362 37.53665 27.89265 48.50773 63.95311 10.04988 65.76473 42.63801 25.07987 4.00000 24.83948 59.16925 44.77723 37.21559 20.24846 36.12478 53.85165 28.42534 35.17101 41.01219 18.38478 22.82542 62.29767 4.00000 33.24154 30.06659 46.61545 26.90725 35.84690 34.88553 38.89730 25.70992 46.04346 15.81139 23.02173 23.02173 26.30589 8.24621 33.13608 11.40175 25.31798 36.35932 14.31782 49.64877 33.52611 3.60555 32.64966 44.18144 13.41641 27.85678 25.29822 29.41088 53.60037 19.72308 35.84690 10.00000 19.72308 26.30589 36.06938 38.47077 38.83298 34.01470 68.62215 17.00000 29.69848 27.65863 20.88061 53.85165 29.27456 15.23155 45.70558 53.00943 54.23099 38.28838 68.02941 30.80584 56.29387 16.12452 41.10961 20.39608 34.00000 26.40076 59.05929 47.41308 22.67157 50.92151 24.08319 57.27128 24.73863 50.96077 16.27882 64.12488 18.43909 37.16181 56.30275 29.61419 41.19466 30.41381 37.16181 9.89949 7.07107 12.04159 22.36068 35.84690 31.25700 50.60632 34.23449 18.02776 64.00781 39.31921 57.14018 47.50789 44.72136 28.86174 40.19950 21.21320 25.00000 38.91015 15.03330 34.23449 54.70832 20.24846 18.11077 28.63564 22.20360 50.44799 59.05929 20.59126 27.58623 2.00000 37.64306 18.11077 20.12461 31.25700 58.85576 23.34524 22.84732 26.62705 46.01087 39.69887 
33.54102 26.30589 75.53807 15.26434 33.95585 80.00000 20.22375 0.00000 53.03772 17.08801 64.03124 86.31338 42.42641 49.72927 42.15448 65.00769 8.60233 35.77709 83.21658 53.08484 35.11410 44.18144 30.46309 20.22375 22.00000 56.40035 84.02381 86.88498 45.35416 57.07013 24.00000 81.04937 25.61250 26.83282 80.39900 78.08969 26.40076 27.58623 23.76973 34.20526 30.23243 58.54912 36.71512 30.59412 25.23886 72.11103 12.08305 29.06888 56.56854 82.09750 5.09902 32.01562 7.21110 18.02776 45.88028 44.59821 31.78050 14.14214 53.00943 29.15476 29.52965 51.24451 15.62050 31.40064 8.06226 68.65858 83.38465 24.69818 85.98837 32.69557 27.85678 24.18677 43.38202 78.29432 64.51356 57.00877 34.01470 56.00000 72.83543 45.48626 55.31727 58.52350 23.85372 8.00000 82.28001 24.18677 16.97056 11.18034 66.40783 21.00000 17.02939 52.63079 31.04835 10.29563 66.18912 23.43075 16.03122 39.66106 33.12099 22.56103 13.00000 29.54657 5.09902 55.54278 20.24846 68.42514 52.46904 18.97367 51.00000 64.00781 12.04159 47.80167 11.70470 46.17359 73.75636 7.61577 23.70654 10.44031 37.65634 33.12099 28.63564 20.51828 57.69749 14.56022 88.60023 37.12142 24.02082 24.08319 3.00000 72.83543 49.01020 31.06445 65.19202 71.58911 74.02702 55.21775 87.66413 21.58703 75.53807 34.36568 61.00000 1.00000 14.31782 8.94427 78.39005 66.85058 40.31129 70.88018 40.16217 77.46612 44.91102 69.87131 7.21110 84.00595 16.15549 56.92100 76.24303 12.72792 61.00820 49.98000 56.92100 28.79236 21.47091 8.94427 2.23607 53.16014 13.03840 68.96376 54.45181 13.92839 84.09518 59.03389 77.00649 65.51336 64.93843 12.80625 60.40695 18.68154 34.40930 58.52350 35.05710 54.00926 73.34848 40.26164 38.01316 16.15549 30.23243 69.58448 78.39005 13.15295 22.00000 18.24829 28.46050 30.41381 23.70654 41.61730 79.07591 35.38361 37.64306 12.16553 36.76955 33.54102 
66.64833 27.65863 23.08679 61.98387 20.88061 27.07397 33.01515 53.03772 0.00000 37.21559 11.00000 36.23534 13.60147 12.08305 19.79899 12.36932 60.40695 47.63402 30.26549 1.00000 72.01389 9.21954 26.92582 33.01515 31.06445 32.98485 31.00000 35.77709 15.81139 9.48683 57.38467 29.15476 35.84690 30.67572 28.79236 26.40076 34.92850 38.47077 62.62587 69.31811 42.72002 7.81025 26.40076 65.30697 34.17601 19.10497 64.07027 24.33105 6.70820 29.06888 58.07753 53.53504 49.64877 46.23851 17.20465 17.02939 23.76973 39.00000 30.67572 56.82429 71.16881 17.46425 44.14748 64.84597 60.29925 19.10497 31.62278 33.83785 33.83785 71.69379 49.24429 29.01724 22.02272 35.84690 20.61553 5.00000 27.20294 3.60555 23.02173 27.45906 10.04988 30.26549 43.86342 53.93515 33.42155 29.01724 65.76473 63.07139 21.47091 56.30275 67.26812 15.13275 67.11930 58.42089 13.34166 41.23106 53.85165 28.28427 45.80393 31.78050 66.03030 27.85678 58.07753 20.09975 38.27532 30.08322 9.05539 35.22783 23.40940 11.40175 45.54119 13.03840 57.70615 18.35756 23.60085 50.80354 66.76077 43.01163 18.35756 45.80393 64.47480 69.12308 23.02173 67.02984 39.40812 16.03122 58.30952 55.54278 53.23533 23.02173 5.00000 30.88689 13.89244 33.52611 21.37756 31.04835 41.01219 61.03278 24.59675 20.24846 8.24621 53.08484 67.00746 57.87055 34.66987 24.69818 25.45584 23.43075 21.21320 26.41969 11.40175 20.61553 49.16299 31.14482 48.76474 16.03122 28.28427 62.39391 8.54400 16.15549 16.03122 27.20294 34.92850 45.04442 55.08176 17.11724 64.19502 32.75668 5.09902 49.24429 31.06445 7.21110 24.18677 32.14032 14.21267 61.52235 8.60233 50.59644 42.01190 18.11077 18.00000 3.16228 24.83948 16.12452 15.03330 60.41523 42.72002 19.41649 34.66987 52.17279 56.64804 35.01428 66.85058 36.35932 46.09772 43.18565 27.31300 37.64306 32.55764 56.75385 74.24958 66.64833 
34.82815 14.14214 59.07622 25.00000 17.11724 64.28063 5.00000 17.08801 37.21559 0.00000 48.16638 72.12489 28.63564 32.75668 25.07987 49.49747 25.49510 26.00000 67.00000 37.12142 38.89730 28.07134 13.41641 5.00000 8.48528 40.31129 68.11755 70.03571 32.75668 40.31129 24.08319 64.38167 10.77033 10.00000 65.51336 61.40033 11.18034 14.31782 27.80288 36.79674 19.02630 42.04759 20.00000 32.55764 9.43398 56.03570 27.01851 15.26434 40.04997 66.03030 22.13594 26.24881 16.97056 21.84033 28.79236 27.51363 19.84943 4.47214 36.79674 26.41969 36.05551 39.11521 8.48528 32.64966 25.07987 51.78803 68.44706 8.60233 69.35416 37.64306 20.88061 8.54400 26.41969 61.26989 47.43416 41.59327 25.00000 40.44750 58.52350 29.06888 38.47077 42.01190 14.31782 21.26029 65.25335 8.54400 28.63564 26.01922 49.33559 21.93171 33.61547 39.82462 33.94113 21.21320 50.01000 12.04159 18.02776 23.34524 23.00000 12.52996 29.61419 12.52996 22.13594 38.48376 17.02939 51.47815 38.27532 2.00000 34.13210 48.50773 8.54400 30.80584 20.61553 34.40930 56.88585 18.38478 30.88689 6.70820 24.69818 23.00000 31.11270 36.61967 40.70626 30.06659 71.56815 21.21320 24.75884 22.80351 18.35756 58.52350 33.73426 14.86607 50.21952 54.70832 58.54912 38.94868 70.57620 25.80698 60.87693 21.09502 45.39824 17.46425 30.14963 24.41311 61.32699 49.76947 23.60085 53.85165 29.06888 60.67125 28.16026 55.65968 12.00000 68.35934 13.45362 39.84972 59.20304 25.17936 45.54119 32.89377 39.84972 11.70470 5.00000 8.24621 19.31321 40.81666 27.01851 52.15362 38.01316 13.03840 68.02941 43.73786 61.40033 48.82622 48.25971 24.33105 44.01136 16.27882 22.36068 41.43670 19.41649 38.63936 59.46427 23.34524 22.56103 23.76973 19.02630 55.08176 61.32699 15.65248 22.62742 3.60555 32.64966 16.15549 15.81139 29.12044 62.39391 21.54066 22.20360 25.45584 41.03657 34.82815 
76.55717 38.47077 13.03840 72.83543 31.57531 16.12452 44.01136 64.03124 11.00000 48.16638 0.00000 27.01851 23.40940 19.41649 28.65310 3.16228 71.34424 56.60389 19.41649 11.04536 82.07923 20.09975 37.36308 44.01136 42.04759 37.21559 20.00000 26.40076 23.85372 12.04159 67.67570 19.41649 46.17359 41.23106 18.86796 17.02939 45.22168 48.46648 73.08215 79.30952 52.32590 8.48528 35.77709 75.39231 44.64303 8.24621 75.05998 35.22783 10.00000 18.11077 69.06519 63.06346 60.53098 56.61272 25.23886 25.55386 34.20526 50.00000 35.80503 66.70832 81.60882 22.67157 54.91812 74.84651 71.25307 13.34166 21.47091 44.38468 23.70654 81.93290 59.09315 40.01250 30.23243 31.78050 19.23538 7.61577 36.67424 8.24621 15.26434 34.71311 14.14214 33.54102 54.08327 64.77654 25.80698 40.01250 76.65507 74.06079 19.02630 66.76077 78.08969 19.84943 77.25283 69.35416 3.60555 51.54610 64.53681 36.89173 55.07268 42.57934 77.02597 38.32754 69.06519 23.85372 48.76474 29.15476 15.00000 46.17359 29.06888 3.00000 56.43580 21.09502 68.59300 25.61250 16.12452 61.66036 77.36924 54.00926 28.46050 55.07268 74.67262 79.83107 25.94224 78.02564 31.14482 27.01851 68.62215 65.78754 64.19502 15.26434 15.29706 40.85340 7.07107 32.01562 10.77033 35.51056 34.13210 71.56815 15.55635 30.80584 3.60555 64.07027 78.00641 68.73136 30.08322 23.08679 34.13210 18.43909 30.01666 17.69181 21.18962 13.92839 60.13319 20.22375 59.43904 18.86796 21.93171 73.33485 4.24264 22.67157 18.86796 37.85499 45.70558 56.03570 66.06815 21.40093 75.16648 32.24903 11.18034 60.01666 20.09975 6.40312 13.34166 32.98485 9.00000 72.44308 6.40312 61.13101 51.10773 20.12461 29.00000 10.44031 17.88854 26.24881 26.01922 71.19691 52.32590 12.08305 30.08322 62.96825 67.05222 46.01087 77.16217 46.09772 56.30275 51.22499 17.80449 46.64762 41.34005 67.46851 84.30896 76.55717 
102.88343 60.01666 26.00000 97.12363 56.85948 15.81139 67.44627 86.31338 36.23534 72.12489 27.01851 0.00000 43.93177 46.40043 55.47071 24.41311 92.54188 83.48653 21.09502 36.71512 108.22661 45.18849 63.07139 67.44627 64.76110 63.25346 17.02939 33.00000 41.19466 38.94868 93.52005 28.44293 72.01389 66.70832 8.60233 29.12044 71.11259 74.70609 98.61541 105.54620 78.89233 35.46830 62.43397 101.51847 70.26379 23.02173 98.06121 57.48913 37.01351 19.23538 91.08238 89.69392 81.49847 75.00000 52.20153 52.43091 54.58938 73.00685 62.28965 93.05912 107.15409 36.00000 79.71198 101.07423 92.65528 34.98571 7.28011 69.85700 28.00000 107.83784 85.47514 63.60031 57.20140 50.00000 43.26662 31.30495 54.00926 32.64966 13.60147 61.71710 41.10961 59.20304 80.05623 85.28775 38.47077 63.60031 100.68764 97.08244 42.19005 92.30926 98.08160 34.05877 103.31505 93.14505 27.58623 77.38863 89.53770 63.82006 81.83520 63.78871 99.14131 63.97656 91.08238 50.24938 68.11755 51.88449 33.95585 70.21396 55.86591 25.23886 80.65358 48.01042 92.72001 41.01219 33.61547 82.38932 102.52804 77.12976 48.66210 81.83520 100.64790 99.00000 51.85557 100.80675 40.00000 51.26402 94.42987 91.70605 85.84288 13.60147 38.62642 67.11930 22.36068 53.71220 17.02939 61.71710 46.09772 96.93297 11.66190 51.97115 28.30194 86.14523 100.62306 89.27486 47.80167 46.14109 61.03278 38.91015 47.04253 31.32092 47.50789 16.49242 83.67795 14.03567 84.50444 45.27693 38.89730 97.01546 27.78489 49.67897 45.27693 63.15853 70.57620 79.30952 88.11924 34.00000 98.48858 55.00909 38.01316 84.75848 19.02630 29.06888 16.12452 56.93856 33.42155 96.30161 33.30165 86.53901 77.93587 46.09772 52.81098 34.01470 13.03840 52.35456 49.64877 95.81753 78.89233 17.08801 47.80167 87.59566 92.70383 69.37579 102.95630 72.56032 82.29216 78.24321 28.86174 73.49830 68.24222 87.05171 110.46266 102.88343 
61.84658 16.12452 36.24914 53.48832 16.64332 38.47077 23.76973 42.42641 13.60147 28.63564 23.40940 43.93177 0.00000 19.92486 22.20360 23.53720 49.01020 46.04346 42.72002 14.21267 66.61081 10.19804 22.80351 23.76973 20.88061 40.11234 42.75512 49.24429 5.38516 22.02272 51.61395 42.48529 31.11270 25.45584 38.05260 39.82462 30.41381 34.71311 56.08030 64.20280 39.82462 21.26029 26.00000 60.00000 29.00000 31.62278 54.12947 13.60147 19.79899 41.23106 47.26521 50.24938 38.00000 33.24154 22.02272 21.00000 11.04536 29.12044 37.01351 52.40229 64.49806 11.40175 36.71512 59.81639 49.04080 32.64966 41.04875 28.31960 47.01064 65.73431 45.25483 20.12461 25.17936 48.60041 33.01515 15.81139 13.60147 15.23155 30.41381 31.25700 21.63331 38.63936 38.94868 42.04759 47.01064 20.12461 56.92100 53.15073 34.20526 49.92995 55.22681 11.40175 61.61169 49.33559 26.40076 36.12478 46.52956 29.41088 43.60046 20.02498 55.32630 23.43075 47.26521 29.41088 25.49510 41.59327 10.04988 26.83282 30.14963 22.56103 37.16181 19.41649 49.04080 8.24621 37.20215 39.01282 59.48109 33.24154 5.09902 43.60046 58.82176 56.71860 32.57299 56.88585 53.00943 10.29563 52.43091 50.00000 42.10701 30.41381 8.60233 28.01785 23.02173 45.17743 32.24903 38.11824 54.48853 54.20332 33.13608 8.06226 19.92486 42.29657 56.71860 46.04346 47.63402 36.89173 26.92582 36.76955 8.06226 39.96248 15.13275 27.45906 39.84972 42.29657 41.67733 26.83282 41.77320 53.16014 19.64688 23.53720 26.83282 21.93171 28.01785 35.44009 44.28318 12.72792 54.57105 43.86342 17.69181 41.59327 43.17407 17.46425 35.35534 42.37924 27.80288 52.49762 22.20360 44.10215 40.49691 29.06888 10.63015 13.00000 31.04835 16.27882 8.06226 52.39275 39.82462 27.16616 47.63402 44.28318 50.47772 25.63201 60.74537 33.60060 41.10961 43.86342 40.70626 36.71512 32.69557 44.40721 68.81860 61.84658 
57.58472 27.80288 27.29469 56.00000 15.81139 34.53983 29.73214 49.72927 12.08305 32.75668 19.41649 46.40043 19.92486 0.00000 9.48683 22.02272 57.87055 37.21559 35.69314 11.18034 63.24555 9.84886 20.02498 29.73214 29.06888 21.21320 37.64306 37.33631 24.33105 8.24621 49.24429 32.00000 28.16026 24.02082 38.27532 29.00000 27.16616 29.83287 54.91812 60.40695 33.24154 11.18034 16.76305 56.61272 27.01851 25.63201 59.53990 24.20744 9.43398 35.17101 54.81788 43.86342 47.92703 47.20169 5.83095 6.32456 26.24881 35.73514 18.68154 47.75982 63.34824 28.01785 38.01316 55.97321 57.56735 19.10497 40.81666 27.00000 37.00000 63.32456 40.16217 26.00000 10.81665 30.47950 15.26434 16.64332 31.90611 15.26434 33.94113 15.62050 6.08276 19.02630 35.69314 52.39275 32.57299 26.00000 60.00833 58.54912 17.00000 48.66210 65.55151 26.17250 58.52350 53.15073 19.69772 33.37664 47.09565 17.49286 35.77709 31.62278 62.36986 21.02380 54.81788 9.48683 39.20459 22.20360 20.39608 30.80584 11.40175 21.26029 40.19950 2.00000 52.03845 27.29469 24.18677 49.24429 59.53990 39.29377 22.82542 35.77709 56.04463 68.02941 12.64911 62.64982 38.89730 14.86607 50.21952 47.29693 50.59644 33.94113 14.03567 22.36068 24.75884 25.80698 30.01666 19.23538 38.47077 53.60037 34.82815 22.80351 18.38478 50.00000 62.80127 56.08030 30.00000 18.43909 14.76482 21.18962 27.85678 28.07134 5.65685 31.89044 44.55334 38.62642 42.04759 7.81025 26.57066 57.14018 19.10497 4.12311 7.81025 21.21320 29.15476 41.00000 51.92302 28.16026 59.30430 24.18677 8.48528 43.00000 37.10795 18.60108 32.20248 22.47221 16.12452 56.08030 13.41641 43.28972 31.76476 9.89949 17.02939 15.23155 36.12478 9.48683 15.62050 54.03702 33.24154 30.41381 30.00000 46.00000 48.83646 31.62278 58.69412 27.20294 37.85499 31.89044 30.00000 27.29469 21.95450 55.90170 65.45991 57.58472 
48.10405 23.85372 36.67424 47.09565 10.00000 44.01136 23.02173 42.15448 19.79899 25.07987 28.65310 55.47071 22.20360 9.48683 0.00000 31.06445 50.56679 28.01785 45.12206 19.10497 53.75872 13.00000 11.70470 23.02173 23.34524 18.97367 47.12749 46.04346 27.45906 17.72005 39.81206 41.10961 19.00000 15.52417 47.50789 38.11824 18.00000 20.39608 45.54119 50.92151 23.76973 20.61553 7.28011 47.12749 18.11077 35.11410 51.19570 20.59126 18.78829 44.64303 47.16991 34.43835 41.34005 42.44997 4.00000 3.16228 24.35159 28.65310 15.52417 38.27532 53.93515 32.57299 29.27456 46.48656 50.15974 28.01785 50.11986 18.24829 46.09772 53.85165 30.67572 19.84943 3.00000 36.23534 22.56103 24.75884 31.04835 23.34524 42.63801 9.05539 15.52417 18.86796 26.30589 45.79301 40.60788 19.84943 51.15662 50.21952 24.51530 39.31921 58.59181 31.38471 49.04080 44.55334 29.15476 24.08319 38.00000 8.48528 26.41969 27.01851 54.40588 12.64911 47.16991 13.41641 34.82815 26.62705 26.41969 23.25941 10.00000 30.23243 31.78050 7.61577 43.28972 30.41381 33.00000 42.72002 50.24938 31.78050 23.08679 26.41969 46.57252 61.40033 15.81139 54.34151 46.87217 13.15295 40.79216 37.85499 43.38202 42.63801 19.72308 13.03840 33.42155 30.00000 39.35734 17.08801 45.54119 44.28318 43.82921 21.58703 27.20294 42.54409 54.57105 49.24429 36.24914 24.69818 5.65685 29.27456 29.01724 37.01351 8.60233 40.36087 36.40055 48.10405 33.01515 15.13275 34.52535 48.50773 27.80288 8.06226 15.13275 13.41641 20.88061 33.24154 44.38468 33.24154 50.80354 27.65863 17.49286 34.13210 46.57252 26.90725 41.62932 24.75884 25.49510 47.38143 22.84732 34.05877 22.47221 16.49242 14.56022 22.67157 44.59821 6.00000 15.03330 45.01111 23.76973 39.05125 36.24914 37.12142 39.45884 24.69818 49.24429 17.72005 28.44293 23.43075 39.11521 18.02776 12.80625 49.64877 55.97321 48.10405 
78.72103 39.11521 14.14214 74.33034 33.24154 15.03330 45.17743 65.00769 12.36932 49.49747 3.16228 24.41311 23.53720 22.02272 31.06445 0.00000 72.11103 59.07622 19.31321 12.64911 84.17244 21.58703 39.21734 45.17743 43.01163 40.31129 19.23538 27.58623 23.25941 15.00000 69.64194 20.51828 48.10405 43.01163 16.55295 18.43909 47.16991 50.56679 74.94665 81.43709 54.58938 11.40175 38.07887 77.47258 46.48656 8.60233 76.23647 36.01389 12.72792 17.72005 70.00000 65.36819 61.20457 56.75385 27.80288 28.01785 34.52535 51.08816 38.83298 68.87670 83.48653 21.26029 56.51548 76.96753 72.06247 16.12452 19.31321 46.17359 24.41311 83.93450 61.26989 41.19466 32.80244 34.52535 22.36068 8.00000 36.40055 9.05539 12.20656 37.48333 17.02939 36.67424 56.08030 65.37584 27.78489 41.19466 78.08969 75.23962 22.09072 68.62215 78.63841 18.43909 79.30952 70.71068 6.08276 53.48832 66.21933 39.40812 57.45433 43.18565 78.00641 40.16217 70.00000 26.92582 49.03060 32.24903 14.31782 47.51842 32.01562 1.00000 57.87055 23.60085 70.03571 24.69818 18.38478 62.28965 79.12016 55.14526 28.63564 57.45433 76.69420 80.23092 29.06888 79.15807 32.80244 28.28427 70.57620 67.77905 65.03076 12.20656 16.00000 42.95346 4.00000 35.05710 9.05539 38.58756 36.23534 73.37575 12.80625 31.25700 4.12311 65.00000 79.10120 69.35416 32.75668 26.17250 36.61967 21.21320 29.54657 19.41649 23.25941 10.77033 61.40033 19.00000 61.13101 21.95450 24.35159 74.67262 4.00000 25.45584 21.95450 39.56008 47.29693 57.21888 67.00000 19.79899 76.41989 35.35534 13.60147 61.61169 19.64688 6.08276 12.00000 36.13862 12.04159 73.82412 9.43398 62.93648 53.53504 23.25941 30.14963 11.00000 14.76482 28.23119 27.07397 72.78049 54.58938 8.94427 32.75668 64.53681 68.94926 47.16991 79.12016 48.30114 58.30952 53.90733 19.10497 49.09175 43.82921 67.89698 86.40602 78.72103 
38.01316 33.01515 83.18654 18.02776 42.05948 87.14356 28.16026 8.60233 60.40695 25.49510 71.34424 92.54188 49.01020 57.87055 50.56679 72.11103 0.00000 43.56604 90.66973 60.53098 38.32754 51.78803 38.91015 28.16026 29.42788 65.00000 91.26883 94.83143 51.35173 65.00000 29.83287 88.84256 34.20526 35.35534 87.05171 85.90693 35.00000 36.06938 28.01785 38.05260 38.41875 66.28725 45.27693 35.01428 33.83785 79.51101 10.77033 36.12478 64.32729 89.45390 4.47214 39.00000 11.04536 19.72308 54.23099 52.92447 38.05260 22.13594 61.61169 35.44009 31.78050 56.88585 24.04163 36.05551 1.00000 76.65507 90.04999 33.28663 93.74433 35.51056 35.35534 32.01562 51.88449 86.76405 72.80110 64.12488 39.05125 63.19810 79.22752 54.08327 63.32456 67.11930 32.01562 7.61577 90.44335 32.01562 17.72005 10.44031 74.67262 26.92582 8.48528 58.54912 35.01428 14.14214 73.68175 31.82766 22.47221 48.25971 41.04875 29.00000 7.81025 38.01316 4.47214 63.97656 24.73863 76.94154 59.03389 27.31300 59.53990 71.11259 20.51828 55.97321 16.27882 51.78803 81.74350 10.19804 26.30589 18.78829 44.04543 41.04875 33.01515 12.20656 66.18912 11.40175 96.76776 44.72136 29.61419 30.36445 7.28011 79.22752 56.14268 39.66106 72.00000 80.13114 81.05554 63.82006 96.00521 26.07681 82.09750 41.00000 68.18358 8.06226 10.63015 4.24264 86.81590 75.23962 48.87740 79.05694 45.70558 85.37564 52.88667 76.23647 15.55635 91.08787 23.85372 65.19202 84.43341 14.14214 68.11755 58.30952 65.19202 37.16181 30.01666 17.49286 6.40312 58.85576 12.64911 77.52419 62.16912 21.63331 91.44397 66.06815 84.09518 74.09453 72.78049 15.03330 68.06614 25.94224 42.63801 66.85058 42.57934 61.13101 79.51101 48.38388 45.39824 20.02498 38.41875 76.10519 86.81590 20.12461 27.89265 26.24881 32.06244 38.94868 31.62278 49.81967 86.88498 43.84062 46.22770 8.60233 39.62323 38.01316 
22.02272 37.36308 63.32456 30.61046 29.41088 71.55418 29.27456 35.77709 47.63402 26.00000 56.60389 83.48653 46.04346 37.21559 28.01785 59.07622 43.56604 0.00000 71.86793 47.01064 28.01785 39.59798 23.32381 29.27456 32.55764 29.06888 74.32362 70.40597 51.31277 45.17743 17.88854 66.76077 16.49242 21.54066 75.47185 63.89053 16.76305 12.36932 23.76973 25.01999 7.07107 48.37355 21.26029 22.09072 18.68154 62.60990 38.18377 36.40055 46.64762 71.69379 39.11521 8.06226 39.84972 47.38143 31.38471 31.06445 41.78516 30.06659 27.01851 13.34166 30.59412 57.42822 20.88061 21.02380 42.72002 53.75872 78.03204 19.64688 71.56815 29.06888 8.48528 30.08322 26.41969 55.00909 46.32494 52.63079 48.38388 51.22499 70.60453 23.08679 42.94182 33.00000 12.36932 43.08132 63.63961 30.08322 34.40930 37.48333 48.27007 19.41649 51.86521 57.00877 24.08319 31.14482 56.82429 14.03567 21.93171 19.72308 3.00000 37.48333 43.18565 22.82542 39.11521 36.40055 43.01163 45.01111 53.07542 26.07681 30.08322 58.24946 24.35159 35.51056 29.00000 53.85165 58.24088 41.10961 29.15476 29.61419 44.29447 3.00000 22.36068 55.75841 36.67424 41.03657 69.35416 35.80503 18.78829 16.12452 38.48376 70.60453 46.66905 18.02776 61.40033 47.04253 67.23095 29.00000 66.00758 23.70654 71.84706 41.14608 55.21775 36.67424 41.72529 44.72136 56.00893 46.52956 22.47221 53.36666 50.08992 62.36185 36.23534 68.24954 28.63564 75.58439 19.72308 40.49691 57.87055 33.97058 55.80323 34.43835 40.49691 24.59675 22.20360 29.12044 37.58989 58.60034 36.79674 44.04543 45.48626 21.95450 73.53911 54.81788 69.35416 40.04997 52.39275 32.55764 50.60632 17.80449 5.65685 40.80441 35.51056 50.32892 72.47068 31.82766 38.01316 27.80288 7.07107 67.00746 56.00893 23.60085 18.86796 29.06888 25.49510 12.52996 12.08305 8.24621 64.84597 10.00000 15.26434 47.53946 30.06659 22.02272 
93.00538 57.87055 8.54400 91.26883 50.03998 6.70820 63.07139 83.21658 30.26549 67.00000 19.41649 21.09502 42.72002 35.69314 45.12206 19.31321 90.66973 71.86793 0.00000 30.14963 98.76234 39.05125 55.32630 63.07139 61.29437 47.20169 4.12311 12.16553 42.54409 27.45906 84.92938 7.61577 63.78871 59.30430 14.31782 9.21954 62.80127 65.51336 90.60905 95.88013 68.68042 25.07987 52.39275 92.17917 62.51400 11.18034 94.00532 54.58938 27.07397 2.23607 88.27797 79.05694 79.90620 75.96052 41.23106 41.97618 53.60037 69.11584 47.16991 83.24062 99.04040 39.96248 73.24616 91.48224 90.55385 18.35756 14.00000 62.39391 7.28011 98.95454 75.69016 59.07622 45.88028 29.54657 26.62705 26.92582 55.71355 27.65863 20.24846 48.84670 29.61419 42.80187 71.38627 84.17244 17.46425 59.07622 95.18929 93.00538 25.00000 84.34453 97.49359 37.21559 94.11164 88.05112 17.02939 69.05071 82.60751 52.49762 70.83784 61.98387 96.18732 56.32051 88.27797 35.77709 68.15424 33.30165 33.61547 65.00000 42.04759 20.24846 75.05998 37.65634 87.14356 43.82921 14.86607 81.04937 95.18929 73.06162 47.80167 70.83784 91.67879 99.24717 36.35932 97.02062 19.10497 46.09772 85.90693 82.97590 83.48653 20.24846 34.71311 58.05170 21.09502 34.40930 12.04159 46.04346 25.01999 89.26926 17.00000 50.21952 22.80351 83.29466 97.04638 88.11924 27.31300 28.31960 50.00000 20.51828 48.84670 11.40175 39.11521 22.02272 79.00000 7.07107 77.52419 31.38471 18.86796 92.04890 23.08679 37.64306 31.38471 56.14268 64.12488 75.02666 85.28775 38.27532 94.00532 36.23534 29.01724 78.31347 2.23607 25.29822 9.21954 38.89730 19.64688 91.08787 23.02173 78.91768 66.73080 31.30495 48.16638 29.83287 22.82542 44.18144 45.27693 89.45390 68.68042 20.51828 27.31300 81.30191 84.52810 65.06919 94.36631 62.81720 73.54590 65.30697 8.60233 62.29767 56.92100 86.88498 100.96039 93.00538 
