nbNodes
27
nbVehi
5
nbServi
6
r
1 1 1 1 1 1
0 0 0 0 1 0
0 0 1 0 0 0
0 0 0 1 0 0
0 0 0 0 1 0
0 0 0 0 1 0
0 0 0 0 1 0
0 0 0 0 1 0
0 0 0 0 0 1
1 0 0 0 0 0
1 0 0 0 0 0
1 0 0 0 0 0
1 0 0 0 0 0
1 0 0 0 0 0
0 1 0 0 0 0
0 1 0 0 0 0
0 0 0 0 1 0
0 0 0 1 0 0
0 0 0 1 1 0
0 0 0 1 0 1
0 0 0 0 1 1
0 0 0 1 0 1
0 1 0 1 0 0
0 0 1 1 0 0
1 0 0 0 1 0
1 0 0 1 0 0
1 1 1 1 1 1
DS
26 25 24 23 22 21 20 19
a
1  1  0  0  0  0
1  0  1  0  0  0
0  0  0  1  1  1
0  0  0  1  1  0
0  0  0  1  1  1
x
36 85 80 68 50 0 8 95 61 7 42 83 18 39 76 23 79 35 18 46 25 73 33 12 76 0 36
y
12 45 44 20 44 2 8 15 26 7 24 25 46 29 22 5 20 5 29 47 4 2 37 20 14 0 12
d
0.0 59.07622 54.405884 32.984844 34.928497 37.363083 28.284271 59.07622 28.653097 29.427877 13.416408 48.76474 38.470768 17.262676 41.231056 14.764823 43.737854 7.071068 24.758837 36.40055 13.601471 38.327538 25.179358 25.298222 40.04997 37.94733 0.0
59.07622 0.0 5.0990195 30.232433 35.014282 95.257545 85.42833 31.622776 30.610456 86.764046 47.853943 20.09975 67.00746 48.703182 24.698177 73.78347 25.70992 64.03124 68.88396 39.051247 72.67049 44.64303 52.611786 77.16217 32.280025 96.17692 59.07622
54.405884 5.0990195 0.0 26.832815 30.0 90.35486 80.49844 32.649654 26.172504 81.84131 42.941822 19.235384 62.03225 43.65776 22.36068 69.065186 24.020824 59.548298 63.788715 34.132095 68.007355 42.579338 47.518417 72.11102 30.265491 91.3017 54.405884
32.984844 30.232433 26.832815 0.0 30.0 70.34202 61.188232 27.45906 9.219544 62.369865 26.305893 15.811388 56.35601 30.364452 8.246211 47.434166 11.0 36.249138 50.803543 34.828148 45.88028 18.681541 38.910152 56.0 10.0 70.88018 32.984844
34.928497 35.014282 30.0 30.0 0.0 65.29931 55.31727 53.535034 21.095022 56.727417 21.540659 38.078865 32.06244 18.601076 34.058773 47.434166 37.64306 41.785164 35.341194 5.0 47.169907 47.88528 18.384777 44.94441 39.698868 66.6033 34.928497
37.363083 95.257545 90.35486 70.34202 65.29931 0.0 10.0 95.885345 65.551506 8.602325 47.41308 86.127815 47.539455 47.434166 78.58753 23.194826 81.02469 35.128338 32.449963 64.3506 25.079872 73.0 48.104053 21.633308 76.941536 2.0 37.363083
28.284271 85.42833 80.49844 61.188232 55.31727 10.0 0.0 87.28116 55.97321 1.4142135 37.576588 76.902534 39.293766 37.44329 69.426216 15.297058 72.00694 27.166155 23.259407 54.451813 17.464249 65.27634 38.28838 12.649111 68.26419 11.313708 28.284271
59.07622 31.622776 32.649654 27.45906 53.535034 95.885345 87.28116 0.0 35.735138 88.362885 53.75872 15.6205 83.00603 57.72348 20.248457 72.691124 16.763054 60.827625 78.26238 58.5235 70.85902 25.553865 65.78754 83.15047 19.026299 96.17692 59.07622
28.653097 30.610456 26.172504 9.219544 21.095022 65.551506 55.97321 35.735138 0.0 57.245087 19.104973 22.022715 47.423622 22.203604 15.524175 43.416588 18.973665 33.42155 43.104523 25.806976 42.190044 26.832815 30.083218 49.365982 19.209373 66.309875 28.653097
29.427877 86.764046 81.84131 62.369865 56.727417 8.602325 1.4142135 88.362885 57.245087 0.0 38.910152 78.10249 40.5216 38.832977 70.61161 16.124516 73.1642 28.071337 24.596748 55.86591 18.248287 66.189125 39.698868 13.928389 69.354164 9.899495 29.427877
13.416408 47.853943 42.941822 26.305893 21.540659 47.41308 37.576588 53.75872 19.104973 38.910152 0.0 41.01219 32.55764 5.8309517 34.058773 26.870058 37.215588 20.248457 24.5153 23.345236 26.24881 38.013157 15.811388 30.265491 35.44009 48.373547 13.416408
48.76474 20.09975 19.235384 15.811388 38.078865 86.127815 76.902534 15.6205 22.022715 78.10249 41.01219 0.0 68.30813 44.181442 7.615773 63.245552 6.4031243 52.0 65.12296 43.046486 61.68468 25.079872 51.41984 71.17584 13.038404 86.683334 48.76474
38.470768 67.00746 62.03225 56.35601 32.06244 47.539455 39.293766 83.00603 47.423622 40.5216 32.55764 68.30813 0.0 27.018513 62.76942 41.303753 66.309875 44.38468 17.0 28.01785 42.579338 70.434364 17.492855 26.683329 66.24198 49.396355 38.470768
17.262676 48.703182 43.65776 30.364452 18.601076 47.434166 37.44329 57.72348 22.203604 38.832977 5.8309517 44.181442 27.018513 0.0 37.65634 28.84441 41.0 24.33105 21.0 19.313208 28.653097 43.416588 10.0 28.460499 39.92493 48.60041 17.262676
41.231056 24.698177 22.36068 8.246211 34.058773 78.58753 69.426216 20.248457 15.524175 70.61161 34.058773 7.615773 62.76942 37.65634 0.0 55.65968 3.6055512 44.38468 58.420887 39.051247 54.08327 20.22375 45.54119 64.03124 8.0 79.12016 41.231056
14.764823 73.78347 69.065186 47.434166 47.434166 23.194826 15.297058 72.691124 43.416588 16.124516 26.870058 63.245552 41.303753 28.84441 55.65968 0.0 57.974133 12.0 24.5153 47.88528 2.236068 50.08992 33.526108 18.601076 53.75872 23.537205 14.764823
43.737854 25.70992 24.020824 11.0 37.64306 81.02469 72.00694 16.763054 18.973665 73.1642 37.215588 6.4031243 66.309875 41.0 3.6055512 57.974133 0.0 46.486557 61.66036 42.638012 56.32051 18.973665 49.0408 67.0 6.708204 81.49233 43.737854
7.071068 64.03124 59.548298 36.249138 41.785164 35.128338 27.166155 60.827625 33.42155 28.071337 20.248457 52.0 44.38468 24.33105 44.38468 12.0 46.486557 0.0 29.410883 43.416588 10.049875 38.118237 32.06244 27.45906 41.976185 35.35534 7.071068
24.758837 68.88396 63.788715 50.803543 35.341194 32.449963 23.259407 78.26238 43.104523 24.596748 24.5153 65.12296 17.0 21.0 58.420887 24.5153 61.66036 29.410883 0.0 33.286633 25.96151 61.269894 17.0 10.816654 59.908264 34.132095 24.758837
36.40055 39.051247 34.132095 34.828148 5.0 64.3506 54.451813 58.5235 25.806976 55.86591 23.345236 43.046486 28.01785 19.313208 39.051247 47.88528 42.638012 43.416588 33.286633 0.0 47.853943 52.478565 16.40122 43.416588 44.598206 65.76473 36.40055
13.601471 72.67049 68.007355 45.88028 47.169907 25.079872 17.464249 70.85902 42.190044 18.248287 26.24881 61.68468 42.579338 28.653097 54.08327 2.236068 56.32051 10.049875 25.96151 47.853943 0.0 48.04165 33.955853 20.615528 51.971146 25.317978 13.601471
38.327538 44.64303 42.579338 18.681541 47.88528 73.0 65.27634 25.553865 26.832815 66.189125 38.013157 25.079872 70.434364 43.416588 20.22375 50.08992 18.973665 38.118237 61.269894 52.478565 48.04165 0.0 53.15073 63.600315 12.369317 73.02739 38.327538
25.179358 52.611786 47.518417 38.910152 18.384777 48.104053 38.28838 65.78754 30.083218 39.698868 15.811388 51.41984 17.492855 10.0 45.54119 33.526108 49.0408 32.06244 17.0 16.40122 33.955853 53.15073 0.0 27.018513 48.76474 49.57822 25.179358
25.298222 77.16217 72.11102 56.0 44.94441 21.633308 12.649111 83.15047 49.365982 13.928389 30.265491 71.17584 26.683329 28.460499 64.03124 18.601076 67.0 27.45906 10.816654 43.416588 20.615528 63.600315 27.018513 0.0 64.28063 23.323807 25.298222
40.04997 32.280025 30.265491 10.0 39.698868 76.941536 68.26419 19.026299 19.209373 69.354164 35.44009 13.038404 66.24198 39.92493 8.0 53.75872 6.708204 41.976185 59.908264 44.598206 51.971146 12.369317 48.76474 64.28063 0.0 77.27872 40.04997
37.94733 96.17692 91.3017 70.88018 66.6033 2.0 11.313708 96.17692 66.309875 9.899495 48.373547 86.683334 49.396355 48.60041 79.12016 23.537205 81.49233 35.35534 34.132095 65.76473 25.317978 73.02739 49.57822 23.323807 77.27872 0.0 37.94733
0.0 59.07622 54.405884 32.984844 34.928497 37.363083 28.284271 59.07622 28.653097 29.427877 13.416408 48.76474 38.470768 17.262676 41.231056 14.764823 43.737854 7.071068 24.758837 36.40055 13.601471 38.327538 25.179358 25.298222 40.04997 37.94733 0.0
p
0 0 0 0 0 0
0 0 0 0 0 0
0 0 0 0 0 0
0 0 0 0 0 0
0 0 0 0 0 0
12.0 12.0 12.0 12.0 12.0 12.0
12.0 12.0 12.0 12.0 12.0 12.0
12.0 12.0 12.0 12.0 12.0 12.0
12.0 12.0 12.0 12.0 12.0 12.0
12.0 12.0 12.0 12.0 12.0 12.0
12.0 12.0 12.0 12.0 12.0 12.0
12.0 12.0 12.0 12.0 12.0 12.0
12.0 12.0 12.0 12.0 12.0 12.0
12.0 12.0 12.0 12.0 12.0 12.0
12.0 12.0 12.0 12.0 12.0 12.0
12.0 12.0 12.0 12.0 12.0 12.0
12.0 12.0 12.0 12.0 12.0 12.0
12.0 12.0 12.0 12.0 12.0 12.0
12.0 12.0 12.0 12.0 12.0 12.0
12.0 12.0 12.0 12.0 12.0 12.0
12.0 12.0 12.0 12.0 12.0 12.0
12.0 12.0 12.0 12.0 12.0 12.0
12.0 12.0 12.0 12.0 12.0 12.0
12.0 12.0 12.0 12.0 12.0 12.0
12.0 12.0 12.0 12.0 12.0 12.0
12.0 12.0 12.0 12.0 12.0 12.0
12.0 12.0 12.0 12.0 12.0 12.0
12.0 12.0 12.0 12.0 12.0 12.0
12.0 12.0 12.0 12.0 12.0 12.0
12.0 12.0 12.0 12.0 12.0 12.0
12.0 12.0 12.0 12.0 12.0 12.0
12.0 12.0 12.0 12.0 12.0 12.0
12.0 12.0 12.0 12.0 12.0 12.0
12.0 12.0 12.0 12.0 12.0 12.0
12.0 12.0 12.0 12.0 12.0 12.0
12.0 12.0 12.0 12.0 12.0 12.0
12.0 12.0 12.0 12.0 12.0 12.0
12.0 12.0 12.0 12.0 12.0 12.0
12.0 12.0 12.0 12.0 12.0 12.0
12.0 12.0 12.0 12.0 12.0 12.0
12.0 12.0 12.0 12.0 12.0 12.0
12.0 12.0 12.0 12.0 12.0 12.0
12.0 12.0 12.0 12.0 12.0 12.0
12.0 12.0 12.0 12.0 12.0 12.0
12.0 12.0 12.0 12.0 12.0 12.0
12.0 12.0 12.0 12.0 12.0 12.0
12.0 12.0 12.0 12.0 12.0 12.0
12.0 12.0 12.0 12.0 12.0 12.0
12.0 12.0 12.0 12.0 12.0 12.0
12.0 12.0 12.0 12.0 12.0 12.0
12.0 12.0 12.0 12.0 12.0 12.0
12.0 12.0 12.0 12.0 12.0 12.0
12.0 12.0 12.0 12.0 12.0 12.0
12.0 12.0 12.0 12.0 12.0 12.0
12.0 12.0 12.0 12.0 12.0 12.0
12.0 12.0 12.0 12.0 12.0 12.0
12.0 12.0 12.0 12.0 12.0 12.0
12.0 12.0 12.0 12.0 12.0 12.0
12.0 12.0 12.0 12.0 12.0 12.0
12.0 12.0 12.0 12.0 12.0 12.0
12.0 12.0 12.0 12.0 12.0 12.0
12.0 12.0 12.0 12.0 12.0 12.0
12.0 12.0 12.0 12.0 12.0 12.0
12.0 12.0 12.0 12.0 12.0 12.0
12.0 12.0 12.0 12.0 12.0 12.0
12.0 12.0 12.0 12.0 12.0 12.0
12.0 12.0 12.0 12.0 12.0 12.0
12.0 12.0 12.0 12.0 12.0 12.0
12.0 12.0 12.0 12.0 12.0 12.0
12.0 12.0 12.0 12.0 12.0 12.0
12.0 12.0 12.0 12.0 12.0 12.0
12.0 12.0 12.0 12.0 12.0 12.0
12.0 12.0 12.0 12.0 12.0 12.0
12.0 12.0 12.0 12.0 12.0 12.0
12.0 12.0 12.0 12.0 12.0 12.0
12.0 12.0 12.0 12.0 12.0 12.0
12.0 12.0 12.0 12.0 12.0 12.0
12.0 12.0 12.0 12.0 12.0 12.0
12.0 12.0 12.0 12.0 12.0 12.0
12.0 12.0 12.0 12.0 12.0 12.0
12.0 12.0 12.0 12.0 12.0 12.0
12.0 12.0 12.0 12.0 12.0 12.0
12.0 12.0 12.0 12.0 12.0 12.0
12.0 12.0 12.0 12.0 12.0 12.0
12.0 12.0 12.0 12.0 12.0 12.0
12.0 12.0 12.0 12.0 12.0 12.0
12.0 12.0 12.0 12.0 12.0 12.0
12.0 12.0 12.0 12.0 12.0 12.0
12.0 12.0 12.0 12.0 12.0 12.0
12.0 12.0 12.0 12.0 12.0 12.0
12.0 12.0 12.0 12.0 12.0 12.0
12.0 12.0 12.0 12.0 12.0 12.0
12.0 12.0 12.0 12.0 12.0 12.0
12.0 12.0 12.0 12.0 12.0 12.0
12.0 12.0 12.0 12.0 12.0 12.0
12.0 12.0 12.0 12.0 12.0 12.0
12.0 12.0 12.0 12.0 12.0 12.0
12.0 12.0 12.0 12.0 12.0 12.0
12.0 12.0 12.0 12.0 12.0 12.0
12.0 12.0 12.0 12.0 12.0 12.0
12.0 12.0 12.0 12.0 12.0 12.0
12.0 12.0 12.0 12.0 12.0 12.0
12.0 12.0 12.0 12.0 12.0 12.0
12.0 12.0 12.0 12.0 12.0 12.0
12.0 12.0 12.0 12.0 12.0 12.0
12.0 12.0 12.0 12.0 12.0 12.0
12.0 12.0 12.0 12.0 12.0 12.0
12.0 12.0 12.0 12.0 12.0 12.0
12.0 12.0 12.0 12.0 12.0 12.0
12.0 12.0 12.0 12.0 12.0 12.0
12.0 12.0 12.0 12.0 12.0 12.0
12.0 12.0 12.0 12.0 12.0 12.0
12.0 12.0 12.0 12.0 12.0 12.0
12.0 12.0 12.0 12.0 12.0 12.0
12.0 12.0 12.0 12.0 12.0 12.0
12.0 12.0 12.0 12.0 12.0 12.0
12.0 12.0 12.0 12.0 12.0 12.0
12.0 12.0 12.0 12.0 12.0 12.0
12.0 12.0 12.0 12.0 12.0 12.0
12.0 12.0 12.0 12.0 12.0 12.0
12.0 12.0 12.0 12.0 12.0 12.0
12.0 12.0 12.0 12.0 12.0 12.0
12.0 12.0 12.0 12.0 12.0 12.0
12.0 12.0 12.0 12.0 12.0 12.0
12.0 12.0 12.0 12.0 12.0 12.0
12.0 12.0 12.0 12.0 12.0 12.0
12.0 12.0 12.0 12.0 12.0 12.0
12.0 12.0 12.0 12.0 12.0 12.0
12.0 12.0 12.0 12.0 12.0 12.0
12.0 12.0 12.0 12.0 12.0 12.0
0 0 0 0 0 0
0 0 0 0 0 0
0 0 0 0 0 0
0 0 0 0 0 0
0 0 0 0 0 0
mind
53 30 52 20 60 57 21 1 42 41 4 43 38 11 22 21 41 16 0 0 0 0 57 31 29 38 49
maxd
106 60 104 40 120 114 42 2 84 82 8 86 76 22 44 42 82 32 0 0 0 0 114 62 58 76 98
e
0  76 44 45 124 100 334 448 329 450 174 0 432 468 271 415 382 321 18 267 39 82 404 3 91 158 0
l
600  196 164 165 244 220 454 568 449 570 294 120 552 588 391 535 502 441 138 387 159 202 524 123 211 278 1000
