nbNodes
102
nbVehi
20
nbServi
6
r
1 1 1 1 1 1 
0 0 0 1 0 0 
0 0 0 0 1 0 
0 1 0 0 0 0 
0 0 0 1 0 0 
0 0 1 0 0 0 
0 0 0 0 1 0 
0 0 1 0 0 0 
0 0 0 0 1 0 
0 0 0 0 1 0 
0 0 0 0 1 0 
0 1 0 0 0 0 
0 1 0 0 0 0 
0 1 0 0 0 0 
0 0 0 1 0 0 
1 0 0 0 0 0 
0 0 0 0 1 0 
0 0 1 0 0 0 
1 0 0 0 0 0 
1 0 0 0 0 0 
0 0 0 0 0 1 
0 0 1 0 0 0 
0 0 1 0 0 0 
0 0 0 0 1 0 
0 0 0 0 0 1 
0 0 1 0 0 0 
0 0 0 0 0 1 
0 0 0 0 1 0 
0 0 0 0 0 1 
0 0 0 1 0 0 
0 0 1 0 0 0 
0 1 0 0 0 0 
0 0 0 0 1 0 
1 0 0 0 0 0 
0 0 0 0 1 0 
0 0 0 0 0 1 
0 0 0 1 0 0 
0 0 0 1 0 0 
1 0 0 0 0 0 
0 0 0 1 0 0 
0 0 1 0 0 0 
0 1 0 0 0 0 
0 0 1 0 0 0 
0 1 0 0 0 0 
0 0 0 1 0 0 
0 0 0 1 0 0 
1 0 0 0 0 0 
1 0 0 0 0 0 
1 0 0 0 0 0 
0 0 0 0 1 0 
0 0 0 0 0 1 
0 0 0 0 1 0 
0 0 0 1 0 0 
0 0 1 0 0 0 
0 0 0 1 0 0 
1 0 0 0 0 0 
0 1 0 0 0 0 
0 0 1 0 0 0 
0 1 0 0 0 0 
0 0 1 0 0 0 
0 0 1 0 0 0 
1 0 0 0 0 0 
0 1 0 0 0 0 
0 0 0 0 1 0 
0 0 0 1 0 0 
0 0 0 0 1 0 
1 0 0 0 0 0 
0 0 1 0 0 0 
0 0 0 0 1 0 
0 0 0 0 0 1 
0 0 1 0 0 0 
0 0 0 1 1 0 
0 0 0 1 0 1 
0 0 0 1 0 1 
0 0 0 1 0 1 
0 0 0 1 0 1 
0 0 0 1 1 0 
0 0 0 0 1 1 
0 0 0 1 0 1 
0 0 0 1 1 0 
0 0 0 1 1 0 
0 0 0 1 1 0 
0 0 0 1 1 0 
0 0 0 0 1 1 
0 0 0 0 1 1 
0 0 0 1 1 0 
1 0 0 0 1 0 
0 0 1 0 0 1 
0 0 1 1 0 0 
0 0 1 0 1 0 
1 0 0 0 1 0 
0 0 1 1 0 0 
1 0 0 0 1 0 
0 1 0 0 0 1 
1 0 0 0 1 0 
0 0 1 0 1 0 
0 1 0 0 1 0 
0 1 0 0 1 0 
0 0 1 0 1 0 
0 0 1 0 0 1 
1 0 0 1 0 0 
1 1 1 1 1 1 
DS
72 73 74 75 76 77 78 79 80 81 82 83 84 85 86 87 88 89 90 91 92 93 94 95 96 97 98 99 100 101 
a
1 1 1 0 0 0 
0 1 1 0 0 0 
0 1 1 0 0 0 
0 0 1 0 0 0 
0 0 1 0 0 0 
0 1 0 0 0 0 
0 0 1 0 0 0 
0 0 0 1 1 1 
0 0 0 0 1 1 
0 0 0 0 1 1 
0 0 0 1 1 0 
0 0 0 1 1 1 
0 0 0 1 1 1 
0 0 0 1 1 0 
0 0 0 1 0 1 
0 0 0 1 1 1 
0 0 0 1 0 1 
0 0 0 1 0 1 
0 0 0 1 1 0 
0 0 0 1 1 1 
x
85 47 54 34 78 69 17 62 92 96 76 10 74 98 37 5 0 63 89 75 15 77 77 20 0 52 76 36 58 4 0 86 98 8 65 59 15 22 92 1 88 41 85 79 59 17 74 53 1 36 74 94 94 8 3 67 51 57 77 50 8 90 16 21 34 28 50 95 64 16 88 11 63 79 92 94 23 1 57 7 49 57 83 91 88 77 42 96 70 95 40 35 98 28 2 91 38 5 81 9 0 85 
y
46 7 33 38 2 17 32 17 18 45 44 41 36 29 18 48 33 13 24 0 4 39 19 22 40 8 0 26 31 18 16 25 0 20 46 19 39 8 24 36 41 39 28 19 47 48 8 12 26 47 39 11 9 48 48 34 11 2 49 25 15 34 16 20 1 15 48 17 36 49 3 42 20 1 3 10 5 3 42 29 6 3 18 21 8 3 35 29 36 8 41 8 14 28 36 21 26 39 13 31 0 46 
d
0.00000 54.45181 33.61547 51.62364 44.55334 33.12099 69.42622 37.01351 28.86174 11.04536 9.21954 75.16648 14.86607 21.40093 55.56978 80.02500 85.98837 39.66106 22.36068 47.07441 81.63333 10.63015 28.16026 69.28925 85.21150 50.32892 46.87217 52.92447 30.88689 85.70298 90.13878 21.02380 47.80167 81.27115 20.00000 37.48333 70.34913 73.57309 23.08679 84.59314 5.83095 44.55334 18.00000 27.65863 26.01922 68.02941 39.56008 46.69047 86.34813 49.01020 13.03840 36.13862 38.07887 77.02597 82.02439 21.63331 48.79549 52.15362 8.54400 40.81666 83.00602 13.00000 75.23962 69.07966 68.01470 64.88451 35.05710 30.67572 23.25941 69.06519 43.10452 74.10803 34.05877 45.39824 43.56604 37.10795 74.33034 94.36631 28.28427 79.83107 53.81450 51.31277 28.07134 25.70992 38.11824 43.73786 44.38468 20.24846 18.02776 39.29377 45.27693 62.80127 34.53983 59.77458 83.60024 25.70992 51.07837 80.30567 33.24154 77.46612 96.64885 0.00000 
54.45181 0.00000 26.92582 33.61547 31.40064 24.16609 39.05125 18.02776 46.32494 62.00806 47.01064 50.24938 39.62323 55.54278 14.86607 58.69412 53.71220 17.08801 45.31004 28.86174 32.14032 43.86342 32.31099 30.88689 57.42822 5.09902 29.83287 21.95450 26.40076 44.38468 47.85394 42.95346 51.47815 41.10961 42.95346 16.97056 45.25483 25.01999 48.10405 54.37830 53.26350 32.55764 43.41659 34.17601 41.76123 50.80354 27.01851 7.81025 49.76947 41.48494 41.86884 47.16991 47.04253 56.58622 60.14150 33.60060 5.65685 11.18034 51.61395 18.24829 39.81206 50.77401 32.28002 29.06888 14.31782 20.61553 41.10961 49.03060 33.61547 52.20153 41.19466 50.20956 20.61553 32.55764 45.17743 47.09565 24.08319 46.17359 36.40055 45.65085 2.23607 10.77033 37.64306 46.17359 41.01219 30.26549 28.44293 53.71220 37.01351 48.01042 34.71311 12.04159 51.47815 28.31960 53.53504 46.17359 21.02380 52.80152 34.52535 44.94441 47.51842 54.45181 
33.61547 26.92582 0.00000 20.61553 39.20459 21.93171 37.01351 17.88854 40.85340 43.68066 24.59675 44.72136 20.22375 44.18144 22.67157 51.24451 54.00000 21.93171 36.13862 39.11521 48.60041 23.76973 26.92582 35.73514 54.45181 25.07987 39.66106 19.31321 4.47214 52.20153 56.61272 32.98485 55.00000 47.80167 17.02939 14.86607 39.45884 40.60788 39.05125 53.08484 34.92850 14.31782 31.40064 28.65310 14.86607 39.92493 32.01562 21.02380 53.46027 22.80351 20.88061 45.65085 46.64762 48.38388 53.16014 13.03840 22.20360 31.14482 28.01785 8.94427 49.39636 36.01389 41.62932 35.46830 37.73592 31.62278 15.52417 44.01136 10.44031 41.23106 45.34314 43.93177 15.81139 40.60788 48.41487 46.14109 41.77320 60.90156 9.48683 47.16991 27.45906 30.14963 32.64966 38.89730 42.20190 37.80212 12.16553 42.19005 16.27882 48.02083 16.12452 31.40064 47.92703 26.47640 52.08647 38.89730 17.46425 49.36598 33.60060 45.04442 63.28507 33.61547 
51.62364 33.61547 20.61553 0.00000 56.85068 40.81666 18.02776 35.00000 61.35145 62.39391 42.42641 24.18677 40.04997 64.62971 20.22375 30.67572 34.36568 38.28838 56.75385 55.90170 38.94868 43.01163 47.01064 21.26029 34.05877 34.98571 56.63921 12.16553 25.00000 36.05551 40.49691 53.60037 74.43118 31.62278 32.01562 31.40064 19.02630 32.31099 59.66574 33.06055 54.08327 7.07107 51.97115 48.84670 26.57066 19.72308 50.00000 32.20248 35.11410 9.21954 40.01250 65.79514 66.64083 27.85678 32.57299 33.24154 31.90611 42.72002 44.38468 20.61553 34.71311 56.14268 28.42534 22.20360 37.00000 23.76973 18.86796 64.51356 30.06659 21.09502 64.35060 23.34524 34.13210 58.25805 67.74216 66.21178 34.78505 48.10405 23.34524 28.46050 35.34119 41.88078 52.92447 59.48109 61.77378 55.44367 8.54400 62.64982 36.05551 67.97794 6.70820 30.01666 68.35203 11.66190 32.06244 59.48109 12.64911 29.01724 53.23533 25.96151 50.99020 51.62364 
44.55334 31.40064 39.20459 56.85068 0.00000 17.49286 67.97794 21.93171 21.26029 46.61545 42.04759 78.39005 34.23449 33.60060 44.01136 86.28441 83.93450 18.60108 24.59675 3.60555 63.03174 37.01351 17.02939 61.35145 86.76405 26.68333 2.82843 48.37355 35.22783 75.70997 79.24645 24.35159 20.09975 72.27724 45.88028 25.49510 73.06162 56.32051 26.07681 84.17244 40.26164 52.32590 26.92582 17.02939 48.84670 76.40026 7.21110 26.92582 80.65358 61.55485 37.21559 18.35756 17.46425 83.76157 87.98295 33.83785 28.46050 21.00000 47.01064 36.23534 71.19691 34.17601 63.56099 59.77458 44.01136 51.66237 53.85165 22.67157 36.76955 77.80103 10.04988 78.03204 23.43075 1.41421 14.03567 17.88854 55.08176 77.00649 45.17743 75.96052 29.27456 21.02380 16.76305 23.02173 11.66190 1.41421 48.83646 32.44996 34.92850 18.02776 54.45181 43.41659 23.32381 56.35601 83.25863 23.02173 46.64762 81.84131 11.40175 74.84651 78.02564 44.55334 
33.12099 24.16609 21.93171 40.81666 17.49286 0.00000 54.12024 7.00000 23.02173 38.89730 27.89265 63.69458 19.64688 31.38471 32.01562 71.11259 70.83078 7.21110 21.18962 18.02776 55.54278 23.40940 8.24621 49.25444 72.73239 19.23538 18.38478 34.20526 17.80449 65.00769 69.00725 18.78829 33.61547 61.07373 29.27456 10.19804 58.30952 47.85394 24.04163 70.60453 30.61046 35.60899 19.41649 10.19804 31.62278 60.53924 10.29563 16.76305 68.59300 44.59821 22.56103 25.70992 26.24881 68.42514 72.91776 17.11724 18.97367 19.20937 32.98485 20.61553 61.03278 27.01851 53.00943 48.09366 38.48376 41.04875 36.35932 26.00000 19.64688 61.91123 23.60085 63.15853 6.70820 18.86796 26.92582 25.96151 47.53946 69.42622 27.73085 63.15061 22.82542 18.43909 14.03567 22.36068 21.02380 16.12452 32.44996 29.54657 19.02630 27.51363 37.64306 35.17101 29.15476 42.44997 69.64194 22.36068 32.28002 67.67570 12.64911 61.61169 71.06335 33.12099 
69.42622 39.05125 37.01351 18.02776 67.97794 54.12024 0.00000 47.43416 76.29548 80.06248 60.20797 11.40175 57.14018 81.05554 24.41311 20.00000 17.02939 49.76947 72.44308 66.24198 28.07134 60.40695 61.39218 10.44031 18.78829 42.43819 67.11930 19.92486 41.01219 19.10497 23.34524 69.35416 87.09191 15.00000 50.00000 43.96590 7.28011 24.51530 75.42546 16.49242 71.56815 25.00000 68.11755 63.34824 44.59821 16.00000 61.84658 41.18252 17.08801 24.20744 57.42822 79.81228 80.36168 18.35756 21.26029 50.03998 39.96248 50.00000 62.36185 33.73426 19.23538 73.02739 16.03122 12.64911 35.35534 20.24846 36.67424 79.42921 47.16991 17.02939 76.69420 11.66190 47.53946 69.31811 80.41144 80.08121 27.65863 33.12099 41.23106 10.44031 41.23106 49.40648 67.46851 74.81310 74.94665 66.64083 25.17936 79.05694 53.15073 81.60882 24.69818 30.00000 82.97590 11.70470 15.52417 74.81310 21.84033 13.89244 66.76077 8.06226 36.23534 69.42622 
37.01351 18.02776 17.88854 35.00000 21.93171 7.00000 47.43416 0.00000 30.01666 44.04543 30.41381 57.27128 22.47221 37.94733 25.01999 64.88451 64.03124 4.12311 27.89265 21.40093 48.76474 26.62705 15.13275 42.29657 66.12866 13.45362 22.02272 27.51363 14.56022 58.00862 62.00806 25.29822 39.81206 54.08327 29.15476 3.60555 51.89412 41.00000 30.80584 63.89053 35.38361 30.41381 25.49510 17.11724 30.14963 54.64430 15.00000 10.29563 61.66036 39.69887 25.05993 32.55764 32.98485 62.26556 66.64833 17.72005 12.52996 15.81139 35.34119 14.42221 54.03702 32.75668 46.01087 41.10961 32.24903 34.05877 33.24154 33.00000 19.10497 56.03570 29.52965 56.79789 3.16228 23.34524 33.10589 32.75668 40.80441 62.58594 25.49510 56.29387 17.02939 14.86607 21.02380 29.27456 27.51363 20.51828 26.90725 36.05551 20.61553 34.20526 32.55764 28.46050 36.12478 35.73514 62.93648 29.27456 25.63201 61.09828 19.41649 54.81788 64.28841 37.01351 
28.86174 46.32494 40.85340 61.35145 21.26029 23.02173 76.29548 30.01666 0.00000 27.29469 30.52868 85.16455 25.45584 12.52996 55.00000 92.02717 93.21481 29.42788 6.70820 24.75884 78.26238 25.80698 15.03330 72.11103 94.59387 41.23106 24.08319 56.56854 36.40055 88.00000 92.02174 9.21954 18.97367 84.02381 38.89730 33.01515 79.81228 70.71068 6.00000 92.76314 23.34524 55.15433 12.20656 13.03840 43.93177 80.77747 20.59126 39.45884 91.35097 63.06346 27.65863 7.28011 9.21954 89.19641 93.92018 29.68164 41.59327 38.48376 34.43835 42.57934 84.05355 16.12452 76.02631 71.02816 60.44005 64.07027 51.61395 3.16228 33.28663 82.07923 15.52417 84.48077 29.06888 21.40093 15.00000 8.24621 70.21396 92.22798 42.43819 85.70881 44.64303 38.07887 9.00000 3.16228 10.77033 21.21320 52.81098 11.70470 28.42534 10.44031 56.85948 57.87055 7.21110 64.77654 91.78235 3.16228 54.58938 89.49860 12.08305 84.01190 93.74433 28.86174 
11.04536 62.00806 43.68066 62.39391 46.61545 38.89730 80.06248 44.04543 27.29469 0.00000 20.02498 86.09297 23.76973 16.12452 64.88451 91.04944 96.74709 45.96738 22.13594 49.65884 90.78546 19.92486 32.20248 79.40403 96.13012 57.48913 49.24429 62.93648 40.49691 95.88013 100.28460 22.36068 45.04442 91.48224 31.01612 45.22168 81.22192 82.73452 21.37756 95.42536 8.94427 55.32630 20.24846 31.06445 37.05401 79.05694 43.04649 54.20332 96.88137 60.03332 22.80351 34.05877 36.05551 88.05112 93.04837 31.01612 56.40035 58.05170 19.41649 50.15974 92.97311 12.52996 85.09407 79.05694 76.02631 74.32362 46.09772 28.01785 33.24154 80.09994 42.75512 85.05292 41.40048 47.16991 42.19005 35.05710 83.24062 103.87011 39.11521 90.42677 61.07373 57.31492 29.96665 24.51530 37.85499 46.09772 54.91812 16.00000 27.51363 37.01351 56.14268 71.34424 31.06445 70.09280 94.42987 24.51530 61.03278 91.19759 35.34119 88.11924 106.02358 11.04536 
9.21954 47.01064 24.59675 42.42641 42.04759 27.89265 60.20797 30.41381 30.52868 20.02498 0.00000 66.06815 8.24621 26.62705 46.87217 71.11259 76.79193 33.61547 23.85372 44.01136 72.94518 5.09902 25.01999 60.16644 76.10519 43.26662 44.00000 43.86342 22.20360 76.55064 80.99383 21.47091 49.19350 72.11103 11.18034 30.23243 61.20457 64.89992 25.61250 75.42546 12.36932 35.35534 18.35756 25.17936 17.26268 59.13544 36.05551 39.40812 77.12976 40.11234 5.38516 37.58989 39.35734 68.11755 73.10951 13.45362 41.40048 46.09772 5.09902 32.20248 73.92564 17.20465 66.21178 60.00833 60.10824 56.08030 26.30589 33.01515 14.42221 60.20797 42.72002 65.03076 27.29469 43.10452 44.01136 38.47077 65.80274 85.47514 19.10497 70.61161 46.61545 45.18849 26.92582 27.45906 37.94733 41.01219 35.17101 25.00000 10.00000 40.70626 36.12478 54.56189 37.20215 50.59644 74.43118 27.45906 42.04759 71.17584 31.40064 68.24954 87.81799 9.21954 
75.16648 50.24938 44.72136 24.18677 78.39005 63.69458 11.40175 57.27128 85.16455 86.09297 66.06815 0.00000 64.19502 88.81441 35.46830 8.60233 12.80625 59.94164 80.80842 76.85050 37.33631 67.02984 70.51950 21.47091 10.04988 53.41348 77.69813 30.01666 49.03060 23.76973 26.92582 77.66595 97.08244 21.09502 55.22681 53.71220 5.38516 35.11410 83.74366 10.29563 78.00000 31.06445 76.11833 72.42237 49.36598 9.89949 72.00694 51.86521 17.49286 26.68333 64.03124 89.19641 89.88882 7.28011 9.89949 57.42822 50.80354 61.07373 67.47592 43.08132 26.07681 80.30567 25.70992 23.70654 46.64762 31.62278 40.60788 88.32327 54.23099 10.00000 86.76405 1.41421 57.00877 79.75588 90.37699 89.53770 38.27532 39.05125 47.01064 12.36932 52.40229 60.44005 76.53757 83.43261 84.69357 77.02597 32.55764 86.83317 60.20797 91.18114 30.00000 41.40048 92.04890 22.20360 9.43398 83.43261 31.76476 5.38516 76.32169 10.04988 42.20190 75.16648 
14.86607 39.62323 20.22375 40.04997 34.23449 19.64688 57.14018 22.47221 25.45584 23.76973 8.24621 64.19502 0.00000 25.00000 41.14608 70.03571 74.06079 25.49510 19.20937 36.01389 67.11930 4.24264 17.26268 55.78530 74.10803 35.60899 36.05551 39.29377 16.76305 72.27724 76.65507 16.27882 43.26662 67.91171 13.45362 22.67157 59.07622 59.05929 21.63331 73.00000 14.86607 33.13608 13.60147 17.72005 18.60108 58.24946 28.00000 31.89044 73.68175 39.56008 3.00000 32.01562 33.60060 67.08204 72.00694 7.28011 33.97058 38.01316 13.34166 26.40076 69.26038 16.12452 61.35145 55.36244 53.15073 50.56679 26.83282 28.31960 10.00000 59.43904 35.84690 63.28507 19.41649 35.35534 37.58989 32.80244 59.68249 80.11242 18.02776 67.36468 39.05125 37.12142 20.12461 22.67157 31.30495 33.13608 32.01562 23.08679 4.00000 35.00000 34.36568 48.01042 32.55764 46.69047 72.00000 22.67157 37.36308 69.06519 24.04163 65.19202 82.29216 14.86607 
21.40093 55.54278 44.18144 64.62971 33.60060 31.38471 81.05554 37.94733 12.52996 16.12452 26.62705 88.81441 25.00000 0.00000 61.98387 94.92102 98.08160 38.48376 10.29563 37.01351 86.68333 23.25941 23.25941 78.31347 98.61541 50.56679 36.40055 62.07254 40.04997 94.64143 98.85848 12.64911 29.00000 90.44888 37.12142 40.26164 83.60024 78.84795 7.81025 97.25225 15.62050 57.87055 13.03840 21.47091 42.95346 83.19856 31.89044 48.10405 97.04638 64.56005 26.00000 18.43909 20.39608 91.98369 96.88137 31.40064 50.32892 49.09175 29.00000 48.16638 91.08238 9.43398 83.02409 77.52419 69.85700 71.38627 51.62364 12.36932 34.71311 84.40379 27.85678 87.96590 36.13862 33.83785 26.68333 19.41649 78.74643 100.42410 43.01163 91.00000 54.12947 48.54894 18.60108 10.63015 23.25941 33.42155 56.32051 2.00000 28.86174 21.21320 59.22837 66.40783 15.00000 70.00714 96.25487 10.63015 60.07495 93.53609 23.34524 89.02247 102.20078 21.40093 
55.56978 14.86607 22.67157 20.22375 44.01136 32.01562 24.41311 25.01999 55.00000 64.88451 46.87217 35.46830 41.14608 61.98387 0.00000 43.86342 39.92493 26.47640 52.34501 42.04759 26.07681 45.17743 40.01250 17.46425 43.04649 18.02776 42.95346 8.06226 24.69818 33.00000 37.05401 49.49747 63.60031 29.06888 39.59798 22.02272 30.41381 18.02776 55.32630 40.24922 55.94640 21.37756 49.03060 42.01190 36.40055 36.05551 38.32754 17.08801 36.87818 29.01724 42.54409 57.42822 57.70615 41.72529 45.34314 34.00000 15.65248 25.61250 50.60632 14.76482 29.15476 55.36244 21.09502 16.12452 17.26268 9.48683 32.69557 58.00862 32.44996 37.44329 53.16014 35.38361 26.07681 45.31004 57.00877 57.55867 19.10497 39.00000 31.24100 31.95309 16.97056 25.00000 46.00000 54.08327 51.97115 42.72002 17.72005 60.01666 37.58989 58.85576 23.19483 10.19804 61.13101 13.45362 39.35734 54.08327 8.06226 38.27532 44.28318 30.87070 41.14608 55.56978 
80.02500 58.69412 51.24451 30.67572 86.28441 71.11259 20.00000 64.88451 92.02717 91.04944 71.11259 8.60233 70.03571 94.92102 43.86342 0.00000 15.81139 67.74216 87.36132 84.87638 45.12206 72.56032 77.62087 30.01666 9.43398 61.71710 85.70298 38.01316 55.65968 30.01666 32.38827 84.20214 104.65658 28.16026 60.03332 61.29437 13.45362 43.46263 90.24965 12.64911 83.29466 37.10795 82.46211 79.47956 54.00926 12.00000 79.75588 60.00000 22.36068 31.01612 69.58448 96.38465 97.16995 3.00000 2.00000 63.56099 59.03389 69.42622 72.00694 50.53712 33.13608 86.14523 33.83785 32.24903 55.22681 40.22437 45.00000 95.18929 60.20797 11.04536 94.41398 8.48528 64.40497 87.66413 97.94897 96.77293 46.61545 45.17743 52.34501 19.10497 60.82763 68.76772 83.57033 90.13878 92.13577 84.90583 39.21734 92.96236 66.09841 98.48858 35.69314 50.00000 99.02020 30.47950 12.36932 90.13878 39.66106 9.00000 83.67198 17.46425 48.25971 80.02500 
85.98837 53.71220 54.00000 34.36568 83.93450 70.83078 17.02939 64.03124 93.21481 96.74709 76.79193 12.80625 74.06079 98.08160 39.92493 15.81139 0.00000 66.09841 89.45390 81.93900 32.64966 77.23341 78.26238 22.82542 7.00000 57.69749 82.85530 36.67424 58.03447 15.52417 17.00000 86.37129 103.40696 15.26434 66.28725 60.63827 16.15549 33.30165 92.43917 3.16228 88.36289 41.43670 85.14693 80.23092 60.63827 22.67157 78.10890 57.00877 7.07107 38.62642 74.24284 96.54015 97.01546 17.00000 15.29706 67.00746 55.54278 64.88451 78.64477 50.63596 19.69772 90.00556 23.34524 24.69818 46.69047 33.28663 52.20153 96.33795 64.07027 22.62742 92.97311 14.21267 64.32729 85.23497 96.76776 96.77293 36.23534 30.01666 57.70615 8.06226 55.94640 64.41273 84.34453 91.78780 91.48224 82.63776 42.04759 96.08330 70.06426 98.23441 40.79216 43.01163 99.82485 28.44293 3.60555 91.78780 38.63936 7.81025 83.43261 9.21954 33.00000 85.98837 
39.66106 17.08801 21.93171 38.28838 18.60108 7.21110 49.76947 4.12311 29.42788 45.96738 33.61547 59.94164 25.49510 38.48376 26.47640 67.74216 66.09841 0.00000 28.23119 17.69181 48.83646 29.52965 15.23155 43.93177 68.54196 12.08305 18.38478 29.96665 18.68154 59.21149 63.07139 25.94224 37.33631 55.44367 33.06055 7.21110 54.58938 41.30375 31.01612 66.12866 37.53665 34.05877 26.62705 17.08801 34.23449 57.80138 12.08305 10.04988 63.34824 43.41659 28.23119 31.06445 31.25700 65.19202 69.46222 21.37756 12.16553 12.52996 38.62642 17.69181 55.03635 34.20526 47.09565 42.57934 31.38471 35.05710 37.33631 32.24903 23.02173 59.20304 26.92582 59.53990 7.00000 20.00000 30.67572 31.14482 40.79216 62.80127 29.61419 58.24088 15.65248 11.66190 20.61553 29.12044 25.49510 17.20465 30.41381 36.67424 24.04163 32.38827 36.23534 28.44293 35.01428 38.07887 65.19202 29.12044 28.17801 63.56099 18.00000 56.92100 64.32729 39.66106 
22.36068 45.31004 36.13862 56.75385 24.59675 21.18962 72.44308 27.89265 6.70820 22.13594 23.85372 80.80842 19.20937 10.29563 52.34501 87.36132 89.45390 28.23119 0.00000 27.78489 76.65507 19.20937 13.00000 69.02898 90.42677 40.31129 27.29469 53.03772 31.78050 85.21150 89.35883 3.16228 25.63201 81.09871 32.55764 30.41381 75.50497 68.88396 3.00000 88.81441 17.02939 50.28916 5.65685 11.18034 37.80212 75.89466 21.93171 37.94733 88.02272 57.77543 21.21320 13.92839 15.81139 84.48077 89.28606 24.16609 40.16217 38.83298 27.73085 39.01282 81.49847 10.04988 73.43705 68.11755 59.61543 61.66036 45.79301 9.21954 27.73085 77.16217 21.02380 80.04998 26.30589 25.07987 21.21320 14.86607 68.68042 90.47099 36.71512 82.15230 43.86342 38.27532 8.48528 3.60555 16.03122 24.18677 48.27007 8.60233 22.47221 17.08801 51.86521 56.32051 13.45362 61.13101 87.82369 3.60555 51.03920 85.32878 13.60147 80.30567 92.17917 22.36068 
47.07441 28.86174 39.11521 55.90170 3.60555 18.02776 66.24198 21.40093 24.75884 49.65884 44.01136 76.85050 36.01389 37.01351 42.04759 84.87638 81.93900 17.69181 27.78489 0.00000 60.13319 39.05125 19.10497 59.23681 85.00000 24.35159 1.00000 46.87217 35.35534 73.24616 76.68768 27.31300 23.00000 69.92138 47.07441 24.83948 71.56116 53.60037 29.41088 82.29216 43.01163 51.73973 29.73214 19.41649 49.64877 75.28612 8.06226 25.05993 78.43469 61.07373 39.01282 21.95450 21.02380 82.41966 86.53323 34.92850 26.40076 18.11077 49.04080 35.35534 68.65858 37.16181 61.13101 57.58472 41.01219 49.33559 54.12024 26.24881 37.64306 76.69420 13.34166 76.55064 23.32381 4.12311 17.26268 21.47091 52.23983 74.06079 45.69464 73.92564 26.68333 18.24829 19.69772 26.40076 15.26434 3.60555 48.10405 35.80503 36.34556 21.54066 53.90733 40.79216 26.92582 54.70832 81.39410 26.40076 45.22168 80.13114 14.31782 72.91776 75.00000 47.07441 
81.63333 32.14032 48.60041 38.94868 63.03174 55.54278 28.07134 48.76474 78.26238 90.78546 72.94518 37.33631 67.11930 86.68333 26.07681 45.12206 32.64966 48.83646 76.65507 60.13319 0.00000 71.19691 63.78871 18.68154 39.00000 37.21559 61.13101 30.41381 50.77401 17.80449 19.20937 74.04053 83.09633 17.46425 65.29931 46.48656 35.00000 8.06226 79.55501 34.92850 81.84131 43.60046 74.00000 65.73431 61.52235 44.04543 59.13544 38.83298 26.07681 47.85394 68.60029 79.30952 79.15807 44.55334 45.60702 60.03332 36.67424 42.04759 76.60940 40.81666 13.03840 80.77747 12.04159 17.08801 19.23538 17.02939 56.22277 81.04937 58.52350 45.01111 73.00685 38.20995 50.59644 64.07027 77.00649 79.22752 8.06226 14.03567 56.63921 26.24881 34.05877 42.01190 69.42622 77.87811 73.10951 62.00806 41.10961 84.77028 63.63175 80.09994 44.65423 20.39608 83.60024 27.29469 34.53983 77.87811 31.82766 36.40055 66.61081 27.65863 15.52417 81.63333 
10.63015 43.86342 23.76973 43.01163 37.01351 23.40940 60.40695 26.62705 25.80698 19.92486 5.09902 67.02984 4.24264 23.25941 45.17743 72.56032 77.23341 29.52965 19.20937 39.05125 71.19691 0.00000 20.00000 59.48109 77.00649 39.82462 39.01282 43.01163 20.61553 75.96052 80.36168 16.64332 44.29447 71.56815 13.89244 26.90725 62.00000 63.13478 21.21320 76.05919 11.18034 36.00000 13.60147 20.09975 19.69772 60.67125 31.14482 36.12478 77.10383 41.77320 3.00000 32.75668 34.48188 69.58448 74.54529 11.18034 38.20995 42.05948 10.00000 30.41381 73.05477 13.92839 65.19202 59.13544 57.38467 54.56189 28.46050 28.42534 13.34166 61.81424 37.64306 66.06815 23.60085 38.05260 39.00000 33.61547 63.81222 84.09518 20.22375 70.71068 43.27817 41.18252 21.84033 22.80351 32.89377 36.00000 35.22783 21.47091 7.61577 35.84690 37.05401 52.20153 32.64966 50.21952 75.05998 22.80351 41.10961 72.00000 26.30589 68.46897 86.31338 10.63015 
28.16026 32.31099 26.92582 47.01064 17.02939 8.24621 61.39218 15.13275 15.03330 32.20248 25.01999 70.51950 17.26268 23.25941 40.01250 77.62087 78.26238 15.23155 13.00000 19.10497 63.78871 20.00000 0.00000 57.07889 79.81228 27.31300 19.02630 41.59327 22.47221 73.00685 77.05842 10.81665 28.31960 69.00725 29.54657 18.00000 65.14599 56.08921 15.81139 77.87811 24.59675 41.18252 12.04159 2.00000 33.28663 66.64083 11.40175 25.00000 76.32169 49.64877 20.22375 18.78829 19.72308 74.84651 79.47956 18.02776 27.20294 26.24881 30.00000 27.65863 69.11584 19.84943 61.07373 56.00893 46.61545 49.16299 39.62323 18.11077 21.40093 67.97794 19.41649 69.89278 14.03567 18.11077 21.93171 19.23538 55.78530 77.66595 30.47950 70.71068 30.87070 25.61250 6.08276 14.14214 15.55635 16.00000 38.48376 21.47091 18.38478 21.09502 43.04649 43.41659 21.58703 49.81967 76.90254 14.14214 39.62323 74.72617 7.21110 69.05071 79.30952 28.16026 
69.28925 30.88689 35.73514 21.26029 61.35145 49.25444 10.44031 42.29657 72.11103 79.40403 60.16644 21.47091 55.78530 78.31347 17.46425 30.01666 22.82542 43.93177 69.02898 59.23681 18.68154 59.48109 57.07889 0.00000 26.90725 34.92850 60.16644 16.49242 39.05125 16.49242 20.88061 66.06815 81.04320 12.16553 51.00000 39.11521 17.72005 14.14214 72.02777 23.60085 70.60453 27.01851 65.27634 59.07622 46.32494 26.17250 55.78530 34.48188 19.41649 29.68164 56.61272 74.81310 75.13322 28.63564 31.06445 48.50773 32.89377 42.05948 63.07139 30.14963 13.89244 71.02112 7.21110 2.23607 25.23886 10.63015 39.69887 75.16648 46.17359 27.29469 70.60453 21.93171 43.04649 62.62587 74.46476 74.96666 17.26268 26.87006 42.05948 14.76482 33.12099 41.59327 63.12686 71.00704 69.42622 60.08328 25.55386 76.32169 51.92302 76.29548 27.58623 20.51828 78.40918 10.00000 22.80351 71.00704 18.43909 22.67157 61.66036 14.21267 29.73214 69.28925 
85.21150 57.42822 54.45181 34.05877 86.76405 72.73239 18.78829 66.12866 94.59387 96.13012 76.10519 10.04988 74.10803 98.61541 43.04649 9.43398 7.00000 68.54196 90.42677 85.00000 39.00000 77.00649 79.81228 26.90725 0.00000 61.05735 85.88364 38.62642 58.69412 22.36068 24.00000 87.29834 105.84895 21.54066 65.27634 62.62587 15.03330 38.83298 93.38094 4.12311 88.00568 41.01219 85.84288 81.74350 59.41380 18.78829 80.62258 59.94164 14.03567 36.67424 74.00676 98.37174 98.97980 11.31371 8.54400 67.26812 58.66856 68.50547 77.52419 52.20153 26.24881 90.19978 28.84441 29.00000 51.73973 37.53665 50.63596 97.74457 64.12488 18.35756 95.46203 11.18034 66.09841 88.10221 99.16148 98.67117 41.88078 37.01351 57.03508 13.03840 59.64059 67.95587 85.86617 92.96236 93.63760 85.42833 42.29657 96.62815 70.11419 100.24470 40.01250 47.42362 101.39033 30.46309 4.47214 92.96236 40.49691 5.09902 85.38150 12.72792 40.00000 85.21150 
50.32892 5.09902 25.07987 34.98571 26.68333 19.23538 42.43819 13.45362 41.23106 57.48913 43.26662 53.41348 35.60899 50.56679 18.02776 61.71710 57.69749 12.08305 40.31129 24.35159 37.21559 39.82462 27.31300 34.92850 61.05735 0.00000 25.29822 24.08319 23.76973 49.03060 52.61179 38.01316 46.69047 45.60702 40.16217 13.03840 48.27007 30.00000 43.08132 58.18075 48.83646 32.89377 38.58756 29.15476 39.62323 53.15073 22.00000 4.12311 54.08327 42.15448 38.01316 42.10701 42.01190 59.46427 63.25346 30.01666 3.16228 7.81025 48.02083 17.11724 44.55334 46.04346 36.87818 33.24154 19.31321 25.00000 40.04997 43.93177 30.46309 54.56189 36.34556 53.26350 16.27882 27.89265 40.31129 42.04759 29.15476 51.24451 34.36568 49.65884 3.60555 7.07107 32.57299 41.10961 36.00000 25.49510 28.79236 48.75449 33.28663 43.00000 35.11410 17.00000 46.38965 31.24100 57.30620 41.10961 22.80351 56.30275 29.42788 48.76474 52.61179 50.32892 
46.87217 29.83287 39.66106 56.63921 2.82843 18.38478 67.11930 22.02272 24.08319 49.24429 44.00000 77.69813 36.05551 36.40055 42.95346 85.70298 82.85530 18.38478 27.29469 1.00000 61.13101 39.01282 19.02630 60.16644 85.88364 25.29822 0.00000 47.70744 35.84690 74.21590 77.66595 26.92582 22.00000 70.88018 47.29693 25.49510 72.40166 54.58938 28.84441 83.19255 42.72002 52.40229 29.41088 19.23538 49.98000 76.05919 8.24621 25.94224 79.37884 61.71710 39.05125 21.09502 20.12461 83.23461 87.36704 35.17101 27.31300 19.10497 49.01020 36.06938 69.63476 36.76955 62.09670 58.52350 42.01190 50.28916 54.58938 25.49510 37.94733 77.46612 12.36932 77.38863 23.85372 3.16228 16.27882 20.59126 53.23533 75.05998 46.09772 74.84651 27.65863 19.23538 19.31321 25.80698 14.42221 3.16228 48.79549 35.22783 36.49658 20.61553 54.56189 41.77320 26.07681 55.56978 82.29216 25.80698 46.04346 81.00617 13.92839 73.82412 76.00000 46.87217 
52.92447 21.95450 19.31321 12.16553 48.37355 34.20526 19.92486 27.51363 56.56854 62.93648 43.86342 30.01666 39.29377 62.07254 8.06226 38.01316 36.67424 29.96665 53.03772 46.87217 30.41381 43.01163 41.59327 16.49242 38.62642 24.08319 47.70744 0.00000 22.56103 32.98485 37.36308 50.01000 67.23095 28.63564 35.22783 24.04163 24.69818 22.80351 56.03570 36.40055 54.12024 13.92839 49.04080 43.56604 31.14482 29.06888 42.04759 22.02272 35.00000 21.00000 40.16217 59.90826 60.44005 35.60899 39.66106 32.01562 21.21320 31.89044 47.01064 14.03567 30.08322 54.58938 22.36068 16.15549 25.07987 13.60147 26.07681 59.68249 29.73214 30.47950 56.85948 29.68164 27.65863 49.73932 60.53924 60.16644 24.69818 41.88078 26.40076 29.15476 23.85372 31.14482 47.67599 55.22681 55.02727 47.01064 10.81665 60.07495 35.44009 61.68468 15.52417 18.02776 63.15061 8.24621 35.44009 55.22681 2.00000 33.61547 46.84015 27.45906 44.40721 52.92447 
30.88689 26.40076 4.47214 25.00000 35.22783 17.80449 41.01219 14.56022 36.40055 40.49691 22.20360 49.03060 16.76305 40.04997 24.69818 55.65968 58.03447 18.68154 31.78050 35.35534 50.77401 20.61553 22.47221 39.05125 58.69412 23.76973 35.84690 22.56103 0.00000 55.54278 59.90826 28.63564 50.60632 51.19570 16.55295 12.04159 43.73786 42.72002 34.71311 57.21888 31.62278 18.78829 27.16616 24.18677 16.03122 44.38468 28.01785 19.64688 57.21888 27.20294 17.88854 41.18252 42.19005 52.81098 57.56735 9.48683 21.18962 29.01724 26.17250 10.00000 52.49762 32.14032 44.59821 38.60052 38.41875 34.00000 18.78829 39.56008 7.81025 45.69464 41.03657 48.27007 12.08305 36.61967 44.04543 41.67733 43.60046 63.50591 11.04536 51.03920 26.57066 28.01785 28.17801 34.48188 37.80212 33.83785 16.49242 38.05260 13.00000 43.56604 20.59126 32.52691 43.46263 30.14963 56.22277 34.48188 20.61553 53.60037 29.20616 49.00000 65.76473 30.88689 
85.70298 44.38468 52.20153 36.05551 75.70997 65.00769 19.10497 58.00862 88.00000 95.88013 76.55064 23.76973 72.27724 94.64143 33.00000 30.01666 15.52417 59.21149 85.21150 73.24616 17.80449 75.96052 73.00685 16.49242 22.36068 49.03060 74.21590 32.98485 55.54278 0.00000 4.47214 82.29824 95.70789 4.47214 67.11930 55.00909 23.70654 20.59126 88.20431 18.24829 87.09191 42.54409 81.61495 75.00667 62.17717 32.69557 70.71068 49.36598 8.54400 43.18565 73.08215 90.27181 90.44888 30.26549 30.01666 65.00000 47.51842 55.36244 79.30952 46.52956 5.00000 87.47571 12.16553 17.11724 34.48188 24.18677 54.91812 91.00549 62.64184 33.24154 85.32878 25.00000 59.03389 76.90254 89.26926 90.35486 23.02173 15.29706 58.18075 11.40175 46.57252 55.08176 79.00000 87.05171 84.59314 74.52516 41.62932 92.65528 68.41053 91.54780 42.72002 32.57299 94.08507 26.00000 18.11077 87.05171 34.92850 21.02380 77.16217 13.92839 18.43909 85.70298 
90.13878 47.85394 56.61272 40.49691 79.24645 69.00725 23.34524 62.00806 92.02174 100.28460 80.99383 26.92582 76.65507 98.85848 37.05401 32.38827 17.00000 63.07139 89.35883 76.68768 19.20937 80.36168 77.05842 20.88061 24.00000 52.61179 77.66595 37.36308 59.90826 4.47214 0.00000 86.46965 99.29753 8.94427 71.58911 59.07622 27.45906 23.40940 92.34717 20.02498 91.48224 47.01064 85.84288 79.05694 66.64833 36.23534 74.43118 53.15073 10.04988 47.50789 77.49194 94.13288 94.26028 32.98485 32.14032 69.37579 51.24451 58.69412 83.77350 50.80354 8.06226 91.78235 16.00000 21.37756 37.16181 28.01785 59.36329 95.00526 67.05222 36.67424 88.95504 28.23119 63.12686 80.41144 92.91394 94.19129 25.49510 13.03840 62.64982 14.76482 50.01000 58.46366 83.02409 91.13726 88.36289 78.08969 46.09772 96.87621 72.80110 95.33625 47.16991 35.90265 98.02041 30.46309 20.09975 91.13726 39.29377 23.53720 81.05554 17.49286 16.00000 90.13878 
21.02380 42.95346 32.98485 53.60037 24.35159 18.78829 69.35416 25.29822 9.21954 22.36068 21.47091 77.66595 16.27882 12.64911 49.49747 84.20214 86.37129 25.94224 3.16228 27.31300 74.04053 16.64332 10.81665 66.06815 87.29834 38.01316 26.92582 50.01000 28.63564 82.29824 86.46965 0.00000 27.73085 78.16009 29.69848 27.65863 72.36712 66.21933 6.08276 85.70881 16.12452 47.12749 3.16228 9.21954 34.82815 72.73239 20.80865 35.46830 85.00588 54.62600 18.43909 16.12452 17.88854 81.32035 86.12781 21.02380 37.69615 37.01351 25.63201 36.00000 78.63841 9.84886 70.57620 65.19202 57.27128 58.85576 42.72002 12.04159 24.59675 74.00000 22.09072 76.90254 23.53720 25.00000 22.80351 17.00000 66.09841 87.80091 33.61547 79.10120 41.59327 36.40055 7.61577 6.40312 17.11724 23.76973 45.12206 10.77033 19.41649 19.23538 48.70318 53.75872 16.27882 58.07753 84.71718 6.40312 48.01042 82.20097 13.00000 77.23341 89.56004 21.02380 
47.80167 51.47815 55.00000 74.43118 20.09975 33.61547 87.09191 39.81206 18.97367 45.04442 49.19350 97.08244 43.26662 29.00000 63.60031 104.65658 103.40696 37.33631 25.63201 23.00000 83.09633 44.29447 28.31960 81.04320 105.84895 46.69047 22.00000 67.23095 50.60632 95.70789 99.29753 27.73085 0.00000 92.19544 56.61272 43.38202 91.70605 76.41989 24.73863 103.46497 42.20190 69.06519 30.87070 26.87006 61.07373 94.15413 25.29822 46.57252 100.42410 77.80103 45.79301 11.70470 9.84886 102.00000 106.43778 46.01087 48.27007 41.04875 53.31041 54.12024 91.24144 34.92850 83.54639 79.55501 64.00781 71.58911 67.88225 17.26268 49.51767 95.52487 10.44031 96.60745 40.31129 19.02630 6.70820 10.77033 75.16648 97.04638 58.69412 95.50916 49.36598 41.10961 23.43075 22.13594 12.80625 21.21320 66.03787 29.06888 45.60702 8.54400 71.02816 63.50591 14.00000 75.39231 102.52804 22.13594 65.39113 100.84642 21.40093 94.24436 98.00000 47.80167 
81.27115 41.10961 47.80167 31.62278 72.27724 61.07373 15.00000 54.08327 84.02381 91.48224 72.11103 21.09502 67.91171 90.44888 29.06888 28.16026 15.26434 55.44367 81.09871 69.92138 17.46425 71.56815 69.00725 12.16553 21.54066 45.60702 70.88018 28.63564 51.19570 4.47214 8.94427 78.16009 92.19544 0.00000 62.64982 51.00980 20.24846 18.43909 84.09518 17.46425 82.71034 38.07887 77.41447 71.00704 57.70615 29.41088 67.08204 45.70558 9.21954 38.89730 68.68042 86.46965 86.70063 28.00000 28.44293 60.63827 43.93177 52.20153 74.84651 42.29657 5.00000 83.18654 8.94427 13.00000 32.20248 20.61553 50.47772 87.05171 58.24088 30.08322 81.78631 22.20360 55.00000 73.49830 85.70298 86.57944 21.21320 18.38478 53.71220 9.05539 43.32436 51.86521 75.02666 83.00602 80.89499 71.06335 37.16181 88.45903 64.03124 87.82369 38.27532 29.54657 90.19978 21.54066 17.08801 83.00602 30.59412 19.23538 73.33485 11.04536 21.54066 81.27115 
20.00000 42.95346 17.02939 32.01562 45.88028 29.27456 50.00000 29.15476 38.89730 31.01612 11.18034 55.22681 13.45362 37.12142 39.59798 60.03332 66.28725 33.06055 32.55764 47.07441 65.29931 13.89244 29.54657 51.00000 65.27634 40.16217 47.29693 35.22783 16.55295 67.11930 71.58911 29.69848 56.61272 62.64982 0.00000 27.65863 50.48762 57.38467 34.82815 64.77654 23.53720 25.00000 26.90725 30.41381 6.08276 48.04165 39.05125 36.05551 67.05222 29.01724 11.40175 45.45327 47.01064 57.03508 62.03225 12.16553 37.69615 44.72136 12.36932 25.80698 64.88451 27.73085 57.45433 51.10773 54.64430 48.27007 15.13275 41.72529 10.04988 49.09175 48.76474 54.14795 26.07681 47.12749 50.77401 46.22770 58.69412 77.10383 8.94427 60.44005 43.08132 43.73786 33.28663 36.06938 44.41846 44.64303 25.49510 35.35534 11.18034 48.41487 25.49510 48.41487 45.96738 41.14608 63.78871 36.06938 33.60060 60.40695 36.67424 57.97413 79.63040 20.00000 
37.48333 16.97056 14.86607 31.40064 25.49510 10.19804 43.96590 3.60555 33.01515 45.22168 30.23243 53.71220 22.67157 40.26164 22.02272 61.29437 60.63827 7.21110 30.41381 24.83948 46.48656 26.90725 18.00000 39.11521 62.62587 13.03840 25.49510 24.04163 12.04159 55.00909 59.07622 27.65863 43.38202 51.00980 27.65863 0.00000 48.33218 38.60052 33.37664 60.44005 36.40055 26.90725 27.51363 20.00000 28.00000 51.03920 18.60108 9.21954 58.42089 36.23534 25.00000 35.90265 36.40055 58.66856 63.06346 17.00000 11.31371 17.11724 34.98571 10.81665 51.15662 34.43835 43.10452 38.01316 30.80584 31.25700 30.36445 36.05551 17.72005 52.43091 33.12099 53.22593 4.12311 26.90725 36.67424 36.13862 38.62642 60.16644 23.08679 52.95281 16.40122 16.12452 24.02082 32.06244 31.01612 24.08319 23.34524 38.32754 20.24846 37.64306 29.06888 26.40076 39.31921 32.28002 59.48109 32.06244 22.13594 57.58472 22.80351 51.41984 61.98387 37.48333 
70.34913 45.25483 39.45884 19.02630 73.06162 58.30952 7.28011 51.89412 79.81228 81.22192 61.20457 5.38516 59.07622 83.60024 30.41381 13.45362 16.15549 54.58938 75.50497 71.56116 35.00000 62.00000 65.14599 17.72005 15.03330 48.27007 72.40166 24.69818 43.73786 23.70654 27.45906 72.36712 91.70605 20.24846 50.48762 48.33218 0.00000 31.78050 78.44743 14.31782 73.02739 26.00000 70.85901 67.05222 44.72136 9.21954 66.64833 46.61545 19.10497 22.47221 59.00000 83.81527 84.50444 11.40175 15.00000 52.23983 45.60702 55.97321 62.80127 37.69615 25.00000 75.16648 23.02173 19.92486 42.48529 27.29469 36.13862 82.96987 49.09175 10.04988 81.39410 5.00000 51.62364 74.43118 85.00000 84.15462 34.92850 38.62642 42.10701 12.80625 47.38143 55.31727 71.16881 78.10250 79.30952 71.69379 27.29469 81.61495 55.08176 85.79627 25.07987 36.89173 86.68333 17.02939 13.34166 78.10250 26.41969 10.00000 70.93659 10.00000 41.78516 70.34913 
73.57309 25.01999 40.60788 32.31099 56.32051 47.85394 24.51530 41.00000 70.71068 82.73452 64.89992 35.11410 59.05929 78.84795 18.02776 43.46263 33.30165 41.30375 68.88396 53.60037 8.06226 63.13478 56.08921 14.14214 38.83298 30.00000 54.58938 22.80351 42.72002 20.59126 23.40940 66.21933 76.41989 18.43909 57.38467 38.60052 31.78050 0.00000 71.80529 35.00000 73.79024 36.35932 66.09841 58.05170 53.75872 40.31129 52.00000 31.25700 27.65863 41.43670 60.53924 72.06247 72.00694 42.37924 44.28318 51.97115 29.15476 35.51056 68.60029 32.75668 15.65248 72.80110 10.00000 12.04159 13.89244 9.21954 48.82622 73.55270 50.47772 41.43670 66.18912 35.73514 42.72002 57.42822 70.17834 72.02777 3.16228 21.58703 48.79549 25.80698 27.07397 35.35534 61.81424 70.21396 66.00000 55.22681 33.60060 76.92204 55.56978 73.00000 37.58989 13.00000 76.23647 20.88061 34.40930 70.21396 24.08319 35.35534 59.21149 26.41969 23.40940 73.57309 
23.08679 48.10405 39.05125 59.66574 26.07681 24.04163 75.42546 30.80584 6.00000 21.37756 25.61250 83.74366 21.63331 7.81025 55.32630 90.24965 92.43917 31.01612 3.00000 29.41088 79.55501 21.21320 15.81139 72.02777 93.38094 43.08132 28.84441 56.03570 34.71311 88.20431 92.34717 6.08276 24.73863 84.09518 34.82815 33.37664 78.44743 71.80529 0.00000 91.78780 17.46425 53.16014 8.06226 13.92839 40.22437 78.74643 24.08319 40.80441 91.02198 60.53924 23.43075 13.15295 15.13275 87.36132 92.17917 26.92582 43.01163 41.34005 29.15476 42.01190 84.48077 10.19804 76.41989 71.11259 62.39391 64.62971 48.37355 7.61577 30.46309 80.00625 21.37756 82.97590 29.27456 26.41969 21.00000 14.14214 71.56815 93.39165 39.35734 85.14693 46.61545 40.81666 10.81665 3.16228 16.49242 25.80698 51.19570 6.40312 25.05993 16.27882 54.70832 59.20304 11.66190 64.12488 90.79648 3.16228 54.03702 88.28363 15.55635 83.29466 95.07891 23.08679 
84.59314 54.37830 53.08484 33.06055 84.17244 70.60453 16.49242 63.89053 92.76314 95.42536 75.42546 10.29563 73.00000 97.25225 40.24922 12.64911 3.16228 66.12866 88.81441 82.29216 34.92850 76.05919 77.87811 23.60085 4.12311 58.18075 83.19255 36.40055 57.21888 18.24829 20.02498 85.70881 103.46497 17.46425 64.77654 60.44005 14.31782 35.00000 91.78780 0.00000 87.14356 40.11234 84.38009 79.83107 59.03389 20.00000 78.18568 57.27128 10.00000 36.68787 73.06162 96.30161 96.84007 13.89244 12.16553 66.03030 55.90170 65.51336 77.10383 50.21952 22.13594 89.02247 25.00000 25.61250 48.10405 34.20526 50.44799 95.90099 63.00000 19.84943 93.04837 11.66190 64.03124 85.49269 96.79876 96.56604 38.01316 33.00000 56.32051 9.21954 56.60389 65.00000 83.95237 91.24144 91.39475 82.85530 41.01219 95.25755 69.00000 98.08160 39.31921 44.04543 99.46356 28.16026 1.00000 91.24144 38.32754 5.00000 83.24062 9.43398 36.01389 84.59314 
5.83095 53.26350 34.92850 54.08327 40.26164 30.61046 71.56815 35.38361 23.34524 8.94427 12.36932 78.00000 14.86607 15.62050 55.94640 83.29466 88.36289 37.53665 17.02939 43.01163 81.84131 11.18034 24.59675 70.60453 88.00568 48.83646 42.72002 54.12024 31.62278 87.09191 91.48224 16.12452 42.20190 82.71034 23.53720 36.40055 73.02739 73.79024 17.46425 87.14356 0.00000 47.04253 13.34166 23.76973 29.61419 71.34424 35.84690 45.45327 88.28363 52.34501 14.14214 30.59412 32.55764 80.30567 85.28775 22.13594 47.63402 49.81967 13.60147 41.23106 84.11896 7.28011 76.21680 70.21396 67.20119 65.39113 38.63936 25.00000 24.51530 72.44308 38.00000 77.00649 32.64966 41.00000 38.20995 31.57531 74.30343 94.93682 31.01612 81.88406 52.40229 49.04080 23.53720 20.22375 33.00000 39.56008 46.38965 14.42221 18.68154 33.73426 48.00000 62.43397 28.79236 61.39218 86.14523 20.22375 52.20153 83.02409 28.86174 79.63040 97.08244 5.83095 
