nbNodes
202
nbVehi
30
nbServi
6
r
1 1 1 1 1 1 
0 0 1 0 0 0 
0 0 0 0 1 0 
0 0 0 1 0 0 
0 0 0 0 1 0 
0 0 0 1 0 0 
0 0 0 1 0 0 
0 1 0 0 0 0 
0 0 0 0 1 0 
1 0 0 0 0 0 
0 1 0 0 0 0 
0 0 1 0 0 0 
0 0 1 0 0 0 
0 0 1 0 0 0 
0 0 1 0 0 0 
0 0 1 0 0 0 
1 0 0 0 0 0 
0 1 0 0 0 0 
1 0 0 0 0 0 
0 0 0 0 1 0 
1 0 0 0 0 0 
0 0 0 0 0 1 
0 0 0 0 0 1 
0 0 0 0 1 0 
0 1 0 0 0 0 
0 1 0 0 0 0 
0 0 0 1 0 0 
0 0 0 1 0 0 
0 0 0 1 0 0 
0 0 0 0 0 1 
0 0 0 0 0 1 
0 0 0 0 1 0 
0 0 0 1 0 0 
1 0 0 0 0 0 
0 0 1 0 0 0 
0 0 0 1 0 0 
0 1 0 0 0 0 
0 0 0 0 1 0 
0 0 0 0 0 1 
1 0 0 0 0 0 
0 1 0 0 0 0 
1 0 0 0 0 0 
0 0 0 0 1 0 
0 0 0 0 0 1 
1 0 0 0 0 0 
0 0 0 1 0 0 
0 0 0 0 1 0 
0 0 1 0 0 0 
0 0 0 0 0 1 
0 0 0 0 1 0 
1 0 0 0 0 0 
0 0 1 0 0 0 
0 0 0 0 0 1 
0 0 0 0 0 1 
1 0 0 0 0 0 
0 1 0 0 0 0 
0 0 1 0 0 0 
0 0 0 0 1 0 
0 0 0 1 0 0 
0 0 0 0 1 0 
0 0 0 0 1 0 
0 0 0 0 1 0 
1 0 0 0 0 0 
1 0 0 0 0 0 
1 0 0 0 0 0 
0 1 0 0 0 0 
0 0 0 1 0 0 
0 0 0 1 0 0 
0 0 0 1 0 0 
1 0 0 0 0 0 
0 0 0 0 0 1 
0 1 0 0 0 0 
0 0 1 0 0 0 
0 0 0 1 0 0 
0 0 0 0 0 1 
0 0 0 1 0 0 
0 0 1 0 0 0 
0 1 0 0 0 0 
0 0 0 1 0 0 
0 0 0 0 1 0 
0 0 0 0 0 1 
0 1 0 0 0 0 
0 0 0 1 0 0 
0 0 0 0 0 1 
0 0 1 0 0 0 
1 0 0 0 0 0 
0 0 1 0 0 0 
0 0 1 0 0 0 
0 0 1 0 0 0 
0 0 1 0 0 0 
0 1 0 0 0 0 
0 0 0 0 0 1 
0 1 0 0 0 0 
0 0 0 0 1 0 
0 1 0 0 0 0 
0 1 0 0 0 0 
0 0 0 1 0 0 
0 0 0 0 1 0 
0 0 1 0 0 0 
0 1 0 0 0 0 
1 0 0 0 0 0 
0 0 0 0 1 0 
1 0 0 0 0 0 
0 0 0 0 1 0 
0 0 0 0 1 0 
1 0 0 0 0 0 
0 0 1 0 0 0 
0 0 0 1 0 0 
1 0 0 0 0 0 
0 1 0 0 0 0 
0 0 0 0 0 1 
0 1 0 0 0 0 
0 0 1 0 0 0 
0 0 1 0 0 0 
0 0 0 0 0 1 
0 0 0 0 1 0 
0 0 0 1 0 0 
0 0 0 1 0 0 
0 0 0 1 0 0 
0 0 0 1 0 0 
1 0 0 0 0 0 
1 0 0 0 0 0 
0 0 1 0 0 0 
0 0 1 0 0 0 
0 0 0 0 0 1 
0 0 1 0 0 0 
0 0 0 0 1 0 
1 0 0 0 0 0 
0 0 1 0 0 0 
0 0 0 0 0 1 
1 0 0 0 0 0 
0 0 0 0 1 0 
0 1 0 0 0 0 
0 0 0 1 0 0 
0 0 0 1 0 0 
0 1 0 0 0 0 
0 0 0 1 0 0 
0 1 0 0 0 0 
0 0 0 0 1 0 
0 1 0 0 0 0 
0 1 0 0 0 0 
0 0 0 1 1 0 
0 0 0 1 1 0 
0 0 0 1 1 0 
0 0 0 1 0 1 
0 0 0 1 1 0 
0 0 0 1 0 1 
0 0 0 1 1 0 
0 0 0 1 0 1 
0 0 0 1 0 1 
0 0 0 1 1 0 
0 0 0 0 1 1 
0 0 0 1 1 0 
0 0 0 1 0 1 
0 0 0 1 1 0 
0 0 0 1 0 1 
0 0 0 0 1 1 
0 0 0 0 1 1 
0 0 0 0 1 1 
0 0 0 0 1 1 
0 0 0 0 1 1 
0 0 0 1 0 1 
0 0 0 0 1 1 
0 0 0 1 0 1 
0 0 0 1 0 1 
0 0 0 0 1 1 
0 0 0 1 1 0 
0 0 0 1 0 1 
0 0 0 0 1 1 
0 0 0 1 1 0 
0 0 0 1 0 1 
1 0 0 0 1 0 
0 1 0 1 0 0 
0 1 0 0 0 1 
1 0 0 1 0 0 
0 0 1 1 0 0 
0 0 1 0 1 0 
0 1 0 0 0 1 
1 0 0 0 0 1 
0 0 1 0 1 0 
0 0 1 0 1 0 
1 0 0 0 0 1 
1 0 0 1 0 0 
0 0 1 1 0 0 
1 0 0 1 0 0 
0 0 1 0 0 1 
0 0 1 0 0 1 
0 1 0 0 1 0 
0 0 1 1 0 0 
0 0 1 1 0 0 
1 0 0 0 1 0 
0 0 1 1 0 0 
0 0 1 0 0 1 
0 0 1 0 0 1 
0 0 1 0 1 0 
0 0 1 1 0 0 
0 0 1 0 0 1 
0 0 1 0 0 1 
0 0 1 0 0 1 
0 0 1 0 1 0 
0 0 1 0 1 0 
1 1 1 1 1 1 
DS
142 143 144 145 146 147 148 149 150 151 152 153 154 155 156 157 158 159 160 161 162 163 164 165 166 167 168 169 170 171 201 172 173 174 175 176 177 178 179 180 181 182 183 184 185 186 187 188 189 190 191 192 193 194 195 196 197 198 199 200 
a
1 0 1 0 0 0 
1 1 1 0 0 0 
1 1 0 0 0 0 
1 1 1 0 0 0 
1 1 1 0 0 0 
0 0 1 0 0 0 
1 0 1 0 0 0 
0 1 0 0 0 0 
0 1 1 0 0 0 
0 0 1 0 0 0 
0 0 0 1 0 1 
0 0 0 1 1 1 
0 0 0 1 1 1 
0 0 0 1 1 1 
0 0 0 1 1 1 
0 0 0 1 1 1 
0 0 0 1 1 1 
0 0 0 0 1 1 
0 0 0 1 1 1 
0 0 0 1 1 1 
0 0 0 1 1 1 
0 0 0 1 1 1 
0 0 0 1 1 1 
0 0 0 1 1 0 
0 0 0 1 1 1 
0 0 0 0 1 1 
0 0 0 1 0 1 
0 0 0 0 1 1 
0 0 0 1 1 1 
0 0 0 1 0 1 
x
62 3 67 11 62 92 52 62 69 62 75 22 39 33 69 82 94 45 82 84 28 95 61 6 64 44 53 73 58 86 86 26 9 77 36 27 47 59 75 98 45 11 76 98 82 1 94 63 84 23 86 66 70 93 49 29 10 38 97 83 16 16 8 86 9 76 3 55 29 83 52 33 20 25 8 69 52 85 28 63 77 51 88 19 83 16 83 40 12 29 32 52 90 47 71 53 9 64 80 29 90 72 95 51 4 12 53 55 59 71 33 26 71 95 24 63 49 20 27 18 74 8 77 16 53 27 57 80 9 13 67 91 72 67 32 48 44 97 73 37 89 73 16 12 85 57 78 42 99 89 29 59 64 93 67 75 24 69 37 34 65 55 93 16 58 38 75 45 64 22 59 21 76 53 9 53 51 31 27 0 81 47 86 31 58 83 80 81 95 59 27 22 1 62 20 56 27 11 25 48 0 62 
y
6 35 25 33 44 41 12 37 30 36 46 12 26 31 48 5 27 43 33 49 39 38 17 2 23 46 39 16 15 12 25 36 27 38 14 23 46 38 4 26 43 1 23 44 6 21 43 13 19 28 18 12 43 31 30 4 3 33 8 16 33 31 9 22 16 27 48 12 22 10 36 8 21 17 24 1 34 8 13 34 27 8 26 6 11 21 13 44 11 43 15 14 28 0 26 31 6 37 38 15 38 39 39 1 5 37 19 47 37 1 12 30 30 30 0 1 42 8 13 20 18 22 3 35 28 41 45 41 13 1 47 0 42 16 28 16 23 12 13 39 32 0 14 6 2 19 14 48 15 15 15 20 29 48 42 29 14 39 9 0 16 2 17 20 27 38 10 31 14 44 30 1 14 34 48 19 34 23 35 30 5 42 13 18 42 38 8 0 32 20 23 3 5 10 17 3 28 33 23 24 0 6 
d
0.00000 65.74192 19.64688 57.70615 38.00000 46.09772 11.66190 31.00000 25.00000 30.00000 42.05948 40.44750 30.47950 38.28838 42.57934 20.02498 38.27532 40.71855 33.60060 48.30114 47.38143 45.96738 11.04536 56.14268 17.11724 43.86342 34.20526 14.86607 9.84886 24.73863 30.61046 46.86150 57.00877 35.34119 27.20294 38.91015 42.72002 32.14032 13.15295 41.18252 40.71855 51.24451 22.02272 52.34501 20.00000 62.81720 48.91830 7.07107 25.55386 44.77723 26.83282 7.21110 37.85499 39.82462 27.29469 33.06055 52.08647 36.12478 35.05710 23.25941 53.33854 52.35456 54.08327 28.84441 53.93515 25.23886 72.42237 9.21954 36.67424 21.37756 31.62278 29.06888 44.59821 38.60052 56.92100 8.60233 29.73214 23.08679 34.71311 28.01785 25.80698 11.18034 32.80244 43.00000 21.58703 48.38388 22.13594 43.90900 50.24938 49.57822 31.32092 12.80625 35.60899 16.15549 21.93171 26.57066 53.00000 31.06445 36.71512 34.20526 42.52058 34.48188 46.66905 12.08305 58.00862 58.83026 15.81139 41.59327 31.14482 10.29563 29.61419 43.26662 25.63201 40.80441 38.47077 5.09902 38.27532 42.04759 35.69314 46.17359 16.97056 56.32051 15.29706 54.37830 23.76973 49.49747 39.31921 39.35734 53.46027 49.25444 41.30375 29.61419 37.36308 11.18034 37.20215 17.20465 24.75884 35.51056 13.03840 41.40048 37.48333 12.52996 46.69047 50.00000 23.34524 13.92839 17.88854 46.51881 38.07887 28.46050 34.20526 14.31782 23.08679 52.20153 36.34556 26.41969 38.83298 33.73426 25.17936 28.63564 10.44031 8.06226 32.89377 48.08326 21.37756 40.00000 13.60147 30.23243 8.24621 55.17246 24.18677 41.30375 16.12452 29.41088 67.62396 15.81139 30.08322 35.35534 45.45327 66.48308 19.02630 39.00000 25.00000 33.24154 36.22154 38.27532 18.11077 19.92486 42.01190 14.31782 38.91015 40.11234 61.00820 4.00000 43.41659 6.70820 41.34005 57.70615 40.71855 22.80351 62.28965 0.00000 
65.74192 0.00000 64.77654 8.24621 59.68249 89.20202 54.12947 59.03389 66.18912 59.00847 72.83543 29.83287 37.10795 30.26549 67.26812 84.50444 91.35097 42.75512 79.02531 82.20097 25.31798 92.04890 60.72891 33.13608 62.16912 42.44997 50.15974 72.53275 58.52350 86.12781 83.60024 23.02173 10.00000 74.06079 39.11521 26.83282 45.35416 56.08030 78.39005 95.42536 42.75512 34.92850 73.97973 95.42536 84.15462 14.14214 91.35097 63.90618 82.56513 21.18962 84.72308 67.06713 67.47592 90.08885 46.27094 40.45986 32.75668 35.05710 97.80082 82.22530 13.15295 13.60147 26.47640 84.01190 19.92486 73.43705 13.00000 56.85948 29.06888 83.81527 49.01020 40.36087 22.02272 28.42534 12.08305 74.24284 49.01020 86.33076 33.30165 60.00833 74.43118 55.07268 85.47514 33.12099 83.52245 19.10497 82.96987 38.07887 25.63201 27.20294 35.22783 53.31041 87.28115 56.22277 68.59300 50.15974 29.61419 61.03278 77.05842 32.80244 87.05171 69.11584 92.08692 58.82176 30.01666 9.21954 52.49762 53.36666 56.03570 76.02631 37.80212 23.53720 68.18358 92.13577 40.81666 68.96376 46.52956 31.90611 32.55764 21.21320 73.00685 13.92839 80.62258 13.00000 50.48762 24.73863 54.91812 77.23341 22.80351 35.44009 65.11528 94.70480 69.35416 66.76077 29.83287 48.84670 42.72002 96.77293 73.37575 34.23449 86.05231 78.26238 24.69818 30.36445 88.39118 56.32051 77.88453 41.10961 98.06121 88.29496 32.80244 57.97413 61.29437 90.93404 64.38167 72.24957 29.69848 66.12110 42.80187 46.75468 64.84597 61.58734 91.78235 19.84943 55.57877 35.12834 76.21680 42.19005 64.51356 21.02380 56.22277 38.47077 75.96052 50.01000 14.31782 52.49762 48.01042 30.46309 24.00000 5.83095 83.57033 44.55334 85.86617 32.75668 55.44367 80.05623 81.59657 85.49269 92.04890 57.97413 26.83282 37.21559 30.06659 64.07808 24.75884 61.91123 25.00000 8.24621 25.05993 46.32494 35.12834 65.74192 
19.64688 64.77654 0.00000 56.56854 19.64688 29.68164 19.84943 13.00000 5.38516 12.08305 22.47221 46.84015 28.01785 34.52535 23.08679 25.00000 27.07397 28.42534 17.00000 29.41088 41.43670 30.87070 10.00000 65.19202 3.60555 31.14482 19.79899 10.81665 13.45362 23.02173 19.00000 42.44997 58.03447 16.40122 32.89377 40.04997 29.00000 15.26434 22.47221 31.01612 28.42534 60.92618 9.21954 36.35932 24.20744 66.12110 32.44996 12.64911 18.02776 44.10215 20.24846 13.03840 18.24829 26.68333 18.68154 43.41659 61.09828 30.08322 34.48188 18.35756 51.62364 51.35173 61.13101 19.23538 58.69412 9.21954 68.00735 17.69181 38.11824 21.93171 18.60108 38.01316 47.16991 42.75512 59.00847 24.08319 17.49286 24.75884 40.80441 9.84886 10.19804 23.34524 21.02380 51.62364 21.26029 51.15662 20.00000 33.01515 56.75385 42.04759 36.40055 18.60108 23.19483 32.01562 4.12311 15.23155 61.03278 12.36932 18.38478 39.29377 26.41969 14.86607 31.30495 28.84441 66.09841 56.29387 15.23155 25.05993 14.42221 24.33105 36.40055 41.30375 6.40312 28.44293 49.73932 24.33105 24.75884 49.98000 41.76123 49.25444 9.89949 59.07622 24.16609 51.97115 14.31782 43.08132 22.36068 20.61553 59.22837 59.09315 22.00000 34.65545 17.72005 9.00000 35.12834 21.02380 23.08679 32.69557 13.41641 33.10589 23.08679 25.70992 52.17279 58.18935 29.20616 11.66190 15.55635 33.97058 33.52611 24.16609 39.29377 9.43398 5.00000 34.71311 17.00000 8.94427 44.38468 14.14214 34.00000 41.40048 9.21954 25.94224 27.20294 51.24451 9.21954 31.78050 17.00000 22.80351 11.40175 48.84670 9.43398 51.88449 14.21267 16.64332 62.39391 15.23155 18.35756 36.05551 41.23106 67.18631 24.41311 26.24881 22.47221 36.67424 19.23538 20.61553 21.40093 28.65310 28.86174 9.43398 40.04997 50.08992 68.96376 15.81139 47.67599 24.59675 40.11234 56.56854 42.04759 19.02630 71.51224 19.64688 
57.70615 8.24621 56.56854 0.00000 52.17279 81.39410 46.06517 51.15662 58.07753 51.08816 65.30697 23.70654 28.86174 22.09072 59.90826 76.32169 83.21658 35.44009 71.00000 74.73286 18.02776 84.14868 52.49762 31.40064 53.93515 35.46830 42.42641 64.28841 50.32892 77.88453 75.42546 15.29706 6.32456 66.18912 31.40064 18.86796 38.27532 48.25971 70.26379 87.28115 35.44009 32.00000 65.76473 87.69265 75.96052 15.62050 83.60024 55.71355 74.33034 13.00000 76.48529 58.87274 59.84146 82.02439 38.11824 34.13210 30.01666 27.00000 89.56004 73.97973 5.00000 5.38516 24.18677 75.80237 17.11724 65.27634 17.00000 48.75449 21.09502 75.58439 41.10961 33.30165 15.00000 21.26029 9.48683 66.24198 41.01219 78.10890 26.24881 52.00961 66.27217 47.16991 77.31753 28.16026 75.28612 13.00000 74.72617 31.01612 22.02272 20.59126 27.65863 45.18849 79.15807 48.83646 60.40695 42.04759 27.07397 53.15073 69.18092 25.45584 79.15807 61.29437 84.21401 51.22499 28.86174 4.12311 44.27189 46.17359 48.16638 68.00000 30.41381 15.29706 60.07495 84.05355 35.46830 61.05735 39.05125 26.57066 25.61250 14.76482 64.76110 11.40175 72.49828 5.38516 42.29657 17.88854 47.53946 69.46222 20.09975 32.06244 57.72348 86.53901 61.66036 58.52350 21.58703 40.71855 34.48188 88.52683 65.14599 26.68333 78.00641 70.23532 19.64688 27.01851 80.23092 48.08326 69.64194 34.43835 89.82205 80.04998 25.45584 49.72927 53.15073 83.36066 56.71860 64.12488 23.02173 58.30952 35.38361 40.22437 56.61272 53.82379 83.54639 13.92839 47.38143 27.45906 68.00735 34.05877 56.30275 15.55635 48.09366 33.52611 67.72001 42.01190 15.13275 44.27189 40.01250 22.36068 16.12452 11.40175 75.39231 37.10795 77.62087 25.00000 47.85394 72.17340 73.38937 77.38863 84.00595 49.72927 18.86796 31.95309 29.73214 55.94640 18.35756 54.08327 16.76305 0.00000 17.20465 38.07887 34.78505 57.70615 
38.00000 59.68249 19.64688 52.17279 0.00000 30.14963 33.52611 7.00000 15.65248 8.00000 13.15295 51.22499 29.20616 31.78050 8.06226 43.82921 36.23534 17.02939 22.82542 22.56103 34.36568 33.54102 27.01851 70.00000 21.09502 18.11077 10.29563 30.08322 29.27456 40.00000 30.61046 36.87818 55.65968 16.15549 39.69887 40.81666 15.13275 6.70820 42.05948 40.24922 17.02939 66.70832 25.23886 36.00000 42.94182 65.19202 32.01562 31.01612 33.30165 42.15448 35.38361 32.24903 8.06226 33.61547 19.10497 51.85557 66.21933 26.40076 50.20956 35.00000 47.29693 47.80167 64.35060 32.55764 59.94164 22.02272 59.13544 32.75668 39.66106 39.96248 12.80625 46.22770 47.88528 45.80393 57.58472 43.56604 14.14214 42.72002 46.01087 10.04988 22.67157 37.64306 31.62278 57.38467 39.11521 51.42956 37.44329 22.00000 59.90826 33.01515 41.72529 31.62278 32.24903 46.48656 20.12461 15.81139 65.21503 7.28011 18.97367 43.93177 28.63564 11.18034 33.37664 44.38468 69.89278 50.48762 26.57066 7.61577 7.61577 43.93177 43.18565 38.62642 16.64332 35.84690 58.13777 43.01163 13.15295 55.31727 46.75468 50.11986 28.63564 58.30952 43.65776 46.87217 18.35756 35.12834 5.09902 18.24829 61.40033 65.19202 5.83095 52.69725 10.19804 28.44293 34.00000 31.30495 27.65863 47.42362 32.89377 25.49510 29.54657 45.35416 54.91812 62.80127 47.88528 25.49510 34.00000 20.39608 47.01064 39.62323 43.93177 24.18677 15.13275 31.25700 5.38516 19.84943 48.41487 8.60233 43.01163 52.15362 28.16026 42.57934 41.10961 51.88449 17.46425 24.73863 36.40055 21.40093 30.06659 40.00000 14.31782 59.41380 33.10589 13.45362 53.15073 26.57066 14.86607 37.44329 36.13862 63.56099 43.38202 15.13275 39.20459 40.45986 4.47214 21.84033 40.24922 47.92703 35.11410 24.18677 40.81666 57.28001 72.40166 34.00000 49.92995 41.43670 38.48376 52.17279 42.54409 24.41311 76.02631 38.00000 
46.09772 89.20202 29.68164 81.39410 30.14963 0.00000 49.40648 30.26549 25.49510 30.41381 17.72005 75.76939 55.08176 59.84146 24.04163 37.36308 14.14214 47.04253 12.80625 11.31371 64.03124 4.24264 39.20459 94.42987 33.28663 48.25971 39.05125 31.40064 42.80187 29.61419 17.08801 66.18912 84.17244 15.29706 62.16912 67.44627 45.27693 33.13608 40.71855 16.15549 47.04253 90.33825 24.08319 6.70820 36.40055 93.17188 2.82843 40.31129 23.40940 70.21396 23.76973 38.94868 22.09072 10.04988 44.38468 73.06162 90.37699 54.58938 33.37664 26.57066 76.41989 76.65507 89.88882 19.92486 86.68333 21.26029 89.27486 47.01064 65.80274 32.28002 40.31129 67.60178 74.72617 71.16881 85.70298 46.14109 40.60788 33.73426 69.85700 29.83287 20.51828 52.63079 15.52417 80.95678 31.32092 78.58753 29.41088 52.08647 85.44004 63.03174 65.39113 48.25971 13.15295 60.87693 25.80698 40.26164 90.07774 28.28427 12.36932 68.15424 3.60555 20.09975 3.60555 57.28001 95.07891 80.09994 44.77723 37.48333 33.24154 45.17743 65.74192 66.91039 23.70654 11.40175 79.40403 49.40648 43.01163 79.20227 70.77429 76.92204 29.20616 86.12201 40.85340 76.23647 41.10961 65.00000 35.22783 12.00000 87.59566 88.54942 25.70992 41.01219 20.02498 35.35534 61.39218 50.60632 51.26402 29.42788 33.83785 55.03635 9.48683 45.18849 80.65358 87.32125 39.62323 41.34005 30.41381 50.48762 26.92582 26.17250 68.15424 39.11521 30.46309 7.07107 25.01999 20.80865 73.16420 23.08679 63.63175 71.02816 36.79674 53.75872 24.02082 78.84795 36.76955 54.08327 35.35534 48.05206 38.89730 70.06426 34.78505 81.49233 31.38471 39.62323 83.29466 44.77723 41.59327 63.60031 65.27634 92.65528 37.64306 45.01111 28.63564 65.19202 34.01470 9.48683 35.11410 42.44997 9.48683 39.11521 67.44627 79.64923 97.86215 43.13931 75.89466 52.34501 66.28725 81.39410 69.37579 47.16991 100.72239 46.09772 
11.66190 54.12947 19.84943 46.06517 33.52611 49.40648 0.00000 26.92582 24.75884 26.00000 41.04875 30.00000 19.10497 26.87006 39.81206 30.80584 44.59821 31.78050 36.61967 48.91830 36.12478 50.24938 10.29563 47.07441 16.27882 34.92850 27.01851 21.37756 6.70820 34.00000 36.40055 35.38361 45.54119 36.06938 16.12452 27.31300 34.36568 26.92582 24.35159 48.08326 31.78050 42.44997 26.40076 56.03570 30.59412 51.78803 52.20153 11.04536 32.75668 33.12099 34.52535 14.00000 35.84690 45.18849 18.24829 24.35159 42.95346 25.23886 45.17743 31.25700 41.67733 40.70626 44.10215 35.44009 43.18565 28.30194 60.80296 3.00000 25.07987 31.06445 24.00000 19.41649 33.24154 27.45906 45.60702 20.24846 22.00000 33.24154 24.02082 24.59675 29.15476 4.12311 38.62642 33.54102 31.01612 37.10795 31.01612 34.17601 40.01250 38.60052 20.22375 2.00000 41.23106 13.00000 23.60085 19.02630 43.41659 27.73085 38.20995 23.19483 46.04346 33.60060 50.77401 11.04536 48.50773 47.16991 7.07107 35.12834 25.96151 21.95450 19.00000 31.62278 26.17250 46.61545 30.46309 15.55635 30.14963 32.24903 25.01999 34.92850 22.80351 45.12206 26.57066 42.72002 16.03122 38.28838 33.37664 40.31129 43.01163 40.52160 38.07887 40.80441 36.05551 15.52417 25.61250 5.65685 13.60147 45.00000 21.02380 30.88689 42.05948 24.18677 36.05551 40.44750 34.48188 8.60233 26.07681 37.36308 47.09565 37.12142 23.19483 10.63015 20.80865 54.56189 33.54102 28.60070 28.07134 31.90611 15.29706 21.63331 13.60147 10.44031 41.30375 36.87818 16.15549 29.52965 23.08679 20.24846 12.16553 43.86342 19.31321 32.89377 24.08319 22.02272 56.08030 7.07107 22.02272 23.70654 33.97058 55.02727 29.83287 30.41381 34.01470 21.84033 30.59412 40.45986 28.28427 31.38471 47.42362 10.63015 27.31300 31.32092 51.47815 10.19804 32.38827 9.84886 29.68164 46.06517 29.15476 12.64911 53.36666 11.66190 
31.00000 59.03389 13.00000 51.15662 7.00000 30.26549 26.92582 0.00000 9.89949 1.00000 15.81139 47.16991 25.49510 29.61419 13.03840 37.73592 33.52611 18.02776 20.39608 25.05993 34.05877 33.01515 20.02498 66.03787 14.14214 20.12461 9.21954 23.70654 22.36068 34.65545 26.83282 36.01389 53.93515 15.03330 34.71311 37.69615 17.49286 3.16228 35.46830 37.64306 18.02776 62.42596 19.79899 36.67424 36.89173 63.06346 32.55764 24.02082 28.42534 40.02499 30.61046 25.31798 10.00000 31.57531 14.76482 46.66905 62.12890 24.33105 45.45327 29.69848 46.17359 46.38965 60.82763 28.30194 57.00877 17.20465 60.01666 25.96151 36.24914 34.20526 10.04988 41.01219 44.94441 42.05948 55.54278 36.67424 10.44031 37.01351 41.61730 3.16228 18.02776 31.01612 28.23119 53.00943 33.42155 48.70318 31.89044 23.08679 56.35601 33.54102 37.20215 25.07987 29.41088 39.92493 14.21267 10.81665 61.40033 2.00000 18.02776 39.66106 28.01785 10.19804 33.06055 37.64306 66.24198 50.00000 20.12461 12.20656 3.00000 37.10795 38.28838 36.67424 11.40175 33.73426 53.03772 36.01389 13.92839 51.03920 42.43819 47.16991 22.47221 56.04463 37.16181 46.04346 12.72792 35.22783 9.43398 18.43909 58.18075 60.80296 11.18034 47.01064 11.18034 21.58703 31.32092 25.23886 22.80351 43.01163 26.40076 25.07987 27.45906 38.60052 51.42956 58.83026 41.88078 18.68154 28.01785 22.82542 43.04649 34.82815 39.66106 17.26268 8.24621 32.89377 7.07107 15.26434 44.41846 7.28011 37.53665 46.40043 21.21320 35.69314 36.89173 49.04080 10.77033 24.02082 29.96665 18.02776 23.08679 40.60788 7.61577 54.56189 26.92582 9.48683 54.12947 20.12461 11.40175 34.01470 35.05710 62.39391 37.21559 15.81139 33.94113 36.35932 6.40312 21.02380 34.13210 41.59327 33.37664 17.26268 37.69615 52.49762 68.88396 27.00000 46.51881 34.52535 36.13862 51.15662 39.56008 19.10497 72.20111 31.00000 
25.00000 66.18912 5.38516 58.07753 15.65248 25.49510 24.75884 9.89949 0.00000 9.21954 17.08801 50.32892 30.26549 36.01389 18.00000 28.17801 25.17936 27.29469 13.34166 24.20744 41.97618 27.20294 15.26434 68.94200 8.60233 29.68164 18.35756 14.56022 18.60108 24.75884 17.72005 43.41659 60.07495 11.31371 36.67424 42.57934 27.20294 12.80625 26.68333 29.27456 27.29469 64.84597 9.89949 32.20248 27.29469 68.59300 28.17801 18.02776 18.60108 46.04346 20.80865 18.24829 13.03840 24.02082 20.00000 47.70744 64.88451 31.14482 35.60899 19.79899 53.08484 53.00943 64.51356 18.78829 61.61169 7.61577 68.41053 22.80351 40.79216 24.41311 18.02776 42.19005 49.81967 45.88028 61.29437 29.00000 17.46425 27.20294 44.38468 7.21110 8.54400 28.42534 19.41649 55.46170 23.60085 53.75872 22.02272 32.20248 60.08328 42.05948 39.92493 23.34524 21.09502 37.20215 4.47214 16.03122 64.62198 8.60233 13.60147 42.72002 22.47221 9.48683 27.51363 34.13210 69.64194 57.42822 19.41649 22.02272 12.20656 29.06888 40.24922 43.00000 2.00000 26.00000 54.08327 29.61419 23.32381 53.71220 45.31004 51.97115 13.00000 61.52235 28.16026 53.23533 16.12452 43.41659 19.20937 15.55635 62.36185 63.06346 17.11724 37.20215 12.36932 14.14214 37.05401 25.23886 25.96151 33.28663 17.46425 33.24154 20.09975 30.26549 55.36244 61.84658 32.24903 16.27882 18.35756 32.44996 33.54102 25.00000 42.72002 14.14214 5.09902 30.00000 12.16553 6.08276 47.75982 9.00000 38.27532 46.09772 14.56022 31.30495 27.29469 53.93515 11.40175 32.01562 20.88061 24.02082 16.76305 49.04080 10.00000 56.08030 17.46425 16.49242 62.64184 19.41649 18.43909 38.63936 42.29657 69.00000 27.73085 25.05993 24.04163 39.84972 16.27882 16.12452 24.59675 32.31099 26.07681 14.14214 42.57934 54.20332 72.44998 21.18962 50.69517 29.96665 42.04759 58.07753 44.55334 21.84033 75.23962 25.00000 
30.00000 59.00847 12.08305 51.08816 8.00000 30.41381 26.00000 1.00000 9.21954 0.00000 16.40122 46.64762 25.07987 29.42788 13.89244 36.89173 33.24154 18.38478 20.22375 25.55386 34.13210 33.06055 19.02630 65.51336 13.15295 20.59126 9.48683 22.82542 21.37756 33.94113 26.40076 36.00000 53.75872 15.13275 34.05877 37.33631 18.02776 3.60555 34.53983 37.36308 18.38478 61.85467 19.10497 36.87818 36.05551 62.81720 32.75668 23.02173 27.80288 39.81206 30.00000 24.33105 10.63015 31.40064 14.31782 45.96738 61.58734 24.18677 44.82187 29.00000 46.09772 46.27094 60.37384 27.78489 56.64804 16.64332 60.20797 25.00000 35.84690 33.42155 10.00000 40.31129 44.59821 41.59327 55.31727 35.69314 10.19804 36.23534 41.04875 2.23607 17.49286 30.08322 27.85678 52.43091 32.64966 48.38388 31.14482 23.40940 55.90170 33.73426 36.61967 24.16609 29.12044 39.00000 13.45362 10.29563 60.90156 2.23607 18.11077 39.11521 28.07134 10.44031 33.13608 36.68787 65.76473 50.01000 19.23538 13.03840 3.16228 36.13862 37.64306 36.49658 10.81665 33.54102 52.34501 35.01428 14.31782 50.47772 41.88078 46.81880 21.63331 55.78530 36.24914 46.01087 12.04159 35.35534 10.29563 18.68154 57.77543 60.21628 12.08305 46.22770 11.66190 20.61553 31.04835 24.41311 22.20360 42.43819 25.49510 25.17936 27.29469 37.64306 50.99020 58.30952 41.04875 17.72005 27.20294 23.32381 42.54409 34.20526 39.11521 16.27882 7.28011 33.24154 7.81025 14.76482 43.90900 7.61577 36.79674 45.60702 20.22375 34.71311 36.35932 48.70318 9.84886 24.08319 29.06888 17.72005 22.09072 40.79216 6.70820 53.90733 26.07681 9.21954 54.34151 19.23538 11.18034 33.61547 35.01428 62.28965 36.35932 16.15549 33.24154 35.84690 7.21110 21.09502 33.28663 40.70626 33.24154 16.27882 37.33631 51.85557 68.42514 26.00000 46.09772 33.54102 35.90265 51.08816 39.21734 18.43909 71.69379 30.00000 
42.05948 72.83543 22.47221 65.30697 13.15295 17.72005 41.04875 15.81139 17.08801 16.40122 0.00000 62.96825 41.18252 44.59821 6.32456 41.59327 26.87006 30.14963 14.76482 9.48683 47.51842 21.54066 32.20248 81.83520 25.49510 31.00000 23.08679 30.06659 35.35534 35.73514 23.70654 50.01000 68.68042 8.24621 50.44799 53.22593 28.00000 17.88854 42.00000 30.47950 30.14963 78.23682 23.02173 23.08679 40.60788 78.10890 19.23538 35.11410 28.46050 55.02727 30.08322 35.17101 5.83095 23.43075 30.52868 62.28965 77.93587 39.21734 43.90900 31.04835 60.41523 60.87693 76.53757 26.40076 72.49828 19.02630 72.02777 39.44617 51.88449 36.87818 25.07987 56.63921 60.41523 57.80138 70.51950 45.39824 25.94224 39.29377 57.42822 16.97056 19.10497 44.94441 23.85372 68.81860 35.90265 64.07808 33.95585 35.05710 72.06941 46.09772 53.00943 39.40812 23.43075 53.85165 20.39608 26.62705 77.17513 14.21267 9.43398 55.47071 17.00000 7.61577 21.18962 51.00000 81.98780 63.63961 34.82815 20.02498 18.35756 45.17743 54.03702 51.54610 16.49242 25.61250 68.68042 46.57252 26.30589 66.85058 58.24946 62.64982 28.01785 71.16881 43.04649 60.01666 28.42534 48.25971 18.02776 7.07107 73.79024 76.60940 8.06226 48.70318 5.00000 31.04835 46.61545 40.36087 38.60052 40.49691 33.06055 38.63936 19.79899 46.04346 67.11930 74.62573 45.12206 32.44996 32.14032 33.06055 39.20459 34.01470 55.47071 30.52868 20.24846 18.11077 8.94427 17.00000 60.20797 9.21954 53.03772 61.61980 31.62278 48.33218 34.13210 64.47480 25.49510 37.85499 36.00000 33.54102 33.83785 53.03772 22.62742 70.29225 32.01562 25.05993 66.03030 34.82815 26.83282 49.64877 49.24429 76.68768 41.43670 28.28427 34.78505 52.15362 17.46425 11.31371 38.32754 46.38965 24.41311 30.52868 53.22593 68.24954 84.59905 38.27532 62.17717 47.01064 51.26402 65.30697 55.03635 34.82815 87.98295 42.05948 
40.44750 29.83287 46.84015 23.70654 51.22499 75.76939 30.00000 47.16991 50.32892 46.64762 62.96825 0.00000 22.02272 21.95450 59.20304 60.40695 73.54590 38.60052 63.56886 72.20111 27.65863 77.49194 39.31921 18.86796 43.41659 40.49691 41.10961 51.15662 36.12478 64.00000 65.30697 24.33105 19.84943 60.83584 14.14214 12.08305 42.20190 45.22168 53.60037 77.27872 38.60052 15.55635 55.10898 82.46211 60.29925 22.84732 78.39005 41.01219 62.39391 16.03122 64.28063 44.00000 57.14018 73.49830 32.44996 10.63015 15.00000 26.40076 75.10659 61.13101 21.84033 19.92486 14.31782 64.77654 13.60147 56.04463 40.70626 33.00000 12.20656 61.03278 38.41875 11.70470 9.21954 5.83095 18.43909 48.27007 37.20215 63.12686 6.08276 46.52956 57.00877 29.27456 67.46851 6.70820 61.00820 10.81665 61.00820 36.71512 10.04988 31.78050 10.44031 30.06659 69.85700 27.73085 50.96077 36.35932 14.31782 48.87740 63.56099 7.61577 72.80110 56.82429 77.83315 31.01612 19.31321 26.92582 31.78050 48.10405 44.65423 50.21952 11.00000 18.43909 52.20153 75.18643 12.16553 42.44997 40.36087 4.47214 5.09902 8.94427 52.34501 17.20465 55.73150 23.76973 34.88553 29.42788 48.10405 64.84597 13.03840 14.21267 57.00877 70.03571 58.30952 45.17743 18.86796 26.30589 24.59675 75.00000 51.00980 30.88689 69.92138 52.39275 6.32456 11.66190 63.78871 35.69314 56.03570 41.18252 77.05842 67.06713 7.61577 37.85499 45.31004 79.60528 54.08327 55.65968 2.82843 54.20332 15.29706 16.97056 43.18565 34.48188 71.17584 10.00000 39.00000 30.52868 53.03772 29.83287 42.04759 32.00000 41.14608 11.04536 54.03702 38.01316 38.27532 31.78050 36.40055 14.21267 23.53720 28.42534 59.41380 39.05125 64.00781 10.81665 46.86150 66.30988 58.13777 60.20797 75.69016 37.85499 12.08305 9.00000 22.13594 40.04997 5.38516 35.17101 16.76305 23.70654 11.40175 28.63564 25.05993 40.44750 
30.47950 37.10795 28.01785 28.86174 29.20616 55.08176 19.10497 25.49510 30.26549 25.07987 41.18252 22.02272 0.00000 7.81025 37.20215 47.85394 55.00909 18.02776 43.56604 50.53712 17.02939 57.27128 23.76973 40.80441 25.17936 20.61553 19.10497 35.44009 21.95450 49.04080 47.01064 16.40122 30.01666 39.84972 12.36932 12.36932 21.54066 23.32381 42.19005 59.00000 18.02776 37.53665 37.12142 61.68468 47.42362 38.32754 57.56735 27.29469 45.54119 16.12452 47.67599 30.41381 35.35534 54.23099 10.77033 24.16609 37.01351 7.07107 60.72891 45.12206 24.04163 23.53720 35.35534 47.16991 31.62278 37.01351 42.19005 21.26029 10.77033 46.81880 16.40122 18.97367 19.64688 16.64332 31.06445 39.05125 15.26434 49.39636 17.02939 25.29822 38.01316 21.63331 49.00000 28.28427 46.48656 23.53720 45.88028 18.02776 30.88689 19.72308 13.03840 17.69181 51.03920 27.20294 32.00000 14.86607 36.05551 27.31300 42.72002 14.86607 52.39275 35.46830 57.48913 27.73085 40.81666 29.15476 15.65248 26.40076 22.82542 40.60788 15.23155 13.60147 32.24903 56.14268 30.01666 34.65545 18.86796 26.17250 17.69181 21.84033 35.90265 31.25700 44.41846 24.69818 14.14214 19.20937 26.17250 43.65776 32.69557 36.06938 35.00000 58.13777 36.67424 29.73214 7.28011 13.45362 5.83095 59.66574 36.40055 13.15295 50.35871 42.80187 25.94224 33.60060 51.88449 19.31321 40.80441 22.20360 61.00000 51.19570 14.86607 20.88061 25.17936 58.30952 32.24903 36.12478 19.20937 32.69557 17.11724 26.47640 27.85678 28.84441 54.74486 23.76973 19.02630 12.04159 39.39543 7.81025 27.73085 24.75884 20.39608 30.80584 38.89730 16.12452 37.20215 15.65248 14.42221 8.54400 15.00000 39.20459 46.95743 17.88854 48.76474 11.31371 24.83948 45.60702 44.77723 49.39636 56.32051 20.88061 12.36932 28.60070 43.41659 28.01785 21.02380 28.60070 12.16553 28.86174 14.31782 9.21954 46.87217 30.47950 
38.28838 30.26549 34.52535 22.09072 31.78050 59.84146 26.87006 29.61419 36.01389 29.42788 44.59821 21.95450 7.81025 0.00000 39.81206 55.47071 61.13101 16.97056 49.04080 54.08327 9.43398 62.39391 31.30495 39.62323 32.01562 18.60108 21.54066 42.72002 29.68164 56.30275 53.33854 8.60233 24.33105 44.55334 17.26268 10.00000 20.51828 26.92582 49.92995 65.19202 16.97056 37.20215 43.73786 66.28725 55.00909 33.52611 62.16912 34.98571 52.39275 10.44031 54.57105 38.07887 38.89730 60.00000 16.03122 27.29469 36.23534 5.38516 68.00735 52.20153 17.11724 17.00000 33.30165 53.75872 28.30194 43.18565 34.48188 29.06888 9.84886 54.23099 19.64688 23.00000 16.40122 16.12452 25.96151 46.86150 19.23538 56.85948 18.68154 30.14963 44.18144 29.20616 55.22681 28.65310 53.85165 19.72308 53.14132 14.76482 29.00000 12.64911 16.03122 25.49510 57.07889 34.01470 38.32754 20.00000 34.65545 31.57531 47.51842 16.49242 57.42822 39.81206 62.51400 34.98571 38.94868 21.84033 23.32381 27.20294 26.68333 48.41487 19.00000 7.07107 38.01316 62.00806 32.28002 42.42641 19.41649 26.41969 18.97367 18.60108 43.01163 26.57066 52.15362 17.46425 20.22375 11.66190 27.78489 48.05206 30.00000 36.05551 37.57659 65.76473 40.52160 37.16181 3.16228 21.21320 13.60147 66.76077 43.86342 8.94427 56.00893 50.60632 24.04163 32.64966 59.53990 26.83282 48.10405 19.23538 67.91171 58.24088 16.49242 28.23119 31.06445 62.36185 35.73514 42.04759 19.23538 36.87818 22.36068 31.01612 35.34119 36.40055 61.61169 20.24846 25.31798 8.60233 46.95743 12.00000 35.35534 17.02939 26.01922 32.31099 46.23851 20.22375 29.41088 23.32381 18.24829 8.24621 7.21110 33.01515 54.58938 17.80449 55.97321 13.15295 27.31300 50.48762 52.32590 57.14018 62.00806 28.23119 10.00000 30.08322 41.23106 35.80503 19.10497 36.23534 6.70820 22.09072 11.31371 16.55295 45.27693 38.28838 
42.57934 67.26812 23.08679 59.90826 8.06226 24.04163 39.81206 13.03840 18.00000 13.89244 6.32456 59.20304 37.20215 39.81206 0.00000 44.92215 32.64966 24.51530 19.84943 15.03330 41.97618 27.85678 32.01562 78.00641 25.49510 25.07987 18.35756 32.24903 34.78505 39.81206 28.60070 44.64303 63.56886 12.80625 47.38143 48.87740 22.09072 14.14214 44.40721 36.40055 24.51530 74.65253 25.96151 29.27456 43.96590 73.16420 25.49510 35.51056 32.64966 50.15974 34.48188 36.12478 5.09902 29.41088 26.90725 59.46427 74.20243 34.43835 48.82622 34.92850 55.08176 55.65968 72.40166 31.06445 68.00000 22.13594 66.00000 38.62642 47.70744 40.49691 20.80865 53.81450 55.94640 53.82379 65.55151 47.00000 22.02272 43.08132 53.90733 15.23155 22.47221 43.86342 29.06888 65.29931 39.56008 59.48109 37.69615 29.27456 67.95587 40.31129 49.57822 38.01316 29.00000 52.80152 22.09072 23.34524 73.23933 12.08305 14.86607 51.85557 23.25941 9.48683 27.51363 50.32892 77.93587 58.05170 33.12099 14.03567 14.86607 47.04253 50.91169 46.61545 18.11077 31.62278 65.79514 47.38143 20.88061 63.25346 54.67175 58.18075 30.41381 66.30988 45.70558 54.57105 25.61250 42.57934 12.36932 13.03840 69.46222 73.10951 2.23607 52.80152 6.70820 32.06244 42.05948 38.27532 35.35534 45.60702 35.22783 33.24154 25.61250 48.16638 62.96825 70.80254 48.70318 31.38471 35.17101 27.00000 44.59821 38.58756 51.85557 29.73214 19.64688 24.00000 6.32456 19.92486 56.40035 9.00000 50.44799 59.40539 32.24903 48.08326 39.20459 59.94164 23.70654 32.57299 38.47077 29.41088 34.36568 47.16991 20.59126 67.17887 34.71311 21.26029 60.00000 33.12099 22.80351 45.48626 43.96590 71.30919 44.64303 22.80351 38.91015 48.41487 12.52996 17.20465 41.48494 49.47727 30.52868 29.73214 48.87740 65.06919 80.45496 38.63936 57.98276 46.84015 46.51881 59.90826 50.60632 31.89044 84.05355 42.57934 
20.02498 84.50444 25.00000 76.32169 43.82921 37.36308 30.80584 37.73592 28.17801 36.89173 41.59327 60.40695 47.85394 55.47071 44.92215 0.00000 25.05993 53.03772 28.00000 44.04543 63.81222 35.46830 24.18677 76.05919 25.45584 55.90170 44.68781 14.21267 26.00000 8.06226 20.39608 64.00781 76.24303 33.37664 46.87217 57.87055 53.90733 40.22437 7.07107 26.40076 53.03772 71.11259 18.97367 42.15448 1.00000 82.56513 39.84972 20.61553 14.14214 63.32456 13.60147 17.46425 39.84972 28.23119 41.40048 53.00943 72.02777 52.15362 15.29706 11.04536 71.69379 70.93659 74.10803 17.46425 73.82412 22.80351 89.94443 27.89265 55.65968 5.09902 43.13931 49.09175 64.03124 58.24946 76.40026 13.60147 41.72529 4.24264 54.58938 34.66987 22.56103 31.14482 21.84033 63.00794 6.08276 67.91171 8.06226 57.31492 70.25667 65.21503 50.99020 31.32092 24.35159 35.35534 23.70654 38.94868 73.00685 36.71512 33.06055 53.93515 33.95585 35.44009 36.40055 31.25700 78.00000 76.96753 32.20248 49.92995 39.40812 11.70470 49.49747 61.32699 27.31300 28.17801 58.21512 19.41649 49.57822 62.07254 55.57877 65.73431 15.26434 75.92760 5.38516 72.49828 37.01351 65.73431 47.16991 36.05551 73.43705 69.11584 44.59821 10.29563 38.32754 18.60108 55.03635 35.73514 42.04759 16.55295 12.04159 56.40035 27.89265 10.29563 66.61081 70.00714 4.24264 28.65310 9.84886 58.72819 19.72308 12.20656 53.93515 27.45906 30.00000 44.38468 39.92493 25.00000 58.69412 36.40055 45.17743 48.25971 20.24846 27.16616 16.27882 67.68309 32.55764 55.00000 8.60233 45.22168 20.12461 71.56116 33.97058 61.13101 10.81665 41.01219 84.72308 32.20248 42.44997 54.08327 62.64982 85.72631 1.00000 50.93133 8.94427 52.63079 44.10215 33.01515 3.60555 5.09902 29.96665 27.45906 57.87055 60.03332 81.00000 20.61553 63.15061 26.07681 59.61543 76.32169 59.77458 38.94868 82.15230 20.02498 
38.27532 91.35097 27.07397 83.21658 36.23534 14.14214 44.59821 33.52611 25.17936 33.24154 26.87006 73.54590 55.00909 61.13101 32.64966 25.05993 0.00000 51.54610 13.41641 24.16609 67.08204 11.04536 34.48188 91.48224 30.26549 53.48832 42.72002 23.70654 37.94733 17.00000 8.24621 68.59300 85.00000 20.24846 59.43904 67.11930 50.69517 36.68787 29.83287 4.12311 51.54610 86.97701 18.43909 17.46425 24.18677 93.19335 16.00000 34.01470 12.80625 71.00704 12.04159 31.76476 28.84441 4.12311 45.09989 68.94926 87.36132 56.32051 19.23538 15.55635 78.23043 78.10250 87.86353 9.43398 85.70881 18.00000 93.39165 41.78516 65.19202 20.24846 42.95346 63.89053 74.24284 69.72087 86.05231 36.06938 42.57934 21.02380 67.46851 31.78050 17.00000 47.01064 6.08276 77.88453 19.41649 78.23043 17.80449 56.61272 83.54639 66.94027 63.15061 43.96590 4.12311 54.20332 23.02173 41.19466 87.55570 31.62278 17.80449 66.09841 11.70470 25.05993 12.04159 50.24938 92.64988 82.60751 41.77320 43.82921 36.40055 34.71311 62.81720 68.06614 23.19483 3.16228 75.02666 40.45986 47.43416 76.40026 68.44706 76.32169 21.93171 86.14523 29.41088 78.40918 41.01219 68.44706 41.14608 19.79899 86.14523 85.07056 33.60060 27.16616 26.62705 29.15476 62.00806 47.29693 50.15974 15.29706 25.23886 58.24946 7.07107 34.20526 79.07591 84.64632 26.57066 37.85499 20.61553 56.08030 13.00000 13.00000 66.09841 35.69314 30.06659 21.02380 30.88689 19.10497 71.19691 27.73085 59.77458 65.79514 31.01612 46.32494 10.04988 78.31347 36.00000 57.07013 25.49510 49.16299 32.69557 73.97973 35.12834 77.49194 22.20360 41.59327 87.55570 41.77320 43.56604 63.12686 67.47592 94.04786 25.55386 49.33559 16.12452 63.63961 39.00000 15.55635 23.60085 29.96665 5.09902 35.69314 67.11930 75.89466 95.56673 36.23534 74.67262 44.94441 67.00746 83.21658 69.11584 46.09772 97.80082 38.27532 
40.71855 42.75512 28.42534 35.44009 17.02939 47.04253 31.78050 18.02776 27.29469 18.38478 30.14963 38.60052 18.02776 16.97056 24.51530 53.03772 51.54610 0.00000 38.32754 39.45884 17.46425 50.24938 30.52868 56.58622 27.58623 3.16228 8.94427 38.89730 30.87070 51.40039 44.77723 20.24846 39.39543 32.38827 30.36445 26.90725 3.60555 14.86607 49.20366 55.65968 0.00000 54.03702 36.89173 53.00943 52.32590 49.19350 49.00000 34.98571 45.79301 26.62705 48.02083 37.44329 25.00000 49.47727 13.60147 42.15448 53.15073 12.20656 62.68174 46.61545 30.67572 31.38471 50.24938 46.06517 45.00000 34.88553 42.29657 32.57299 26.40076 50.32892 9.89949 37.00000 33.30165 32.80244 41.59327 48.37355 11.40175 53.15073 34.48188 20.12461 35.77709 35.51056 46.23851 45.22168 49.67897 36.40055 48.41487 5.09902 45.96738 16.00000 30.87070 29.83287 47.43416 43.04649 31.06445 14.42221 51.62364 19.92486 35.35534 32.24903 45.27693 27.29469 50.15974 42.42641 55.90170 33.54102 25.29822 10.77033 15.23155 49.39636 33.24154 23.02173 29.06888 51.66237 47.85394 45.69464 4.12311 43.01163 34.98571 35.46830 38.28838 42.54409 51.22499 30.08322 17.00000 18.11077 12.16553 35.05710 46.86150 52.80152 22.36068 62.96825 27.01851 34.82815 19.84943 27.16616 20.02498 60.53924 41.03657 8.94427 45.35416 51.31277 41.01219 49.57822 57.28001 26.83282 43.93177 5.83095 60.82763 52.15362 32.24903 26.92582 23.60085 48.25971 22.02272 33.10589 35.80503 24.33105 34.92850 44.38468 33.60060 42.20190 54.58938 37.01351 20.61553 8.60233 44.59821 12.00000 34.66987 23.02173 19.10497 48.37355 42.44997 12.04159 36.34556 25.29822 10.81665 24.41311 19.69772 46.84015 52.34501 2.23607 50.80354 28.65310 13.03840 38.32754 49.49747 56.08030 51.19570 26.92582 26.90725 46.14109 58.13777 37.12142 36.06938 41.48494 23.43075 35.44009 28.28427 19.23538 62.24147 40.71855 
33.60060 79.02531 17.00000 71.00000 22.82542 12.80625 36.61967 20.39608 13.34166 20.22375 14.76482 63.56886 43.56604 49.04080 19.84943 28.00000 13.41641 38.32754 0.00000 16.12452 54.33231 13.92839 26.40076 82.07923 20.59126 40.16217 29.61419 19.23538 30.00000 21.37756 8.94427 56.08030 73.24616 7.07107 49.76947 55.90170 37.33631 23.53720 29.83287 17.46425 38.32754 77.87811 11.66190 19.41649 27.00000 81.88406 15.62050 27.58623 14.14214 59.21149 15.52417 26.40076 15.62050 11.18034 33.13608 60.41523 78.00000 44.00000 29.15476 17.02939 66.00000 66.03030 77.79460 11.70470 74.95332 8.48528 80.41144 34.20526 54.12947 23.02173 30.14963 55.00909 63.15061 59.20304 74.54529 34.53983 30.01666 25.17936 57.58472 19.02630 7.81025 39.82462 9.21954 68.54196 22.02272 67.08204 20.02498 43.41659 73.37575 53.93515 53.14132 35.51056 9.43398 48.10405 13.03840 29.06888 77.83315 18.43909 5.38516 55.97321 9.43398 11.66190 14.31782 44.55334 82.87340 70.11419 32.20248 30.41381 23.34524 33.83785 53.31041 56.08030 11.40175 13.34166 66.73080 37.21559 34.20526 66.85058 58.52350 65.30697 17.00000 74.81310 30.41381 66.03030 29.42788 55.57877 27.73085 8.24621 75.69016 76.05919 20.51828 34.20526 13.45362 22.67157 50.24938 38.01316 39.29377 25.80698 21.93171 45.39824 7.07107 34.20526 68.68042 75.02666 31.14482 28.65310 19.41649 42.72002 24.75884 19.31321 55.97321 26.41969 18.43909 18.60108 17.49286 8.06226 61.03278 14.31782 51.00000 58.24946 24.04163 41.10961 19.41649 67.26812 24.73863 44.28318 24.04163 37.05401 26.17250 61.00000 23.19483 68.88396 19.92486 29.01724 74.52516 32.20248 31.01612 51.97115 55.03635 82.05486 28.01785 36.13862 20.39608 53.16014 25.63201 5.09902 25.07987 33.01515 13.03840 26.41969 55.90170 67.08204 85.70298 30.47950 64.03124 39.69887 55.22681 71.00000 57.87055 35.17101 88.39118 33.60060 
