nbNodes
202
nbVehi
30
nbServi
6
r
1 1 1 1 1 1 
0 0 1 0 0 0 
0 0 1 0 0 0 
1 0 0 0 0 0 
0 1 0 0 0 0 
1 0 0 0 0 0 
1 0 0 0 0 0 
0 0 0 1 0 0 
0 0 0 0 1 0 
0 1 0 0 0 0 
0 1 0 0 0 0 
0 0 0 1 0 0 
0 0 0 0 1 0 
0 0 0 0 0 1 
0 0 0 0 1 0 
0 0 0 1 0 0 
0 0 0 0 1 0 
1 0 0 0 0 0 
0 0 0 1 0 0 
0 0 0 0 1 0 
0 1 0 0 0 0 
0 1 0 0 0 0 
1 0 0 0 0 0 
0 1 0 0 0 0 
0 0 0 0 0 1 
0 0 0 0 1 0 
0 1 0 0 0 0 
0 0 0 0 0 1 
0 0 0 0 0 1 
0 0 1 0 0 0 
0 0 0 0 0 1 
0 0 1 0 0 0 
0 0 0 0 0 1 
1 0 0 0 0 0 
1 0 0 0 0 0 
0 0 1 0 0 0 
0 0 0 1 0 0 
0 0 0 1 0 0 
1 0 0 0 0 0 
0 0 0 1 0 0 
0 1 0 0 0 0 
0 1 0 0 0 0 
0 0 0 0 0 1 
0 0 1 0 0 0 
0 0 0 0 1 0 
0 0 1 0 0 0 
0 0 0 0 1 0 
0 0 1 0 0 0 
0 0 0 0 0 1 
0 0 0 0 1 0 
0 0 1 0 0 0 
0 0 0 1 0 0 
0 0 0 1 0 0 
0 0 0 1 0 0 
0 1 0 0 0 0 
0 0 0 1 0 0 
0 0 0 0 1 0 
0 0 0 1 0 0 
0 0 0 0 1 0 
1 0 0 0 0 0 
1 0 0 0 0 0 
0 0 1 0 0 0 
0 1 0 0 0 0 
0 1 0 0 0 0 
0 0 1 0 0 0 
0 1 0 0 0 0 
0 0 0 1 0 0 
0 1 0 0 0 0 
1 0 0 0 0 0 
0 0 1 0 0 0 
0 0 0 0 0 1 
0 0 0 0 0 1 
0 0 1 0 0 0 
0 0 0 0 1 0 
0 0 0 1 0 0 
0 0 0 0 1 0 
0 0 1 0 0 0 
0 0 0 0 0 1 
0 0 0 0 0 1 
0 0 1 0 0 0 
0 1 0 0 0 0 
0 0 0 0 0 1 
0 0 0 0 0 1 
0 0 0 0 1 0 
0 0 0 1 0 0 
0 0 0 0 1 0 
0 0 1 0 0 0 
0 0 1 0 0 0 
0 0 1 0 0 0 
0 0 1 0 0 0 
0 1 0 0 0 0 
1 0 0 0 0 0 
0 0 0 0 1 0 
0 0 0 0 0 1 
0 0 0 0 1 0 
0 0 0 0 0 1 
0 0 0 0 0 1 
1 0 0 0 0 0 
0 0 0 0 0 1 
0 0 0 1 0 0 
0 0 0 0 1 0 
0 0 0 0 0 1 
0 0 0 0 1 0 
0 0 1 0 0 0 
0 0 0 0 0 1 
0 0 0 0 0 1 
0 0 0 0 0 1 
0 1 0 0 0 0 
0 1 0 0 0 0 
0 0 0 1 0 0 
0 0 0 0 0 1 
0 1 0 0 0 0 
0 0 1 0 0 0 
0 0 0 0 1 0 
1 0 0 0 0 0 
0 0 0 1 0 0 
0 0 0 1 0 0 
1 0 0 0 0 0 
0 0 1 0 0 0 
0 0 0 1 0 0 
0 0 0 0 0 1 
1 0 0 0 0 0 
1 0 0 0 0 0 
0 1 0 0 0 0 
0 0 1 0 0 0 
0 1 0 0 0 0 
1 0 0 0 0 0 
0 0 0 0 1 0 
1 0 0 0 0 0 
0 0 0 0 0 1 
0 0 1 0 0 0 
0 0 0 0 1 0 
0 0 0 0 1 0 
0 1 0 0 0 0 
0 0 0 0 1 0 
1 0 0 0 0 0 
0 0 1 0 0 0 
1 0 0 0 0 0 
0 0 1 0 0 0 
1 0 0 0 0 0 
0 0 1 0 0 0 
0 0 0 0 1 1 
0 0 0 0 1 1 
0 0 0 1 1 0 
0 0 0 0 1 1 
0 0 0 1 0 1 
0 0 0 1 0 1 
0 0 0 1 1 0 
0 0 0 1 0 1 
0 0 0 1 0 1 
0 0 0 1 1 0 
0 0 0 0 1 1 
0 0 0 1 1 0 
0 0 0 1 1 0 
0 0 0 1 0 1 
0 0 0 1 1 0 
0 0 0 1 0 1 
0 0 0 1 0 1 
0 0 0 0 1 1 
0 0 0 0 1 1 
0 0 0 1 1 0 
0 0 0 1 0 1 
0 0 0 1 1 0 
0 0 0 1 0 1 
0 0 0 1 1 0 
0 0 0 0 1 1 
0 0 0 1 0 1 
0 0 0 1 0 1 
0 0 0 1 1 0 
0 0 0 1 1 0 
0 0 0 1 0 1 
1 0 0 0 0 1 
1 0 0 1 0 0 
0 1 0 0 0 1 
0 0 1 1 0 0 
0 0 1 0 0 1 
0 1 0 0 0 1 
1 0 0 0 0 1 
0 1 0 0 0 1 
0 1 0 1 0 0 
0 1 0 1 0 0 
0 1 0 0 1 0 
0 0 1 0 1 0 
0 0 1 1 0 0 
0 0 1 1 0 0 
0 1 0 1 0 0 
1 0 0 0 0 1 
0 0 1 0 0 1 
0 1 0 1 0 0 
1 0 0 0 1 0 
0 1 0 0 1 0 
0 0 1 0 1 0 
0 0 1 0 1 0 
0 0 1 0 1 0 
0 1 0 1 0 0 
0 1 0 0 0 1 
0 1 0 0 1 0 
0 1 0 0 0 1 
0 1 0 0 0 1 
0 0 1 0 0 1 
0 1 0 0 1 0 
1 1 1 1 1 1 
DS
142 143 144 145 146 147 148 149 150 151 152 153 154 155 156 157 158 159 160 161 162 163 164 165 166 167 168 169 170 171 195 172 173 174 175 176 177 178 179 180 181 182 183 184 185 186 187 188 189 190 191 192 193 194 196 197 198 199 200 201 
a
1 1 0 0 0 0 
1 0 1 0 0 0 
0 1 1 0 0 0 
1 0 1 0 0 0 
0 0 1 0 0 0 
1 0 0 0 0 0 
1 1 1 0 0 0 
1 0 0 0 0 0 
0 1 1 0 0 0 
1 1 0 0 0 0 
0 0 0 0 1 0 
0 0 0 1 1 1 
0 0 0 1 1 1 
0 0 0 0 0 1 
0 0 0 0 1 1 
0 0 0 1 1 0 
0 0 0 1 1 1 
0 0 0 1 1 1 
0 0 0 1 1 1 
0 0 0 1 1 1 
0 0 0 1 0 1 
0 0 0 1 1 1 
0 0 0 0 1 1 
0 0 0 1 1 1 
0 0 0 1 0 1 
0 0 0 1 1 1 
0 0 0 1 0 0 
0 0 0 1 1 1 
0 0 0 1 1 1 
0 0 0 1 0 1 
x
34 10 28 49 59 85 77 81 76 86 11 85 78 57 46 38 22 92 61 53 57 32 70 28 24 39 57 29 7 30 26 75 71 95 50 65 46 30 3 20 99 44 26 98 92 80 9 79 14 27 99 96 93 1 73 93 46 89 48 77 86 23 55 46 49 28 99 88 38 24 47 78 39 1 79 79 55 14 75 20 62 11 95 24 93 68 66 85 8 8 65 22 21 49 70 1 40 0 79 59 34 55 74 37 76 14 40 11 83 77 84 64 71 38 50 35 2 64 46 77 51 93 92 86 25 97 80 43 95 41 81 82 87 0 87 7 21 90 11 62 3 81 3 84 36 98 88 33 11 82 37 69 35 55 11 93 17 58 52 49 67 44 10 21 61 27 39 69 67 35 84 74 32 75 92 88 86 63 92 16 21 14 78 93 3 27 7 16 46 41 67 90 63 24 65 75 39 83 66 26 0 34 
y
2 5 12 4 26 21 25 30 39 2 25 24 20 31 19 2 33 30 39 31 1 6 15 4 3 20 19 12 0 31 44 38 38 48 32 29 9 10 31 9 20 29 47 7 5 48 41 0 36 3 6 39 48 1 4 46 4 11 27 0 31 10 15 2 23 10 20 30 5 26 39 2 19 11 26 48 49 3 46 10 32 4 31 17 2 7 19 18 3 45 34 23 38 15 40 4 5 19 6 6 39 3 14 3 16 10 10 35 21 37 35 11 26 5 20 38 4 11 26 48 29 40 37 18 29 0 23 31 33 38 20 39 7 23 42 21 6 24 21 39 35 23 44 31 10 22 16 37 14 42 32 38 6 9 16 45 30 8 11 15 21 14 45 7 8 15 2 35 31 49 39 19 22 42 34 6 16 47 49 2 24 49 10 16 27 48 18 5 9 29 43 40 21 43 44 3 27 45 23 37 0 2 
d
0.00000 24.18677 11.66190 15.13275 34.65545 54.42426 48.76474 54.70832 55.97321 52.00000 32.52691 55.54278 47.53946 37.01351 20.80865 4.00000 33.24154 64.40497 45.80393 34.66987 23.02173 4.47214 38.27532 6.32456 10.04988 18.68154 28.60070 11.18034 27.07397 29.27456 42.75512 54.56189 51.62364 76.40026 34.00000 41.10961 13.89244 8.94427 42.44997 15.65248 67.44627 28.79236 45.70558 64.19502 58.07753 65.05382 46.32494 45.04442 39.44617 7.07107 65.12296 72.20111 74.81310 33.01515 39.05125 73.60027 12.16553 55.73150 28.65310 43.04649 59.53990 13.60147 24.69818 12.00000 25.80698 10.00000 67.44627 60.82763 5.00000 26.00000 39.21734 44.00000 17.72005 34.20526 51.00000 64.35060 51.47815 20.02498 60.14150 16.12452 41.03657 23.08679 67.54258 18.02776 59.00000 34.36568 36.23534 53.45091 26.01922 50.24938 44.55334 24.18677 38.27532 19.84943 52.34501 33.06055 6.70820 38.01316 45.17743 25.31798 37.00000 21.02380 41.76123 3.16228 44.27189 21.54066 10.00000 40.22437 52.55473 55.44367 59.90826 31.32092 44.10215 5.00000 24.08319 36.01389 32.06244 31.32092 26.83282 62.96825 31.90611 70.17834 67.74216 54.40588 28.46050 63.03174 50.56679 30.36445 68.42514 36.67424 50.32892 60.60528 53.23533 39.96248 66.40030 33.01515 13.60147 60.16644 29.83287 46.40043 45.27693 51.47815 52.20153 57.80138 8.24621 67.05222 55.78530 35.01428 25.94224 62.48200 30.14963 50.20956 4.12311 22.13594 26.92582 73.00685 32.75668 24.73863 20.12461 19.84943 38.07887 15.62050 49.24429 13.92839 27.65863 14.76482 5.00000 48.10405 43.93177 47.01064 62.20129 43.46263 20.09975 57.28001 66.24198 54.14795 53.85165 53.53504 74.65253 18.00000 25.55386 51.07837 44.72136 60.63827 39.82462 46.52956 31.38471 18.24829 13.89244 27.89265 52.63079 67.67570 34.66987 42.20190 52.20153 41.01219 25.49510 65.19202 38.27532 35.90265 34.05877 0.00000 
24.18677 0.00000 19.31321 39.01282 53.31041 76.68768 69.92138 75.27284 74.24284 76.05919 20.02498 77.36924 69.63476 53.71220 38.62642 28.16026 30.46309 85.72631 61.29437 50.24938 47.16991 22.02272 60.82763 18.02776 14.14214 32.64966 49.04080 20.24846 5.83095 32.80244 42.15448 72.89719 69.35416 95.25755 48.25971 60.00833 36.22154 20.61553 26.92582 10.77033 90.25519 41.61730 44.94441 88.02272 82.00000 82.15230 36.01389 69.18092 31.25700 17.11724 89.00562 92.47702 93.47727 9.84886 63.00794 92.57429 36.01389 79.22752 43.90900 67.18631 80.32434 13.92839 46.09772 36.12478 42.95346 18.68154 90.25519 81.90849 28.00000 25.23886 50.24938 68.06614 32.20248 10.81665 72.12489 81.30191 62.93648 4.47214 76.85050 11.18034 58.59181 1.41421 88.88757 18.43909 83.05420 58.03447 57.72348 76.11833 2.82843 40.04997 62.17717 21.63331 34.78505 40.26164 69.46222 9.05539 30.00000 17.20465 69.00725 49.01020 41.61730 45.04442 64.62971 27.07397 66.91039 6.40312 30.41381 30.01666 74.73286 74.24958 79.84986 54.33231 64.51356 28.00000 42.72002 41.40048 8.06226 54.33231 41.67733 79.61156 47.50789 90.07774 88.02272 77.10383 28.30194 87.14356 72.27724 42.01190 89.49302 45.27693 72.56721 79.62412 77.02597 20.59126 85.42833 16.27882 11.04536 82.22530 16.03122 62.12890 30.80584 73.24616 39.62323 78.43469 26.47640 89.62700 78.77182 39.40812 9.05539 80.95060 38.18377 67.60178 25.01999 45.17743 11.04536 92.13577 25.96151 48.09366 42.42641 40.26164 59.20304 35.17101 40.00000 11.18034 51.08816 19.72308 29.15476 66.18912 62.64982 50.60632 81.43709 65.51336 27.80288 74.79305 86.97701 78.00641 76.79193 67.62396 93.05912 6.70820 21.95450 44.18144 68.18358 83.72574 23.08679 46.23851 13.34166 6.00000 36.22154 39.20459 68.50547 87.32125 55.36244 40.49691 67.42403 65.03076 36.40055 83.24062 58.82176 35.77709 11.18034 24.18677 
11.66190 19.31321 0.00000 22.47221 34.01470 57.70615 50.69517 55.97321 55.07268 58.85576 21.40093 58.24946 50.63596 34.66987 19.31321 14.14214 21.84033 66.48308 42.63801 31.40064 31.01612 7.21110 42.10701 8.00000 9.84886 13.60147 29.83287 1.00000 24.18677 19.10497 32.06244 53.71220 50.24938 76.05919 29.73214 40.71855 18.24829 2.82843 31.40064 8.54400 71.44928 23.34524 35.05710 70.17834 64.38167 63.24555 34.66987 52.39275 27.78489 9.05539 71.25307 73.16420 74.30343 29.15476 45.70558 73.35530 19.69772 61.00820 25.00000 50.44799 61.03278 5.38516 27.16616 20.59126 23.70654 2.00000 71.44928 62.64184 12.20656 14.56022 33.01515 50.99020 13.03840 27.01851 52.88667 62.42596 45.80393 16.64332 58.00862 8.24621 39.44617 18.78829 69.64194 6.40312 65.76473 40.31129 38.63936 57.31492 21.93171 38.58756 43.04649 12.52996 26.92582 21.21320 50.47772 28.16026 13.89244 28.86174 51.35173 31.57531 27.65863 28.46050 46.04346 12.72792 48.16638 14.14214 12.16553 28.60070 55.73150 55.00909 60.53924 36.01389 45.22168 12.20656 23.40940 26.92582 27.20294 36.01389 22.80351 60.80296 28.60070 70.77429 68.70953 58.30952 17.26268 70.03571 53.15073 24.20744 70.21396 29.06888 53.60037 60.37384 59.21149 30.08322 66.18912 22.84732 9.21954 63.15061 19.23538 43.41659 33.97058 54.12947 40.60788 59.13544 8.24621 70.71068 60.13319 25.49510 17.11724 61.77378 21.93171 48.54894 9.21954 27.16616 17.46425 72.89719 21.09502 30.26549 24.02082 21.21320 40.02499 16.12452 37.58989 8.60233 33.24154 3.16228 14.86607 47.01064 43.38202 37.65634 62.16912 46.52956 10.77033 55.75841 67.67570 60.29925 58.13777 49.49747 73.92564 15.62050 13.89244 39.56008 50.03998 65.12296 29.15476 36.01389 21.84033 13.89244 18.24829 21.40093 49.81967 68.02941 36.13862 31.25700 48.91830 47.85394 18.60108 64.14047 39.56008 25.07987 30.46309 11.66190 
15.13275 39.01282 22.47221 0.00000 24.16609 39.81206 35.00000 41.23106 44.20407 37.05401 43.41659 41.18252 33.12099 28.16026 15.29706 11.18034 39.62323 50.24938 37.00000 27.29469 8.54400 17.11724 23.70654 21.00000 25.01999 18.86796 17.00000 21.54066 42.19005 33.01515 46.14109 42.80187 40.49691 63.65532 28.01785 29.68164 5.83095 19.92486 53.33854 29.42788 52.49762 25.49510 48.76474 49.09175 43.01163 53.82379 54.48853 30.26549 47.42362 22.02272 50.03998 58.60034 62.22540 48.09366 24.00000 60.82763 3.00000 40.60788 23.02173 28.28427 45.80393 26.68333 12.52996 3.60555 19.00000 21.84033 52.49762 46.87217 11.04536 33.30165 35.05710 29.06888 18.02776 48.50773 37.20215 53.25411 45.39824 35.01428 49.39636 29.61419 30.87070 38.00000 53.33854 28.17801 44.04543 19.23538 22.67157 38.62642 41.01219 57.98276 34.00000 33.01515 44.04543 11.00000 41.67733 48.00000 9.05539 51.24451 30.06659 10.19804 38.07887 6.08276 26.92582 12.04159 29.54657 35.51056 10.81665 49.04080 38.01316 43.27817 46.75468 16.55295 31.11270 11.04536 16.03122 36.76955 47.00000 16.55295 22.20360 52.15362 25.07987 56.85068 54.20332 39.56008 34.65545 48.16638 36.35932 27.65863 54.37830 34.92850 35.77709 48.10405 38.11824 52.55473 53.74012 45.31004 28.07134 45.61798 41.62932 37.33631 55.47071 37.21559 60.95900 44.20407 14.31782 52.20153 40.80441 36.67424 39.29377 50.32892 30.46309 39.44617 14.14214 7.81025 39.84972 60.14150 41.23106 9.84886 7.61577 11.00000 24.75884 11.18034 56.58622 28.16026 12.64911 24.59675 10.19804 36.89173 32.44996 47.12749 49.49747 29.15476 24.75884 46.04346 52.43091 39.05125 38.89730 45.22168 62.24147 33.06055 34.40930 57.00877 29.61419 45.60702 51.42956 49.19350 44.27189 33.01515 5.83095 26.24881 42.95346 54.56189 22.02272 46.32494 43.08132 26.01922 25.07987 53.26350 25.49510 40.22437 49.16299 15.13275 
34.65545 53.31041 34.01470 24.16609 0.00000 26.47640 18.02776 22.36068 21.40093 36.12478 48.01042 26.07681 19.92486 5.38516 14.76482 31.89044 37.65634 33.24154 13.15295 7.81025 25.07987 33.60060 15.55635 38.01316 41.88078 20.88061 7.28011 33.10589 58.13777 29.42788 37.58989 20.00000 16.97056 42.19005 10.81665 6.70820 21.40093 33.12099 56.22277 42.54409 40.44750 15.29706 39.11521 43.38202 39.11521 30.41381 52.20153 32.80244 46.09772 39.40812 44.72136 39.21734 40.49691 63.15853 26.07681 39.44617 25.55386 33.54102 11.04536 31.62278 27.45906 39.39543 11.70470 27.29469 10.44031 34.88553 40.44750 29.27456 29.69848 35.00000 17.69181 30.61046 21.18962 59.90826 20.00000 29.73214 23.34524 50.53712 25.61250 42.15448 6.70820 52.80152 36.34556 36.13862 41.61730 21.02380 9.89949 27.20294 55.94640 54.42426 10.00000 37.12142 39.84972 14.86607 17.80449 62.03225 28.31960 59.41380 28.28427 20.00000 28.17801 23.34524 19.20937 31.82766 19.72308 47.75982 24.83948 48.83646 24.51530 21.09502 26.57066 15.81139 12.00000 29.69848 10.81665 26.83282 61.09828 15.81139 13.00000 28.42534 8.54400 36.76955 34.78505 28.16026 34.13210 46.04346 21.21320 16.76305 36.67424 21.63331 22.80351 26.41969 33.83785 59.07622 32.24903 52.23983 42.94182 31.06445 48.25971 13.34166 56.71860 22.20360 58.82176 25.49510 28.01785 39.20459 30.67572 28.23119 49.47727 28.01785 22.80351 15.62050 31.24100 17.46425 49.03060 38.94868 42.19005 18.02776 16.55295 14.86607 9.43398 19.20937 52.55473 42.48529 18.11077 33.83785 31.24100 13.45362 9.43398 33.24154 28.17801 16.55295 27.29469 22.62742 33.95585 35.22783 28.79236 21.37756 40.22437 49.24429 38.05260 50.53712 24.83948 35.44009 56.00893 38.83298 52.61179 47.85394 21.40093 18.24829 18.78829 34.01470 6.40312 38.91015 18.97367 28.01785 20.02498 30.61046 7.61577 34.78505 64.47480 34.65545 
54.42426 76.68768 57.70615 39.81206 26.47640 0.00000 8.94427 9.84886 20.12461 19.02630 74.10803 3.00000 7.07107 29.73214 39.05125 50.69517 64.13267 11.40175 30.00000 33.52611 34.40930 55.08176 16.15549 59.48109 63.60031 46.01087 28.07134 56.71860 80.77747 55.90170 63.32456 19.72308 22.02272 28.79236 36.68787 21.54066 40.80441 56.08921 82.60751 66.09841 14.03567 41.77320 64.47480 19.10497 17.46425 27.45906 78.58753 21.84033 72.56721 60.72891 20.51828 21.09502 28.16026 86.34813 20.80865 26.24881 42.54409 10.77033 37.48333 22.47221 10.04988 62.96825 30.59412 43.38202 36.05551 58.05170 14.03567 9.48683 49.64877 61.20457 42.04759 20.24846 46.04346 84.59314 7.81025 27.65863 41.03657 73.24616 26.92582 65.92420 25.49510 75.92760 14.14214 61.13101 20.61553 22.02272 19.10497 3.00000 79.07591 80.65358 23.85372 63.03174 66.21933 36.49658 24.20744 85.70298 47.75982 85.02353 16.15549 30.01666 54.08327 34.98571 13.03840 51.26402 10.29563 71.84706 46.32494 75.31268 2.00000 17.88854 14.03567 23.25941 14.86607 49.64877 35.01428 52.81098 84.72308 23.25941 39.31921 28.16026 34.92850 20.61553 17.46425 3.16228 60.53098 24.18677 5.38516 43.17407 15.62050 47.16991 4.12311 18.24829 14.14214 85.02353 21.09502 78.00000 65.73431 5.83095 74.00000 29.20616 83.18654 4.47214 85.16455 10.04988 50.21952 13.03840 5.83095 54.40588 74.33034 21.21320 49.24429 23.34524 52.20153 32.31099 74.16873 25.29822 68.59300 29.96665 34.48188 36.49658 18.00000 41.59327 78.74643 65.51336 27.29469 58.30952 49.76947 21.26029 20.59126 57.30620 18.02776 11.18034 53.00943 23.25941 14.76482 15.29706 5.09902 34.05877 28.86174 71.56815 64.07027 76.32169 13.03840 9.43398 82.21922 63.97656 78.05767 70.83078 40.80441 44.72136 28.42534 19.64688 22.00000 64.84597 30.47950 20.59126 46.38965 24.08319 19.10497 61.13101 87.55570 54.42426 
48.76474 69.92138 50.69517 35.00000 18.02776 8.94427 0.00000 6.40312 14.03567 24.69818 66.00000 8.06226 5.09902 20.88061 31.57531 45.27693 55.57877 15.81139 21.26029 24.73863 31.24100 48.84670 12.20656 53.31041 57.38467 38.32754 20.88061 49.72927 74.33034 47.38143 54.42426 13.15295 14.31782 29.20616 27.89265 12.64911 34.88553 49.33559 74.24284 59.20304 22.56103 33.24154 55.54278 27.65863 25.00000 23.19483 69.85700 25.07987 63.95311 54.62600 29.06888 23.60085 28.01785 79.69944 21.37756 26.40076 37.44329 18.43909 29.06888 25.00000 10.81665 56.04463 24.16609 38.60052 28.07134 51.24451 22.56103 12.08305 43.82921 53.00943 33.10589 23.02173 38.47077 77.27872 2.23607 23.08679 32.55764 66.73080 21.09502 58.94065 16.55295 69.26038 18.97367 53.60037 28.01785 20.12461 12.52996 10.63015 72.42237 71.84010 15.00000 55.03635 57.48913 29.73214 16.55295 78.84795 42.05948 77.23341 19.10497 26.17250 45.22168 31.11270 11.40175 45.65085 9.05539 64.76110 39.92493 66.75328 7.21110 12.00000 12.20656 19.10497 6.08276 43.82921 27.45906 43.96590 77.88453 19.10497 31.01612 23.00000 26.30589 21.93171 19.20937 11.40175 52.15362 32.01562 3.60555 34.52535 19.69772 38.27532 6.40312 14.86607 20.59126 77.02597 19.72308 70.11419 59.13544 13.03840 66.12110 20.51828 74.67262 4.47214 76.40026 9.21954 43.65776 21.21320 14.21267 45.60702 66.91039 17.72005 40.60788 15.26434 46.09772 27.20294 66.61081 25.61250 60.20797 25.49510 28.65310 29.73214 10.77033 34.78505 69.92138 58.82176 23.34524 50.99020 44.41846 12.80625 11.66190 48.37355 15.65248 6.70820 45.09989 17.11724 17.49286 21.95450 12.72792 26.07681 28.30194 65.19202 56.00893 67.41662 15.03330 18.35756 74.02702 55.03635 70.34913 64.19502 34.88553 36.22154 20.59126 19.84943 14.56022 55.97321 22.47221 22.09072 38.05260 20.88061 11.18034 52.39275 80.95678 48.76474 
54.70832 75.27284 55.97321 41.23106 22.36068 9.84886 6.40312 0.00000 10.29563 28.44293 70.17834 7.21110 10.44031 24.02082 36.68787 51.31277 59.07622 11.00000 21.93171 28.01785 37.64306 54.56189 18.60108 59.03389 63.07139 43.17407 26.40076 55.02727 79.84986 51.00980 56.75385 10.00000 12.80625 22.80351 31.06445 16.03122 40.81666 54.78138 78.00641 64.51356 20.59126 37.01351 57.56735 28.60070 27.31300 18.02776 72.83543 30.06659 67.26812 60.37384 30.00000 17.49286 21.63331 85.09407 27.20294 20.00000 43.60046 20.61553 33.13608 30.26549 5.09902 61.35145 30.01666 44.82187 32.75668 56.64804 20.59126 7.00000 49.73932 57.14018 35.17101 28.16026 43.41659 82.22530 4.47214 18.11077 32.20248 72.23573 17.08801 64.19502 19.10497 74.67262 14.03567 58.46366 30.46309 26.41969 18.60108 12.64911 77.83315 74.52516 16.49242 59.41380 60.53098 35.34119 14.86607 84.11896 48.02083 81.74350 24.08319 32.55764 47.85394 37.48333 17.46425 51.62364 14.86607 69.92138 45.61798 70.17834 9.21954 8.06226 5.83095 25.49510 10.77033 49.73932 32.57299 46.69047 83.16850 25.49510 35.22783 18.43909 30.01666 15.62050 13.03840 13.00000 56.00893 34.00000 7.07107 38.01316 14.31782 40.79216 10.00000 9.05539 23.76973 81.30191 13.41641 74.54529 64.62198 10.81665 70.57620 21.02380 78.16009 7.00000 79.24645 3.16228 49.24429 18.78829 15.65248 48.50773 71.80529 12.04159 44.04543 14.42221 51.88449 33.42155 71.38627 19.20937 64.00000 31.82766 34.66987 35.34119 16.64332 40.31129 72.56721 64.25730 29.73214 56.04463 50.47772 13.00000 14.03567 49.76947 9.48683 13.03840 49.64877 13.41641 11.70470 25.00000 14.86607 24.75884 21.95450 70.77429 60.29925 69.64194 20.22375 18.43909 78.05767 56.92100 74.96666 69.64194 40.81666 40.01250 19.10497 13.45362 20.12461 58.46366 21.26029 27.65863 42.10701 15.13275 16.55295 55.44367 86.37708 54.70832 
55.97321 74.24284 55.07268 44.20407 21.40093 20.12461 14.03567 10.29563 0.00000 38.32754 66.49060 17.49286 19.10497 20.61553 36.05551 53.03772 54.33231 18.35756 15.00000 24.35159 42.48529 55.00000 24.73863 59.40539 63.24555 41.59327 27.58623 54.20332 79.25907 46.69047 50.24938 1.41421 5.09902 21.02380 26.92582 14.86607 42.42641 54.37830 73.43705 63.52952 29.83287 33.52611 50.63596 38.83298 37.57659 9.84886 67.02984 39.11521 62.07254 60.80296 40.22437 20.00000 19.23538 84.07735 35.12834 18.38478 46.09772 30.87070 30.46309 39.01282 12.80625 60.41523 31.89044 47.63402 31.38471 56.08030 29.83287 15.00000 50.99020 53.60037 29.00000 37.05401 42.05948 80.05623 13.34166 9.48683 23.25941 71.69379 7.07107 63.06346 15.65248 73.82412 20.61553 56.46238 40.71855 32.98485 22.36068 22.84732 76.94154 68.26419 12.08305 56.32051 55.00909 36.12478 6.08276 82.76473 49.51767 78.58753 33.13608 37.12142 42.00000 41.67733 25.07987 53.07542 23.00000 68.44706 46.22770 65.12296 19.31321 2.23607 8.94427 30.46309 13.92839 50.99020 32.20248 41.01219 81.85964 30.46309 32.69557 9.05539 26.92582 17.02939 16.12452 23.25941 51.97115 44.29447 16.49242 33.95585 19.92486 35.01428 19.64688 6.00000 33.83785 77.66595 11.40175 71.30919 64.14047 20.51828 67.44627 14.00000 73.10951 16.76305 73.17103 11.31371 49.40648 27.80288 25.94224 43.04649 69.64194 6.70820 39.62323 7.07107 52.63079 36.61967 68.94926 18.02776 59.68249 35.84690 36.87818 36.12478 20.12461 40.60788 66.27217 63.63175 34.43835 54.56189 52.32590 8.06226 12.04159 42.20190 8.00000 20.09975 47.16991 3.16228 16.76305 35.11410 25.07987 15.26434 18.86796 70.49113 57.00877 62.80127 29.06888 28.60070 73.97973 49.81967 72.12489 68.96376 42.42641 36.40055 9.84886 14.03567 22.20360 52.15362 12.08305 36.01389 38.89730 9.21954 18.86796 50.03998 85.42248 55.97321 
52.00000 76.05919 58.85576 37.05401 36.12478 19.02630 24.69818 28.44293 38.32754 0.00000 78.44743 22.02272 19.69772 41.01219 43.46263 48.00000 71.11259 28.63564 44.65423 43.93177 29.01724 54.14795 20.61553 58.03447 62.00806 50.32892 33.61547 57.87055 79.02531 63.06346 73.23933 37.64306 39.00000 46.87217 46.86150 34.20526 40.60788 56.56854 87.92042 66.37017 22.20360 49.92995 75.00000 13.00000 6.70820 46.38965 86.31338 7.28011 79.62412 59.00847 13.60147 38.32754 46.52956 85.00588 13.15295 44.55334 40.04997 9.48683 45.48626 9.21954 29.00000 63.50591 33.61547 40.00000 42.54409 58.54912 22.20360 28.07134 48.09366 66.48308 53.75872 8.00000 49.98000 85.47514 25.00000 46.52956 56.30275 72.00694 45.35416 66.48308 38.41875 75.02666 30.36445 63.78871 7.00000 18.68154 26.24881 16.03122 78.00641 89.06739 38.27532 67.35726 74.30343 39.21734 41.23106 85.02353 46.09772 87.66413 8.06226 27.29469 63.82006 31.01612 16.97056 49.01020 17.20465 72.44308 46.69047 81.93900 19.23538 36.13862 33.06055 23.76973 28.30194 48.09366 40.24922 62.42596 84.02381 23.76973 46.64762 46.87217 44.20407 38.63936 35.51056 16.00000 66.70832 11.18034 21.84033 51.86521 32.28002 57.62812 18.68154 37.21559 5.09902 88.52683 40.01250 81.25269 65.12296 22.36068 77.36924 44.10215 89.31965 21.58703 93.02150 29.06888 50.63596 23.32381 14.14214 63.51378 75.95393 40.19950 57.45433 39.81206 51.15662 31.78050 76.29548 43.56604 74.46476 28.63564 35.17101 39.21734 26.87006 43.68066 87.32125 65.19202 25.70992 60.41523 47.00000 37.12142 34.66987 69.35416 37.05401 20.80865 57.58472 41.48494 32.55764 4.47214 14.00000 50.53712 47.38143 70.00000 68.62215 85.98256 11.31371 15.65248 86.68333 74.81310 80.60397 70.06426 40.60788 52.47857 45.18849 38.20995 29.83287 74.33034 46.95743 11.04536 53.23533 43.10452 29.00000 69.46222 86.02325 52.00000 
32.52691 20.02498 21.40093 43.41659 48.01042 74.10803 66.00000 70.17834 66.49060 78.44743 0.00000 74.00676 67.18631 46.38965 35.51056 35.46830 13.60147 81.15417 51.92302 42.42641 51.88449 28.31960 59.84146 27.01851 25.55386 28.44293 46.38965 22.20360 25.31798 19.92486 24.20744 65.30697 61.39218 87.09191 39.62323 54.14795 38.48376 24.20744 10.00000 18.35756 88.14193 33.24154 26.62705 88.84256 83.43261 72.73239 16.12452 72.44998 11.40175 27.20294 90.02777 86.14523 85.16455 26.00000 65.45991 84.64632 40.81666 79.24645 37.05401 70.57620 75.23962 19.20937 45.12206 41.88078 38.05260 22.67157 88.14193 77.16217 33.60060 13.03840 38.62642 70.83784 28.63564 17.20465 68.00735 71.78440 50.11986 22.20360 67.35726 17.49286 51.47815 21.00000 84.21401 15.26434 85.16455 59.77458 55.32630 74.33034 22.20360 20.22375 54.74486 11.18034 16.40122 39.29377 60.87693 23.25941 35.22783 12.52996 70.60453 51.62364 26.92582 49.19350 63.95311 34.05877 65.62012 15.29706 32.64966 10.00000 72.11103 67.08204 73.68175 54.81788 60.00833 33.60060 39.31921 27.29469 22.84732 54.81788 35.01428 69.89278 40.19950 83.36066 81.88406 75.32596 14.56022 89.56004 69.02898 32.55764 84.38009 32.69557 70.17834 72.36712 78.10250 11.18034 77.87811 5.65685 21.47091 79.00633 4.00000 52.88667 12.80625 70.02857 20.61553 73.24616 29.15476 87.05171 77.52419 25.05993 11.00000 73.00685 26.92582 59.43904 30.61046 46.81880 9.00000 84.40379 7.81025 49.98000 43.32436 39.29377 56.14268 34.78505 20.02498 20.59126 52.81098 18.86796 36.23534 58.85576 56.32051 33.94113 74.33034 63.28507 21.21320 66.21933 81.49847 79.30952 75.53807 56.46238 84.48077 23.53720 10.04988 24.18677 68.65858 82.49242 8.24621 28.01785 8.06226 20.61553 38.48376 30.26549 58.82176 80.41144 52.15362 22.20360 57.24509 67.67570 28.07134 74.72617 55.03635 19.20937 27.31300 32.52691 
55.54278 77.36924 58.24946 41.18252 26.07681 3.00000 8.06226 7.21110 17.49286 22.02272 74.00676 0.00000 8.06226 28.86174 39.31921 51.89412 63.63961 9.21954 28.30194 32.75668 36.23534 55.97321 17.49286 60.40695 64.51356 46.17359 28.44293 57.27128 81.60882 55.44367 62.29767 17.20465 19.79899 26.00000 35.90265 20.61553 41.78516 56.75385 82.29824 66.70832 14.56022 41.30375 63.32456 21.40093 20.24846 24.51530 77.87811 24.73863 72.00694 61.68468 22.80351 18.60108 25.29822 87.09191 23.32381 23.40940 43.82921 13.60147 37.12142 25.29822 7.07107 63.56099 31.32092 44.77723 36.01389 58.69412 14.56022 6.70820 50.69517 61.03278 40.85340 23.08679 46.27094 85.00000 6.32456 24.73863 39.05125 74.04053 24.16609 66.49060 24.35159 76.65507 12.20656 61.40033 23.40940 24.04163 19.64688 6.00000 79.81228 79.81228 22.36068 63.00794 65.51336 37.10795 21.93171 86.34813 48.84670 85.14693 18.97367 31.62278 53.16014 36.61967 14.86607 52.39275 12.04159 72.36712 47.12749 74.81310 3.60555 15.26434 11.04536 24.69818 14.14214 50.69517 35.22783 51.92302 85.37564 24.69818 39.05125 25.29822 34.36568 17.88854 14.76482 6.08276 60.20797 26.83282 5.09902 42.57934 13.45362 46.17359 5.65685 15.29706 17.11724 85.00588 18.11077 78.05767 66.48308 5.00000 74.06079 27.45906 82.73452 4.12311 84.40379 7.07107 50.96077 13.15295 8.54400 53.60037 74.67262 18.24829 48.66210 21.26029 53.14132 33.54102 74.43118 22.47221 68.26419 31.38471 35.46830 37.10795 18.24829 42.20190 77.88453 66.21933 28.84441 58.69412 50.99020 19.41649 19.31321 55.90170 15.03330 12.08305 53.03772 20.59126 12.20656 18.24829 8.06226 31.82766 25.96151 72.42237 64.00000 75.27284 15.65248 11.31371 82.05486 62.76942 78.23043 71.56815 41.78516 44.28318 26.17250 16.76305 22.20360 63.89053 28.28427 23.25941 46.09772 21.09502 19.02630 60.41523 88.32327 55.54278 
47.53946 69.63476 50.63596 33.12099 19.92486 7.07107 5.09902 10.44031 19.10497 19.69772 67.18631 8.06226 0.00000 23.70654 32.01562 43.86342 57.48913 17.20465 25.49510 27.31300 28.31960 48.08326 9.43398 52.49762 56.61272 39.00000 21.02380 49.64877 73.76313 49.24429 57.27128 18.24829 19.31321 32.75668 30.46309 15.81139 33.83785 49.03060 75.80237 59.03389 21.00000 35.17101 58.59181 23.85372 20.51828 28.07134 72.12489 20.02498 65.96969 53.75872 25.23886 26.17250 31.76476 79.30952 16.76305 30.01666 35.77709 14.21267 30.80584 20.02498 13.60147 55.90170 23.53720 36.71512 29.15476 50.99020 21.00000 14.14214 42.72002 54.33231 36.35932 18.00000 39.01282 77.52419 6.08276 28.01785 37.01351 66.21933 26.17250 58.85576 20.00000 68.88396 20.24846 54.08327 23.43075 16.40122 12.04159 7.28011 72.03471 74.33034 19.10497 56.08030 59.77458 29.42788 21.54066 78.64477 40.85340 78.00641 14.03567 23.60085 47.92703 28.60070 7.21110 44.38468 4.47214 64.77654 39.29377 68.65858 5.09902 17.02939 16.15549 16.64332 9.21954 42.72002 28.00000 46.61545 77.66595 16.64332 32.55764 28.01785 28.46050 25.00000 22.02272 8.24621 53.75872 27.58623 3.60555 36.68787 21.40093 41.14608 3.00000 19.41649 15.81139 78.05767 23.76973 71.00704 58.69412 12.64911 67.00746 24.83948 76.48529 4.24264 78.74643 12.52996 43.17407 20.09975 10.77033 48.10405 67.26812 22.36068 42.72002 20.12461 45.22168 25.49510 67.11930 29.15476 61.81424 23.32381 27.51363 29.42788 11.04536 34.52535 72.44998 58.46366 20.80865 51.24451 42.95346 17.49286 15.55635 51.86521 19.92486 4.12311 46.04346 22.20360 19.79899 17.20465 8.94427 30.88689 32.20248 64.56005 57.14018 70.26379 10.00000 15.52417 75.32596 58.18075 71.02816 63.78871 33.83785 38.07887 25.49510 23.32381 15.03330 58.69412 27.29469 17.26268 39.62323 25.49510 12.36932 54.70832 80.52329 47.53946 
37.01351 53.71220 34.66987 28.16026 5.38516 29.73214 20.88061 24.02082 20.61553 41.01219 46.38965 28.86174 23.70654 0.00000 16.27882 34.66987 35.05710 35.01428 8.94427 4.00000 30.00000 35.35534 20.61553 39.62323 43.27817 21.09502 12.00000 33.83785 58.83026 27.00000 33.61547 19.31321 15.65248 41.62932 7.07107 8.24621 24.59675 34.20526 54.00000 43.04649 43.41659 13.15295 34.88553 47.50789 43.60046 28.60070 49.03060 38.01316 43.28972 41.03657 48.87740 39.81206 39.81206 63.52952 31.38471 39.00000 29.15476 37.73592 9.84886 36.89173 29.00000 39.96248 16.12452 31.01612 11.31371 35.80503 43.41659 31.01612 32.20248 33.37664 12.80625 35.80503 21.63331 59.46427 22.56103 27.80288 18.11077 51.31277 23.43075 42.54409 5.09902 53.33854 38.00000 35.84690 46.22770 26.40076 15.00000 30.87070 56.43580 50.96077 8.54400 35.90265 36.67424 17.88854 15.81139 62.16912 31.06445 58.24946 33.30165 25.07987 24.35159 28.07134 24.04163 34.40930 24.20744 47.85394 27.01851 46.17359 27.85678 20.88061 27.29469 21.18962 14.86607 32.20248 13.03840 23.08679 61.26989 21.18962 12.08305 26.24881 6.32456 37.10795 35.51056 31.78050 32.06244 50.60632 24.35159 14.00000 38.05260 17.46425 26.40076 26.24881 38.41875 57.55867 31.95309 50.99020 43.82921 33.73426 47.07441 9.43398 54.14795 25.29822 55.54278 27.00000 29.69848 41.97618 34.43835 24.73863 49.04080 27.31300 20.02498 13.89244 33.30165 22.09072 48.38388 38.62642 40.01250 23.02173 20.61553 17.88854 14.14214 21.40093 49.04080 43.26662 23.34524 34.00000 34.13210 12.64911 10.00000 28.42534 28.16026 20.80865 26.57066 21.09502 35.12834 39.82462 32.64966 17.08801 39.35734 50.21952 36.67424 46.61545 29.69848 39.00000 54.14795 34.48188 51.66237 48.54894 24.59675 16.12452 15.62050 34.20526 11.66190 35.11410 15.26434 33.28663 18.43909 29.52965 12.04159 31.57531 64.88451 37.01351 
20.80865 38.62642 19.31321 15.29706 14.76482 39.05125 31.57531 36.68787 36.05551 43.46263 35.51056 39.31921 32.01562 16.27882 0.00000 18.78829 27.78489 47.29693 25.00000 13.89244 21.09502 19.10497 24.33105 23.43075 27.20294 7.07107 11.00000 18.38478 43.38202 20.00000 32.01562 34.66987 31.40064 56.93856 13.60147 21.47091 10.00000 18.35756 44.64303 27.85678 53.00943 10.19804 34.40930 53.36666 48.08326 44.68781 43.04649 38.07887 36.23534 24.83948 54.57105 53.85165 55.22681 48.46648 30.88689 54.20332 15.00000 43.73786 8.24621 36.35932 41.76123 24.69818 9.84886 17.00000 5.00000 20.12461 53.00943 43.41659 16.12452 23.08679 20.02498 36.23534 7.00000 45.70558 33.73426 43.93177 31.32092 35.77709 39.62323 27.51363 20.61553 38.07887 50.44799 22.09072 49.98000 25.05993 20.00000 39.01282 41.23106 46.04346 24.20744 24.33105 31.40064 5.00000 31.89044 47.43416 15.23155 46.00000 35.46830 18.38478 23.32381 18.35756 28.44293 18.35756 30.14963 33.24154 10.81665 38.48376 37.05401 35.84690 41.23106 19.69772 25.96151 16.12452 4.12311 21.95450 46.48656 19.69772 7.00000 42.44997 11.18034 51.47815 49.39636 40.01250 23.25941 54.42426 34.23449 12.36932 50.96077 19.64688 35.01428 41.18252 42.72002 46.17359 47.01064 39.05125 28.17801 44.28318 35.05710 25.61250 45.88028 35.22783 49.73932 39.84972 13.45362 52.08647 42.10701 22.20360 35.35534 42.72002 15.81139 29.83287 17.02939 13.45362 35.12834 53.71220 31.01612 16.27882 10.00000 5.00000 21.09502 5.38516 44.40721 27.73085 18.60108 19.41649 18.38478 28.01785 24.18677 31.95309 42.94182 28.00000 14.31782 37.01351 48.38388 43.96590 40.11234 32.75668 54.91812 34.48188 25.49510 43.86342 33.24154 47.09565 43.73786 34.66987 39.01282 33.10589 10.00000 11.18034 31.89044 48.75449 17.11724 32.55764 31.40064 33.12099 10.63015 45.22168 20.39608 26.90725 49.76947 20.80865 
4.00000 28.16026 14.14214 11.18034 31.89044 50.69517 45.27693 51.31277 53.03772 48.00000 35.46830 51.89412 43.86342 34.66987 18.78829 0.00000 34.88553 60.82763 43.56604 32.64966 19.02630 7.21110 34.53983 10.19804 14.03567 18.02776 25.49510 13.45362 31.06445 30.08322 43.68066 51.62364 48.83646 73.24616 32.31099 38.18377 10.63015 11.31371 45.45327 19.31321 63.60031 27.65863 46.57252 60.20797 54.08327 62.28965 48.60041 41.04875 41.61730 11.04536 61.13101 68.79680 71.70077 37.01351 35.05710 70.43437 8.24621 51.78803 26.92582 39.05125 56.08030 17.00000 21.40093 8.00000 23.70654 12.80625 63.60031 57.30620 3.00000 27.78489 38.07887 40.00000 17.02939 38.07887 47.50789 61.61980 49.98000 24.02082 57.48913 19.69772 38.41875 27.07397 63.95311 20.51828 55.00000 30.41381 32.75668 49.64877 30.01666 52.43091 41.86884 26.40076 39.81206 17.02939 49.67897 37.05401 3.60555 41.62932 41.19466 21.37756 37.21559 17.02939 37.94733 1.41421 40.49691 25.29822 8.24621 42.63801 48.84670 52.40229 56.61272 27.51363 40.80441 3.00000 21.63331 36.12478 36.05551 27.51363 25.29822 60.30755 29.96665 66.85058 64.35060 50.59644 29.96665 59.03389 46.95743 29.42788 64.88451 36.12478 46.61545 57.48913 49.25444 43.41659 63.25346 36.35932 17.46425 56.46238 33.01515 44.10215 48.10405 47.85394 54.67175 54.37830 8.24621 63.24555 51.92302 35.35534 29.54657 59.46427 30.01666 47.50789 5.00000 18.38478 30.41381 69.81404 35.00000 20.88061 16.64332 17.02939 34.66987 13.41641 51.31277 17.72005 23.76973 17.02939 1.00000 45.27693 41.01219 47.09565 59.03389 39.81206 20.88061 54.48853 62.76942 50.15974 50.00000 51.47815 71.58911 22.00000 27.80288 52.77310 40.79216 56.75385 43.01163 47.29693 34.88553 22.20360 10.63015 27.16616 50.21952 64.40497 31.40064 43.32436 49.92995 37.01351 25.01999 62.24147 35.00000 37.00000 38.05260 4.00000 
33.24154 30.46309 21.84033 39.62323 37.65634 64.13267 55.57877 59.07622 54.33231 71.11259 13.60147 63.63961 57.48913 35.05710 27.78489 34.88553 0.00000 70.06426 39.45884 31.06445 47.42362 28.79236 51.26402 29.61419 30.06659 21.40093 37.69615 22.13594 36.24914 8.24621 11.70470 53.23533 49.25444 74.52516 28.01785 43.18565 33.94113 24.35159 19.10497 24.08319 78.08969 22.36068 14.56022 80.32434 75.39231 59.90826 15.26434 65.86350 8.54400 30.41381 81.59657 74.24284 72.56721 38.27532 58.66856 72.18033 37.64306 70.51950 26.68333 64.14047 64.03124 23.02173 37.58989 39.20459 28.79236 23.76973 78.08969 66.06815 32.24903 7.28011 25.70992 64.00781 22.02272 30.41381 57.42822 58.94065 36.67424 31.04835 54.57105 23.08679 40.01250 31.01612 73.02739 16.12452 77.47258 52.83938 46.17359 64.76110 33.10589 18.43909 43.01163 10.00000 5.09902 32.44996 48.50773 35.80503 33.28663 26.07681 63.07139 45.80393 13.41641 44.59821 55.36244 33.54102 56.61272 24.35159 29.20616 11.18034 62.16912 55.14526 62.03225 47.41308 49.49747 32.24903 30.87070 13.92839 35.22783 47.41308 25.00000 57.00877 29.27456 71.34424 70.11419 65.73431 5.00000 81.93900 58.85576 21.09502 73.00000 19.64688 60.41523 60.29925 70.00714 24.16609 65.62012 19.20937 27.01851 68.59300 16.27882 40.44750 19.10497 59.84146 21.95450 62.03225 26.92582 76.79193 68.15424 11.70470 21.95450 60.67125 15.03330 47.26521 29.96665 40.80441 20.24846 72.00694 5.83095 43.82921 37.20215 32.44996 46.57252 29.06888 16.97056 26.01922 46.32494 18.68154 35.35534 47.04253 45.04442 20.61553 62.28965 53.85165 14.86607 53.75872 70.00714 71.30919 66.21933 43.32436 71.80529 31.57531 9.05539 17.88854 60.53924 73.00685 19.92486 15.81139 21.21320 28.63564 33.94113 19.41649 46.09772 68.35934 42.72002 10.19804 44.38468 60.90156 18.02776 62.16912 45.12206 5.65685 39.66106 33.24154 
64.40497 85.72631 66.48308 50.24938 33.24154 11.40175 15.81139 11.00000 18.35756 28.63564 81.15417 9.21954 17.20465 35.01428 47.29693 60.82763 70.06426 0.00000 32.28002 39.01282 45.45327 64.62198 26.62705 69.07966 73.16420 53.93515 36.68787 65.52099 90.13878 62.00806 67.46851 18.78829 22.47221 18.24829 42.04759 27.01851 50.56679 65.14599 89.00562 75.00000 12.20656 48.01042 68.15424 23.76973 25.00000 21.63331 83.72574 32.69557 78.23043 70.38466 25.00000 9.84886 18.02776 95.50916 32.20248 16.03122 52.83938 19.23538 44.10215 33.54102 6.08276 71.84010 39.92493 53.85165 43.56604 67.05222 12.20656 4.00000 59.50630 68.11755 45.89118 31.30495 54.12947 92.96236 13.60147 22.20360 41.59327 82.54090 23.34524 74.72617 30.06659 85.07056 3.16228 69.23150 28.01785 33.24154 28.23119 13.89244 88.23265 85.32878 27.29469 70.34913 71.44928 45.54119 24.16609 94.64143 57.69749 92.65528 27.29469 40.80441 58.69412 45.80393 24.08319 61.26989 21.26029 80.52329 55.71355 81.15417 12.72792 16.55295 9.43398 33.83785 21.37756 59.50630 43.17407 57.55867 93.68031 33.83785 46.17359 23.43075 41.01219 10.04988 7.00000 13.41641 67.00746 30.41381 13.89244 49.01020 4.24264 51.62364 14.86607 13.45362 23.53720 92.26592 13.00000 85.47514 74.94665 6.32456 81.49847 31.32092 89.14034 13.03840 90.09439 8.06226 59.46427 10.00000 14.56022 59.41380 82.56513 15.62050 55.03635 24.35159 61.84658 42.54409 82.20097 15.03330 75.00000 40.49691 44.28318 45.54119 26.57066 50.59644 83.36066 74.63243 38.01316 66.70832 59.94164 23.53720 25.01999 60.08328 12.04159 21.09502 60.53098 20.80865 4.00000 24.33105 15.23155 33.61547 19.00000 80.99383 71.25307 80.28076 24.41311 14.03567 89.05055 67.44627 85.84288 80.00625 50.56679 51.00980 28.17801 10.19804 30.36445 69.23150 30.41381 31.90611 53.08484 17.49286 26.92582 66.37017 96.76776 64.40497 
45.80393 61.29437 42.63801 37.00000 13.15295 30.00000 21.26029 21.93171 15.00000 44.65423 51.92302 28.30194 25.49510 8.94427 25.00000 43.56604 39.45884 32.28002 0.00000 11.31371 38.20995 43.93177 25.63201 48.10405 51.62364 29.06888 20.39608 41.86884 66.61081 32.01562 35.35534 14.03567 10.04988 35.17101 13.03840 10.77033 33.54102 42.44997 58.54912 50.80354 42.48529 19.72308 35.90265 48.91830 46.01087 21.02380 52.03845 42.95346 47.09565 49.51767 50.32892 35.00000 33.24154 71.02112 37.00000 32.75668 38.07887 39.59798 17.69181 42.15448 26.24881 47.80167 24.73863 39.92493 20.00000 43.93177 42.48529 28.46050 41.04875 39.21734 14.00000 40.71855 29.73214 66.21178 22.20360 20.12461 11.66190 59.20304 15.65248 50.21952 7.07107 61.03278 34.92850 43.04649 48.91830 32.75668 20.61553 31.89044 64.07027 53.33854 6.40312 42.15448 40.01250 26.83282 9.05539 69.46222 39.96248 64.19502 37.58989 33.06055 27.00000 36.49658 28.17801 43.26662 27.45906 55.22681 35.80503 50.15974 28.42534 16.12452 23.34524 28.16026 16.40122 41.04875 21.95450 26.01922 68.60029 28.16026 19.84943 18.35756 14.14214 32.01562 31.06445 32.64966 37.36308 53.07542 24.83948 19.69772 34.52535 20.02498 27.58623 21.00000 41.23106 63.06346 26.17250 56.92100 51.85557 32.64966 53.14132 1.00000 58.13777 25.61250 58.21512 24.35159 38.28838 40.71855 35.46830 28.07134 55.90170 21.21320 25.00000 8.06226 42.01190 30.59412 55.03635 32.55764 44.91102 31.14482 29.41088 26.83282 18.97367 30.23243 51.35173 51.22499 31.00000 41.61730 43.04649 8.94427 10.00000 27.85678 23.00000 23.85372 33.61547 14.31782 31.40064 42.63801 33.97058 8.24621 32.57299 58.25805 42.72002 48.05206 33.61547 39.40812 59.22837 35.17101 57.93962 56.40035 33.54102 22.36068 7.21110 29.01724 18.11077 37.21559 6.40312 38.62642 25.05993 22.80351 16.76305 35.05710 72.40166 45.80393 
