nbNodes
202
nbVehi
30
nbServi
6
r
1 1 1 1 1 1 
0 0 0 1 0 0 
1 0 0 0 0 0 
0 0 0 1 0 0 
1 0 0 0 0 0 
0 0 0 0 1 0 
0 0 0 0 1 0 
0 1 0 0 0 0 
0 0 0 0 1 0 
0 0 0 1 0 0 
0 0 0 0 1 0 
0 1 0 0 0 0 
0 0 0 0 0 1 
0 0 0 1 0 0 
1 0 0 0 0 0 
0 0 0 1 0 0 
1 0 0 0 0 0 
0 0 0 0 1 0 
0 1 0 0 0 0 
0 1 0 0 0 0 
0 0 0 0 1 0 
0 0 0 0 0 1 
0 1 0 0 0 0 
0 0 0 1 0 0 
0 0 1 0 0 0 
0 0 0 0 0 1 
0 1 0 0 0 0 
0 0 1 0 0 0 
0 0 1 0 0 0 
0 0 1 0 0 0 
0 0 1 0 0 0 
0 0 1 0 0 0 
0 0 1 0 0 0 
1 0 0 0 0 0 
0 0 1 0 0 0 
0 1 0 0 0 0 
0 1 0 0 0 0 
0 0 0 0 1 0 
0 0 0 0 1 0 
0 0 0 1 0 0 
0 1 0 0 0 0 
0 0 0 0 0 1 
0 1 0 0 0 0 
0 0 1 0 0 0 
1 0 0 0 0 0 
0 0 0 0 1 0 
0 0 0 0 0 1 
1 0 0 0 0 0 
1 0 0 0 0 0 
0 0 0 0 0 1 
0 1 0 0 0 0 
0 0 0 0 0 1 
0 0 0 0 0 1 
0 0 0 1 0 0 
0 0 0 0 0 1 
0 0 0 0 0 1 
0 0 0 0 0 1 
0 0 1 0 0 0 
1 0 0 0 0 0 
0 0 1 0 0 0 
1 0 0 0 0 0 
0 0 1 0 0 0 
1 0 0 0 0 0 
0 0 1 0 0 0 
0 1 0 0 0 0 
0 0 0 0 1 0 
1 0 0 0 0 0 
0 0 0 0 1 0 
0 0 0 0 0 1 
0 0 0 0 0 1 
0 0 1 0 0 0 
0 0 0 0 1 0 
0 0 0 0 1 0 
0 0 0 0 1 0 
0 0 0 0 0 1 
0 0 0 0 0 1 
0 0 0 1 0 0 
0 1 0 0 0 0 
0 0 0 1 0 0 
0 0 0 0 0 1 
0 0 1 0 0 0 
0 0 0 1 0 0 
0 0 0 0 1 0 
1 0 0 0 0 0 
1 0 0 0 0 0 
0 0 0 0 1 0 
0 0 0 0 0 1 
0 0 0 0 0 1 
0 0 0 0 0 1 
1 0 0 0 0 0 
0 1 0 0 0 0 
0 1 0 0 0 0 
0 0 0 0 0 1 
0 0 0 1 0 0 
0 1 0 0 0 0 
1 0 0 0 0 0 
0 0 0 1 0 0 
0 0 0 1 0 0 
0 0 0 0 1 0 
1 0 0 0 0 0 
0 0 0 0 0 1 
0 0 0 1 0 0 
0 0 1 0 0 0 
0 1 0 0 0 0 
1 0 0 0 0 0 
0 1 0 0 0 0 
0 0 0 1 0 0 
0 0 1 0 0 0 
0 0 1 0 0 0 
0 0 0 0 0 1 
0 0 0 0 0 1 
0 1 0 0 0 0 
0 0 0 0 1 0 
1 0 0 0 0 0 
0 0 0 0 1 0 
0 0 0 1 0 0 
0 0 0 0 1 0 
0 0 0 1 0 0 
1 0 0 0 0 0 
0 0 0 0 1 0 
0 0 0 0 1 0 
0 0 0 0 1 0 
1 0 0 0 0 0 
0 0 0 1 0 0 
0 0 1 0 0 0 
0 1 0 0 0 0 
0 0 1 0 0 0 
0 0 0 0 0 1 
0 0 0 0 1 0 
0 0 1 0 0 0 
0 0 0 1 0 0 
0 0 0 0 1 0 
0 1 0 0 0 0 
0 0 1 0 0 0 
0 0 0 0 1 0 
0 0 0 1 0 0 
0 0 0 0 0 1 
0 0 1 0 0 0 
1 0 0 0 0 0 
0 1 0 0 0 0 
0 0 0 1 0 0 
0 0 0 0 1 1 
0 0 0 0 1 1 
0 0 0 1 1 0 
0 0 0 1 0 1 
0 0 0 0 1 1 
0 0 0 1 0 1 
0 0 0 1 1 0 
0 0 0 1 0 1 
0 0 0 1 0 1 
0 0 0 1 0 1 
0 0 0 0 1 1 
0 0 0 1 1 0 
0 0 0 1 0 1 
0 0 0 1 0 1 
0 0 0 1 0 1 
0 0 0 1 1 0 
0 0 0 1 1 0 
0 0 0 1 0 1 
0 0 0 0 1 1 
0 0 0 1 1 0 
0 0 0 1 1 0 
0 0 0 1 1 0 
0 0 0 0 1 1 
0 0 0 1 1 0 
0 0 0 1 0 1 
0 0 0 1 1 0 
0 0 0 0 1 1 
0 0 0 0 1 1 
0 0 0 1 0 1 
0 0 0 1 0 1 
0 0 1 1 0 0 
0 1 0 0 1 0 
0 1 0 1 0 0 
0 0 1 0 1 0 
0 1 0 0 1 0 
0 0 1 0 1 0 
1 0 0 0 0 1 
1 0 0 0 1 0 
1 0 0 1 0 0 
0 1 0 1 0 0 
1 0 0 0 1 0 
0 0 1 1 0 0 
1 0 0 0 1 0 
0 0 1 0 1 0 
1 0 0 1 0 0 
1 0 0 1 0 0 
0 0 1 0 1 0 
1 0 0 1 0 0 
0 1 0 1 0 0 
0 0 1 1 0 0 
0 0 1 0 1 0 
1 0 0 0 0 1 
1 0 0 1 0 0 
1 0 0 0 0 1 
1 0 0 0 0 1 
1 0 0 1 0 0 
1 0 0 0 0 1 
0 1 0 1 0 0 
0 1 0 0 1 0 
0 0 1 0 0 1 
1 1 1 1 1 1 
DS
142 143 144 145 146 147 148 149 150 151 152 153 154 155 156 157 158 159 160 161 162 163 164 165 166 167 168 169 170 171 172 173 174 175 176 177 178 179 180 181 182 183 184 185 186 187 188 189 190 191 192 193 194 195 196 197 198 199 200 201 
a
1 0 0 0 0 0 
0 1 1 0 0 0 
0 1 0 0 0 0 
0 1 0 0 0 0 
0 1 0 0 0 0 
1 0 1 0 0 0 
0 0 1 0 0 0 
0 0 1 0 0 0 
1 1 1 0 0 0 
0 0 1 0 0 0 
0 0 0 1 1 1 
0 0 0 1 1 1 
0 0 0 1 0 1 
0 0 0 1 1 1 
0 0 0 1 1 1 
0 0 0 1 1 0 
0 0 0 1 1 1 
0 0 0 1 1 0 
0 0 0 1 1 0 
0 0 0 1 1 1 
0 0 0 1 1 1 
0 0 0 1 1 1 
0 0 0 1 0 1 
0 0 0 1 1 1 
0 0 0 0 1 1 
0 0 0 1 1 1 
0 0 0 1 1 1 
0 0 0 1 0 1 
0 0 0 1 1 1 
0 0 0 1 1 1 
x
13 93 46 97 81 23 91 95 86 73 93 95 35 74 8 48 72 17 10 55 39 92 68 98 41 5 71 81 8 8 60 36 36 90 99 22 68 51 63 79 33 8 88 79 48 37 7 36 23 32 13 63 71 0 31 3 64 59 27 56 38 83 69 61 94 24 6 61 54 75 45 14 44 4 68 84 20 73 58 50 12 48 24 37 31 24 59 3 74 16 60 65 20 75 3 44 55 21 30 27 4 0 23 46 46 92 1 65 59 68 3 30 93 8 53 46 97 1 68 64 64 46 29 88 4 70 87 33 23 23 52 75 36 64 31 45 95 59 68 67 93 12 21 60 85 99 3 97 15 70 86 32 96 60 48 77 36 74 91 8 62 61 94 12 55 61 99 86 15 7 79 71 6 64 84 69 28 67 89 45 72 90 70 6 60 74 29 96 15 6 33 86 65 87 1 28 22 2 69 77 0 13 
y
8 17 9 45 36 15 27 5 6 31 20 46 20 45 35 37 44 34 16 35 0 42 26 13 41 16 15 31 24 30 30 10 27 30 20 29 10 38 30 21 49 48 12 31 45 33 33 49 14 6 13 35 6 35 8 37 48 42 43 27 10 20 12 19 23 0 24 39 46 6 32 10 36 26 12 41 45 32 24 11 9 27 44 32 29 13 32 8 16 31 38 16 26 34 42 28 27 29 22 6 36 23 45 24 0 19 18 42 23 23 1 6 13 25 24 18 10 46 42 8 7 32 44 36 20 33 19 19 36 47 40 23 31 16 35 12 21 18 34 17 2 38 8 34 37 1 22 48 21 3 25 44 38 29 31 33 24 36 48 21 46 6 41 30 10 28 27 44 2 4 20 41 12 46 19 28 21 38 36 26 44 21 29 40 49 40 17 36 20 9 44 38 49 44 14 36 11 15 33 35 0 8 
d
0.00000 80.50466 33.01515 91.78780 73.53911 12.20656 80.28076 82.05486 73.02739 64.25730 80.89499 90.37699 25.05993 71.34424 27.45906 45.45327 69.11584 26.30589 8.54400 49.92995 27.20294 86.00581 57.87055 85.14693 43.27817 11.31371 58.42089 71.78440 16.76305 22.56103 51.89412 23.08679 29.83287 80.08121 86.83317 22.84732 55.03635 48.41487 54.62600 67.26812 45.61798 40.31129 75.10659 69.89278 50.93133 34.65545 25.70992 47.01064 11.66190 19.10497 5.00000 56.82429 58.03447 29.96665 18.00000 30.67572 64.81512 57.20140 37.69615 47.01064 25.07987 71.02112 56.14268 49.24429 82.37718 13.60147 17.46425 57.14018 55.90170 62.03225 40.00000 2.23607 41.77320 20.12461 55.14526 78.29432 37.65634 64.62198 47.75982 37.12142 1.41421 39.82462 37.64306 33.94113 27.65863 12.08305 51.88449 10.00000 61.52235 23.19483 55.75841 52.61179 19.31321 67.23095 35.44009 36.89173 46.09772 22.47221 22.02272 14.14214 29.41088 19.84943 38.32754 36.67424 33.95585 79.76215 15.62050 62.12890 48.38388 57.00877 12.20656 17.11724 80.15610 17.72005 43.08132 34.48188 84.02381 39.84972 64.66065 51.00000 51.00980 40.80441 39.39543 80.05623 15.00000 62.24147 74.81310 22.82542 29.73214 40.26164 50.44799 63.78871 32.52691 51.62364 32.44996 32.24903 83.02409 47.07441 60.83584 54.74486 80.22468 30.01666 8.00000 53.71220 77.62087 86.28441 17.20465 93.03763 13.15295 57.21888 74.95332 40.70626 88.25531 51.47815 41.88078 68.70953 28.01785 67.11930 87.65843 13.92839 62.00806 48.04165 87.46428 22.02272 42.04759 52.00000 88.07383 81.39410 6.32456 7.21110 67.08204 66.73080 8.06226 63.60031 71.84706 59.46427 19.84943 61.77378 80.99383 36.71512 69.11584 78.08969 60.74537 32.75668 62.36986 68.88396 18.35756 87.59566 12.16553 7.07107 41.18252 78.92401 66.21933 82.29216 13.41641 31.76476 9.48683 13.03840 61.32699 69.46222 15.26434 0.00000 
80.50466 0.00000 47.67599 28.28427 22.47221 70.02857 10.19804 12.16553 13.03840 24.41311 3.00000 29.06888 58.07753 33.83785 86.88498 49.24429 34.20526 77.87811 83.00602 42.04759 56.61272 25.01999 26.57066 6.40312 57.27128 88.00568 22.09072 18.43909 85.28775 85.98837 35.46830 57.42822 57.87055 13.34166 6.70820 72.00694 25.96151 46.95743 32.69557 14.56022 68.00000 90.47652 7.07107 19.79899 53.00000 58.24088 87.47571 65.36819 70.06426 61.98387 80.09994 34.98571 24.59675 94.72592 62.64982 92.19544 42.44997 42.20190 70.93659 38.32754 55.44367 10.44031 24.51530 32.06244 6.08276 71.06335 87.28115 38.83298 48.60041 21.09502 50.28916 79.30952 52.55473 89.45390 25.49510 25.63201 78.18568 25.00000 35.69314 43.41659 81.39410 46.09772 74.09453 57.97413 63.15061 69.11584 37.16181 90.44888 19.02630 78.26238 39.11521 28.01785 73.55270 24.75884 93.40771 50.21952 39.29377 72.99315 63.19810 66.91039 91.00549 93.19335 75.39231 47.51842 49.98000 2.23607 92.00543 37.53665 34.52535 25.70992 91.41116 63.95311 4.00000 85.37564 40.60788 47.01064 8.06226 96.46243 35.35534 30.36445 30.67572 49.33559 69.46222 19.64688 89.05055 28.01785 6.32456 60.03332 72.53275 76.15773 47.01064 18.97367 58.69412 29.01724 64.56005 48.25971 4.47214 34.01470 30.23243 26.00000 15.00000 83.67795 72.56032 37.12142 21.54066 17.08801 90.13878 31.25700 78.10250 26.92582 10.63015 66.70832 21.21320 35.11410 47.12749 22.62742 57.42822 26.87006 31.06445 85.09407 42.44997 33.83785 24.02082 82.03658 38.63936 33.83785 11.66190 27.89265 79.42921 86.97701 14.31782 32.55764 87.14356 41.01219 9.21954 26.40076 65.12296 33.42155 19.41649 48.83646 34.20526 5.00000 25.94224 89.98889 45.96738 29.83287 64.00000 19.23538 78.05767 87.36704 65.79514 22.13594 42.52058 27.65863 92.04890 67.72001 71.25307 91.02198 28.84441 24.08319 94.54100 80.50466 
33.01515 47.67599 0.00000 62.42596 44.20407 23.76973 48.46648 49.16299 40.11234 34.82815 48.27007 61.40033 15.55635 45.60702 46.04346 28.07134 43.60046 38.28838 36.67424 27.51363 11.40175 56.61272 27.80288 52.15362 32.38827 41.59327 25.70992 41.34005 40.85340 43.41659 25.23886 10.04988 20.59126 48.75449 54.12947 31.24100 22.02272 29.42788 27.01851 35.11410 42.05948 54.45181 42.10701 39.66106 36.05551 25.63201 45.79301 41.23106 23.53720 14.31782 33.24154 31.06445 25.17936 52.83938 15.03330 51.31277 42.95346 35.46830 38.94868 20.59126 8.06226 38.60052 23.19483 18.02776 50.00000 23.76973 42.72002 33.54102 37.85499 29.15476 23.02173 32.01562 27.07397 45.31004 22.20360 49.67897 44.40721 35.46830 19.20937 4.47214 34.00000 18.11077 41.34005 24.69818 25.00000 22.36068 26.41969 43.01163 28.86174 37.20215 32.20248 20.24846 31.06445 38.28838 54.20332 19.10497 20.12461 32.01562 20.61553 19.23538 49.92995 48.08326 42.72002 15.00000 9.00000 47.07441 45.89118 38.07887 19.10497 26.07681 43.73786 16.27882 47.16991 41.23106 16.55295 9.00000 51.00980 58.25805 39.66106 18.02776 18.11077 23.00000 38.91015 49.92995 43.41659 33.94113 42.20190 16.40122 35.46830 44.41846 31.57531 32.20248 24.16609 19.31321 30.01666 3.16228 50.44799 15.81139 33.30165 22.47221 47.51842 44.68781 25.01999 28.65310 48.01042 53.60037 44.92215 64.20280 33.24154 24.73863 43.08132 37.69615 57.80138 24.41311 22.09072 39.20459 18.02776 38.89730 59.54830 39.84972 40.31129 15.29706 57.68882 39.96248 9.05539 24.20744 55.97321 53.15073 31.78050 39.31921 34.78505 40.60788 40.11234 41.14608 39.29377 29.83287 21.63331 35.80503 50.77401 17.02939 43.60046 45.60702 31.24100 50.60632 42.37924 41.77320 18.78829 56.82429 32.89377 40.00000 37.33631 49.40648 44.28318 53.90733 45.27693 32.44996 24.08319 44.40721 33.24154 40.45986 46.87217 33.01515 
91.78780 28.28427 62.42596 0.00000 18.35756 79.84986 18.97367 40.04997 40.52160 27.78489 25.31798 2.23607 66.85058 23.00000 89.56004 49.64877 25.01999 80.75271 91.70605 43.17407 73.40981 5.83095 34.66987 32.01562 56.14268 96.46243 39.69887 21.26029 91.44397 90.25519 39.92493 70.32780 63.60031 16.55295 25.07987 76.68768 45.45327 46.52956 37.16181 30.00000 64.12488 89.05055 34.20526 22.80351 49.00000 61.18823 90.79648 61.13101 80.23092 75.80237 89.88882 35.44009 46.87217 97.51410 75.66373 94.33981 33.13608 38.11824 70.02857 44.77723 68.60029 28.65310 43.27817 44.40721 22.20360 85.75547 93.39165 36.49658 43.01163 44.77723 53.60037 90.07774 53.75872 94.92102 43.93177 13.60147 77.00000 27.29469 44.29447 58.00862 92.30926 52.20153 73.00685 61.39218 67.91171 79.70571 40.16217 101.01980 37.01351 82.20097 37.65634 43.18565 79.30952 24.59675 94.04786 55.65968 45.69464 77.66595 70.83784 80.13114 93.43447 99.46356 74.00000 55.15433 68.01470 26.47640 99.72462 32.14032 43.90900 36.40055 103.78825 77.52419 32.24903 91.21952 48.75449 57.70615 35.00000 96.00521 29.15476 49.57822 50.32892 52.63079 68.00735 12.72792 96.30161 29.54657 27.85678 69.07966 74.54529 74.02702 45.27693 31.11270 62.58594 43.93177 66.75328 61.58734 24.08319 46.61545 31.01612 41.03657 43.18565 85.28775 84.52810 38.60052 14.42221 44.04543 96.77293 3.00000 85.44004 49.92995 22.82542 65.00769 7.07107 40.31129 50.96077 23.32381 64.51356 24.69818 6.70820 92.17917 35.01428 53.07542 5.00000 86.31338 54.67175 39.81206 18.11077 11.04536 92.59050 98.89894 30.80584 26.30589 96.79876 33.01515 29.06888 32.75668 73.05477 30.80584 12.04159 55.36244 25.01999 25.00000 31.38471 91.13726 37.21559 23.53720 73.53911 9.05539 85.72631 97.86215 64.00781 13.03840 32.24903 10.04988 100.88112 69.58448 82.34683 99.62429 30.46309 22.36068 106.92988 91.78780 
73.53911 22.47221 44.20407 18.35756 0.00000 61.68468 13.45362 34.01470 30.41381 9.43398 20.00000 17.20465 48.70318 11.40175 73.00685 33.01515 12.04159 64.03124 73.76313 26.01922 55.31727 12.52996 16.40122 28.60070 40.31129 78.58753 23.25941 5.00000 73.97973 73.24616 21.84033 51.97115 45.89118 10.81665 24.08319 59.41380 29.06888 30.06659 18.97367 15.13275 49.72927 73.97973 25.00000 5.38516 34.20526 44.10215 74.06079 46.84015 62.03225 57.45433 71.78440 18.02776 31.62278 81.00617 57.30620 78.00641 20.80865 22.80351 54.45181 26.57066 50.24938 16.12452 26.83282 26.24881 18.38478 67.41662 75.95393 20.22375 28.79236 30.59412 36.22154 71.86793 37.00000 77.64664 27.29469 5.83095 61.66036 8.94427 25.94224 39.82462 74.09453 34.20526 57.55867 44.18144 50.48762 61.46544 22.36068 82.87340 21.18962 65.19202 21.09502 25.61250 61.81424 6.32456 78.23043 37.85499 27.51363 60.40695 52.88667 61.77378 77.00000 82.03658 58.69412 37.00000 50.20956 20.24846 82.00000 17.08801 25.55386 18.38478 85.49269 59.16925 25.94224 73.82412 30.46309 39.35734 30.52868 80.62258 14.31782 32.75668 33.61547 35.22783 52.61179 7.00000 78.64477 11.40175 18.02776 50.92151 58.00000 59.03389 29.27456 14.31782 45.27693 26.24881 50.01000 43.26662 20.51828 28.42534 13.15295 23.60085 36.05551 69.02898 66.21178 21.09502 4.12311 39.35734 79.24645 20.00000 67.68309 34.78505 12.08305 49.64877 15.13275 22.13594 33.37664 5.00000 46.57252 7.00000 15.62050 74.52516 21.47091 36.05551 13.92839 69.26038 36.76955 21.54066 20.12461 9.43398 74.24284 80.62258 16.12452 11.18034 78.74643 19.72308 17.26268 14.42221 55.08176 14.14214 8.00000 37.36308 12.04159 17.49286 13.03840 75.10659 24.69818 8.06226 55.36244 15.00000 67.91171 79.71198 48.66210 5.38516 20.61553 10.00000 82.96987 53.00000 64.07808 81.74350 12.36932 4.12311 88.63972 73.53911 
12.20656 70.02857 23.76973 79.84986 61.68468 0.00000 69.05071 72.69113 63.63961 52.49762 70.17834 78.39005 13.00000 59.16925 25.00000 33.30165 56.93856 19.92486 13.03840 37.73592 21.93171 74.09453 46.32494 75.02666 31.62278 18.02776 48.00000 60.16644 17.49286 21.21320 39.92493 13.92839 17.69181 68.65858 76.16430 14.03567 45.27693 36.23534 42.72002 56.32051 35.44009 36.24914 65.06919 58.24088 39.05125 22.80351 24.08319 36.40055 1.00000 12.72792 10.19804 44.72136 48.83646 30.47950 10.63015 29.73214 52.63079 45.00000 28.28427 35.11410 15.81139 60.20797 46.09772 38.20995 71.44928 15.03330 19.23538 44.94441 43.84062 52.77310 27.80288 10.29563 29.69848 21.95450 45.09989 66.30988 30.14963 52.81098 36.13862 27.29469 12.52996 27.73085 29.01724 22.02272 16.12452 2.23607 39.81206 21.18962 51.00980 17.46425 43.56604 42.01190 11.40175 55.36244 33.60060 24.69818 34.17601 14.14214 9.89949 9.84886 28.31960 24.35159 30.00000 24.69818 27.45906 69.11584 22.20360 49.92995 36.87818 45.70558 24.41311 11.40175 70.02857 18.02776 31.32092 23.19483 74.16873 38.01316 52.47857 41.59327 41.77320 28.60070 29.61419 68.30813 19.64688 50.32892 64.12488 10.77033 21.00000 32.00000 38.28838 52.61179 20.61553 41.01219 21.54066 22.20360 72.24957 36.12478 48.84670 44.04543 71.19691 25.49510 7.28011 41.59327 65.78754 77.27872 21.18962 81.02469 10.00000 48.50773 63.78871 30.36445 76.53757 39.56008 29.68164 56.92100 15.81139 55.15433 75.58439 16.15549 49.81967 39.05125 75.61085 18.60108 32.38827 40.16217 76.94154 69.35416 15.26434 19.41649 56.22277 54.58938 17.26268 51.40039 61.13101 47.80167 7.81025 49.64877 69.26038 24.59675 56.93856 67.26812 49.04080 30.23243 50.24938 56.79789 6.32456 75.96052 9.43398 18.02776 30.67572 67.06713 54.03702 70.26379 22.02272 21.58703 4.12311 21.00000 49.39636 57.58472 27.45906 12.20656 
80.28076 10.19804 48.46648 18.97367 13.45362 69.05071 0.00000 22.36068 21.58703 18.43909 7.28011 19.41649 56.43580 24.75884 83.38465 44.14748 25.49510 74.33034 81.74350 36.87818 58.59181 15.03330 23.02173 15.65248 51.92302 86.70063 23.32381 10.77033 83.05420 83.05420 31.14482 57.56735 55.00000 3.16228 10.63015 69.02898 28.60070 41.48494 28.16026 13.41641 62.03225 85.61542 15.29706 12.64911 46.61545 54.33231 84.21401 59.23681 69.23150 62.62587 79.24645 29.12044 29.00000 91.35097 62.93648 88.56636 34.20526 35.34119 65.96969 35.00000 55.65968 10.63015 26.62705 31.04835 5.00000 72.23573 85.05292 32.31099 41.59327 26.40076 46.27094 78.85430 47.85394 87.00575 27.45906 15.65248 73.24616 18.68154 33.13608 44.01136 81.02469 43.00000 69.12308 54.23099 60.03332 68.44706 32.38827 90.02777 20.24846 75.10659 32.89377 28.23119 71.00704 17.46425 89.26926 47.01064 36.00000 70.02857 61.20457 67.35726 87.46428 91.08787 70.34202 45.09989 52.47857 8.06226 90.44888 30.01666 32.24903 23.34524 91.76056 64.51356 14.14214 83.02409 38.11824 45.89118 18.02776 91.98369 27.45906 33.01515 33.60060 45.27693 64.28841 9.48683 87.28115 21.84033 8.94427 58.54912 68.59300 70.88018 41.10961 16.49242 55.14526 29.15476 60.53098 48.38388 7.21110 33.24154 24.04163 26.00000 25.07987 79.76215 72.53275 31.78050 11.66190 27.20294 88.14193 21.84033 76.23647 31.89044 5.38516 61.40033 12.08305 31.06445 43.18565 15.23155 55.08176 19.23538 21.00000 83.21658 34.66987 36.61967 14.31782 79.05694 39.81206 30.01666 8.00000 17.72005 80.00625 87.09191 13.89244 24.41311 86.31338 33.01515 10.63015 22.02272 63.28507 26.40076 9.21954 46.01087 25.49510 6.08276 21.09502 85.98837 38.01316 21.40093 62.80127 10.29563 76.32169 86.88498 60.44005 12.08305 34.05877 17.46425 90.93404 63.63961 70.83078 89.80535 22.80351 16.12452 94.92102 80.28076 
82.05486 12.16553 49.16299 40.04997 34.01470 72.69113 22.36068 0.00000 9.05539 34.05877 15.13275 41.00000 61.84658 45.17743 92.02717 56.85948 45.27693 83.21658 85.70881 50.00000 56.22277 37.12142 34.20526 8.54400 64.89992 90.66973 26.00000 29.52965 89.05055 90.52072 43.01163 59.21149 62.96825 25.49510 15.52417 76.84400 27.45906 55.00000 40.60788 22.62742 76.02631 97.04638 9.89949 30.52868 61.71710 64.40497 92.34717 73.60027 72.56032 63.00794 82.38932 43.86342 24.02082 99.62429 64.07027 97.40637 53.00943 51.62364 77.89737 44.77723 57.21888 19.20937 26.92582 36.76955 18.02776 71.17584 91.00549 48.08326 57.98276 20.02498 56.82429 81.15417 59.68249 93.39165 27.89265 37.64306 85.00000 34.82815 41.59327 45.39824 83.09633 51.89412 81.00617 63.97656 68.35203 71.44928 45.00000 92.04890 23.70654 83.16850 48.10405 31.95309 77.88453 35.22783 99.16148 55.94640 45.65085 77.79460 67.18631 68.00735 96.13532 96.69023 82.36504 52.55473 49.25444 14.31782 94.89468 47.63402 40.24922 32.44996 92.08692 65.00769 8.24621 89.26926 46.09772 50.69517 5.38516 102.55243 45.80393 31.14482 31.06445 55.94640 76.66159 31.78050 92.22798 37.53665 16.12452 63.56099 78.39005 83.35466 55.44367 26.90725 64.47480 32.89377 70.68239 50.48762 16.00000 38.27532 39.62323 30.46309 3.60555 89.31965 74.06079 45.45327 33.52611 5.65685 93.55747 43.04649 81.58431 25.07987 21.93171 74.09453 33.01515 42.43819 53.71220 33.28663 61.98387 37.44329 43.18565 88.45903 52.63079 34.01470 36.01389 86.68333 40.31129 41.04875 22.36068 40.02499 80.05623 88.00568 21.93171 43.26662 89.27486 51.40039 17.80449 34.71311 68.88396 43.27817 31.57531 54.23099 45.27693 16.76305 34.65545 95.63472 56.22277 40.81666 67.08204 31.01612 81.39410 89.08984 73.24616 34.20526 53.25411 39.81206 94.42987 73.82412 73.24616 93.53609 38.20995 34.98571 95.13149 82.05486 
73.02739 13.03840 40.11234 40.52160 30.41381 63.63961 21.58703 9.05539 0.00000 28.17801 15.65248 41.00000 52.88667 40.80441 83.21658 49.04080 40.49691 74.46476 76.65507 42.44997 47.38143 36.49658 26.90725 13.89244 57.00877 81.61495 17.49286 25.49510 80.04998 81.60882 35.38361 50.15974 54.23099 24.33105 19.10497 68.00735 18.43909 47.42362 33.24154 16.55295 68.24954 88.58894 6.32456 25.96151 54.45181 55.94640 83.48653 65.94695 63.50591 54.00000 73.33485 37.01351 15.00000 90.75792 55.03635 88.60023 47.41308 45.00000 69.64194 36.61967 48.16638 14.31782 18.02776 28.17801 18.78829 62.28965 82.00000 41.40048 51.22499 11.00000 48.54894 72.11103 51.61395 84.40379 18.97367 35.05710 76.66159 29.06888 33.28663 36.34556 74.06079 43.41659 72.71864 55.47071 59.61543 62.39391 37.48333 83.02409 15.62050 74.33034 41.23106 23.25941 68.96376 30.08322 90.47099 47.41308 37.44329 68.94926 58.24088 59.00000 87.31552 87.66413 74.09453 43.86342 40.44750 14.31782 85.84288 41.67733 31.90611 24.75884 83.15047 56.00000 9.89949 80.28076 37.58989 41.76123 11.70470 93.94147 40.24922 22.09072 22.02272 47.70744 68.50547 30.06659 83.18654 31.38471 13.03840 54.57105 69.77822 75.16648 48.08326 20.24846 55.90170 24.16609 62.17717 41.43670 17.49286 29.54657 33.28663 21.95450 8.06226 80.62258 65.03076 38.20995 31.01612 13.92839 84.52810 43.41659 72.56721 16.27882 19.00000 66.03030 33.52611 34.71311 45.48626 28.46050 53.14132 32.31099 42.29657 79.42921 46.64762 25.00000 35.90265 77.79460 31.25700 33.30165 24.69818 38.00000 71.11259 79.02531 15.65248 38.07887 80.22468 45.65085 13.15295 27.80288 59.90826 37.21559 30.14963 45.61798 40.49691 15.52417 28.01785 86.92526 50.24938 36.05551 58.05170 31.62278 72.36712 80.05623 65.21503 32.00000 47.85394 38.01316 85.37564 65.29931 64.19502 84.48077 31.90611 30.36445 86.20905 73.02739 
64.25730 24.41311 34.82815 27.78489 9.43398 52.49762 18.43909 34.05877 28.17801 0.00000 22.82542 26.62705 39.56008 14.03567 65.12296 25.70992 13.03840 56.08030 64.76110 18.43909 46.01087 21.95450 7.07107 30.80584 33.52611 69.63476 16.12452 8.00000 65.37584 65.00769 13.03840 42.54409 37.21559 17.02939 28.23119 51.03920 21.58703 23.08679 10.04988 11.66190 43.86342 67.18631 24.20744 6.00000 28.65310 36.05551 66.03030 41.14608 52.81098 48.02083 62.64184 10.77033 25.07987 73.10951 47.88528 70.25667 19.23538 17.80449 47.53946 17.46425 40.81666 14.86607 19.41649 16.97056 22.47221 57.98276 67.36468 14.42221 24.20744 25.07987 28.01785 62.62587 29.42788 69.18092 19.64688 14.86607 54.81788 1.00000 16.55295 30.47950 64.84597 25.31798 50.69517 36.01389 42.04759 52.20153 14.03567 73.68175 15.03330 57.00000 14.76482 17.00000 53.23533 3.60555 70.85901 29.15476 18.43909 52.03845 43.93177 52.35456 69.18092 73.43705 51.92302 27.89265 41.10961 22.47221 73.16420 13.60147 16.12452 9.43398 76.15773 49.73932 26.90725 65.27634 21.18962 29.96665 31.89044 73.54590 12.08305 24.69818 25.63201 27.01851 45.88028 15.81139 69.87131 3.60555 18.43909 41.76123 50.24938 52.49762 22.84732 8.24621 37.00000 17.49286 42.19005 33.83785 24.16609 19.10497 5.83095 15.23155 35.22783 61.40033 56.85948 13.34166 13.41641 39.69887 70.57620 29.41088 58.85576 28.16026 14.31782 43.01163 24.04163 13.15295 25.00000 4.47214 37.65634 5.09902 24.75884 65.76473 18.60108 27.73085 23.25941 61.00820 27.65863 12.36932 26.30589 18.38478 64.84597 71.30919 12.52996 10.19804 69.64194 17.49286 16.27882 5.00000 46.09772 9.21954 16.76305 28.44293 13.03840 19.72308 3.60555 67.60178 22.20360 9.05539 46.17359 23.53720 59.03389 70.51950 42.05948 14.76482 19.69772 19.10497 73.97973 45.27693 54.78138 72.78049 4.47214 5.65685 79.30952 64.25730 
80.89499 3.00000 48.27007 25.31798 20.00000 70.17834 7.28011 15.13275 15.65248 22.82542 0.00000 26.07681 58.00000 31.40064 86.31338 48.10405 31.89044 77.27872 83.09633 40.85340 57.58472 22.02272 25.70992 8.60233 56.08030 88.09086 22.56103 16.27882 85.09407 85.58621 34.48188 57.87055 57.42822 10.44031 6.00000 71.56815 26.92582 45.69464 31.62278 14.03567 66.64083 89.49302 9.43398 17.80449 51.47815 57.48913 86.97701 63.95311 70.25667 62.58594 80.30567 33.54102 26.07681 94.20191 63.15061 91.59148 40.31129 40.49691 69.89278 37.65634 55.90170 10.00000 25.29822 32.01562 3.16228 71.84010 87.09191 37.21559 46.87217 22.80351 49.47727 79.63040 51.54610 89.20202 26.24881 22.84732 77.16217 23.32381 35.22783 43.93177 81.74350 45.54119 73.05477 57.27128 62.64982 69.35416 36.05551 90.79648 19.41649 77.78175 37.58989 28.28427 73.24616 22.80351 92.64988 49.64877 38.63936 72.56032 63.03174 67.46851 90.42677 93.04837 74.33034 47.16991 51.07837 1.41421 92.02174 35.60899 34.13210 25.17936 91.98369 64.53681 7.00000 85.14693 40.19950 47.04253 10.77033 95.60335 33.30165 31.38471 31.78050 48.50773 68.35203 16.76305 89.00000 26.41969 6.08276 60.00833 71.80529 75.02666 45.61798 18.24829 58.05170 29.27456 63.78871 48.66210 2.23607 34.05877 28.65310 26.17250 18.00000 82.97590 72.99315 35.84690 18.78829 19.92486 90.02222 28.28427 78.00641 28.60070 8.60233 65.55151 18.24829 34.20526 46.32494 20.61553 57.14018 24.83948 28.07134 85.00588 40.45986 34.92850 21.02380 81.61495 39.29377 32.98485 9.21954 25.00000 80.04998 87.47571 14.00000 30.41381 87.36704 38.94868 9.05539 25.29822 65.00769 31.62278 16.49242 48.37355 31.89044 3.16228 24.69818 89.26926 43.93177 27.58623 64.07027 16.27882 78.00000 87.69265 64.62198 19.31321 40.31129 24.73863 92.19544 66.94027 71.56815 91.13726 27.29469 21.93171 95.12623 80.89499 
90.37699 29.06888 61.40033 2.23607 17.20465 78.39005 19.41649 41.00000 41.00000 26.62705 26.07681 0.00000 65.39113 21.02380 87.69265 47.85394 23.08679 78.91768 90.13878 41.48494 72.47068 5.00000 33.60060 33.13608 54.23099 94.86833 39.20459 20.51828 89.73851 88.45903 38.48376 69.11584 61.98387 16.76305 26.30589 74.95332 45.00000 44.72136 35.77709 29.68164 62.07254 87.02299 34.71311 21.93171 47.01064 59.43904 88.95504 59.07622 78.79086 74.62573 88.39118 33.83785 46.64762 95.63472 74.43118 92.43917 31.06445 36.22154 68.06614 43.38202 67.41662 28.63564 42.80187 43.41659 23.02173 84.59905 91.67879 34.71311 41.00000 44.72136 51.92302 88.63972 51.97115 93.17188 43.41659 12.08305 75.00667 26.07681 43.04649 57.00877 90.87354 50.69517 71.02816 59.66574 66.21933 78.29432 38.62642 99.53894 36.61967 80.41144 35.90265 42.42641 77.62087 23.32381 92.08692 54.08327 44.28318 75.92760 69.28925 78.89233 91.54780 97.74457 72.00694 53.71220 67.20863 27.16616 98.08160 30.26549 42.72002 35.46830 102.41582 76.32169 33.06055 89.49860 47.41308 56.43580 36.05551 94.00000 27.29469 49.04080 49.81967 50.96077 66.03030 12.20656 94.64143 28.17801 28.16026 67.62396 72.69113 72.00694 43.41659 30.47950 60.87693 43.13931 64.93843 60.46487 25.00000 45.60702 29.54657 40.31129 44.04543 83.38465 83.18654 37.00000 13.45362 45.17743 95.07891 2.82843 83.81527 49.73932 22.84732 63.03174 8.06226 38.91015 49.33559 22.20360 62.96825 23.25941 4.47214 90.52072 33.00000 52.49762 5.09902 84.52810 53.81450 38.47077 19.41649 9.21954 91.30170 97.50897 30.52868 24.51530 95.27329 31.00000 29.15476 31.62278 71.51224 29.12044 11.66190 53.85165 23.08679 25.49510 30.23243 89.20202 35.12834 21.84033 72.09022 10.04988 84.11896 96.38465 62.03225 12.04159 30.14963 8.24621 99.29753 67.74216 80.95678 98.03061 29.06888 21.09502 105.55094 90.37699 
25.05993 58.07753 15.55635 66.85058 48.70318 13.00000 56.43580 61.84658 52.88667 39.56008 58.00000 65.39113 0.00000 46.32494 30.88689 21.40093 44.10215 22.80351 25.31798 25.00000 20.39608 61.09828 33.54102 63.38770 21.84033 30.26549 36.34556 47.29693 27.29469 28.79236 26.92582 10.04988 7.07107 55.90170 64.00000 15.81139 34.48188 24.08319 29.73214 44.01136 29.06888 38.89730 53.60037 45.35416 28.17801 13.15295 30.87070 29.01724 13.41641 14.31782 23.08679 31.76476 38.62642 38.07887 12.64911 36.23534 40.31129 32.55764 24.35159 22.13594 10.44031 48.00000 34.92850 26.01922 59.07622 22.82542 29.27456 32.20248 32.20248 42.37924 15.62050 23.25941 18.35756 31.57531 33.95585 53.31041 29.15476 39.84972 23.34524 17.49286 25.49510 14.76482 26.40076 12.16553 9.84886 13.03840 26.83282 34.17601 39.20459 21.95450 30.80584 30.26549 16.15549 42.37924 38.83298 12.04159 21.18962 16.64332 5.38516 16.12452 34.88553 35.12834 27.73085 11.70470 22.82542 57.00877 34.05877 37.20215 24.18677 33.13608 37.21559 14.86607 58.42089 27.45906 18.43909 11.18034 62.80127 42.80187 39.66106 31.38471 31.78050 16.27882 24.73863 55.36244 31.00000 37.33631 52.00961 2.23607 20.00000 29.54657 26.24881 40.11234 11.04536 29.27456 15.52417 12.80625 60.00833 24.08319 35.84690 32.14032 60.72891 29.20616 18.43909 28.65310 52.81098 66.76077 32.06244 68.02941 20.02498 38.91015 51.24451 24.18677 63.60031 26.57066 17.02939 43.96590 4.12311 42.15448 62.60990 27.01851 37.48333 29.52965 62.62587 25.07987 22.36068 27.20294 64.38167 56.36488 26.90725 32.24903 44.00000 41.67733 30.08322 38.94868 49.01020 34.92850 7.07107 36.71512 56.32051 11.66190 44.10215 55.00909 36.13862 35.22783 38.28838 43.82921 6.70820 63.06346 20.00000 31.01612 24.08319 54.08327 41.72529 57.27128 34.52535 17.46425 15.81139 33.37664 36.40055 44.59821 40.31129 25.05993 
71.34424 33.83785 45.60702 23.00000 11.40175 59.16925 24.75884 45.17743 40.80441 14.03567 31.40064 21.02380 46.32494 0.00000 66.75328 27.20294 2.23607 58.05170 70.26379 21.47091 57.00877 18.24829 19.92486 40.00000 33.24154 74.84651 30.14963 15.65248 69.26038 67.68309 20.51828 51.66237 42.04759 21.93171 35.35534 54.40588 35.51056 24.04163 18.60108 24.51530 41.19466 66.06815 35.84690 14.86607 26.00000 38.89730 68.06614 38.20995 59.68249 57.31492 68.88396 14.86607 39.11521 74.67262 56.72742 71.44928 10.44031 15.29706 47.04253 25.45584 50.20956 26.57066 33.37664 29.06888 29.73214 67.26812 71.16881 14.31782 20.02498 39.01282 31.78050 69.46222 31.32092 72.53275 33.54102 10.77033 54.00000 13.03840 26.40076 41.61730 71.69379 31.62278 50.01000 39.21734 45.88028 59.36329 19.84943 80.06248 29.00000 59.66574 15.65248 30.36445 57.24509 11.04536 71.06335 34.48188 26.17250 55.36244 49.64877 61.07373 70.57620 77.20104 51.00000 35.00000 53.00000 31.62278 77.83315 9.48683 26.62705 22.80351 83.52844 58.79626 37.21559 68.96376 29.69848 38.89730 41.88078 73.00685 6.70820 38.32754 39.29377 30.87070 45.01111 16.64332 74.33034 12.64911 29.06888 48.54894 51.78803 51.03920 22.56103 22.02272 40.49691 30.67572 44.14748 43.93177 31.89044 30.88689 12.52996 28.86174 47.01064 62.39391 64.63745 17.80449 13.60147 50.60632 74.63243 23.19483 63.69458 42.19005 23.32381 42.01190 23.08679 21.26029 29.52965 12.36932 43.41659 9.00000 17.26268 70.22820 12.04159 41.10961 20.39608 63.78871 39.82462 21.40093 30.80584 12.04159 73.00685 78.54935 25.49510 5.00000 75.58439 10.04988 27.85678 17.72005 51.88449 9.89949 17.49286 34.66987 2.23607 28.84441 16.49242 68.18358 14.56022 5.00000 53.00000 23.76973 64.07808 76.94154 41.01219 13.89244 9.84886 13.03840 79.30952 46.87217 62.12890 78.00000 13.00000 10.44031 86.60831 71.34424 
27.45906 86.88498 46.04346 89.56004 73.00685 25.00000 83.38465 92.02717 83.21658 65.12296 86.31338 87.69265 30.88689 66.75328 0.00000 40.04997 64.62971 9.05539 19.10497 47.00000 46.75468 84.29116 60.67125 92.64988 33.54102 19.23538 66.09841 73.10951 11.00000 5.00000 52.23983 37.53665 29.12044 82.15230 92.22798 15.23155 65.00000 43.10452 55.22681 72.36712 28.65310 13.00000 83.24062 71.11259 41.23106 29.06888 2.23607 31.30495 25.80698 37.64306 22.56103 55.00000 69.35416 8.00000 35.46830 5.38516 57.48913 51.47815 20.61553 48.66210 39.05125 76.48529 65.19202 55.36244 86.83317 38.48376 11.18034 53.15073 47.29693 73.00685 37.12142 25.70992 36.01389 9.84886 64.25730 76.23647 15.62050 65.06919 51.19570 48.37355 26.30589 40.79216 18.35756 29.15476 23.76973 27.20294 51.08816 27.45906 68.68042 8.94427 52.08647 60.08328 15.00000 67.00746 8.60233 36.67424 47.67599 14.31782 25.55386 34.66987 4.12311 14.42221 18.02776 39.56008 51.66237 85.51023 18.38478 57.42822 52.39275 61.18823 34.36568 36.40055 87.80091 10.00000 46.32494 41.62932 92.44458 13.03840 60.40695 62.16912 62.60990 38.11824 22.84732 80.00625 15.52417 62.03225 80.60397 29.68164 15.03330 19.20937 44.28318 68.06614 28.28427 59.13544 23.00000 43.56604 88.11924 53.75872 60.00833 61.68468 91.18114 5.00000 29.96665 52.00961 77.02597 97.14422 13.92839 89.94443 15.65248 69.77105 78.63841 25.63201 88.05112 52.34501 40.19950 69.02898 30.08322 66.00758 84.01190 14.00000 55.10898 60.41523 86.20905 6.40312 53.23533 53.46027 91.35097 78.51751 33.73426 31.01612 72.56721 63.28507 23.08679 57.07013 77.66595 61.40033 24.41311 59.07622 81.00617 38.07887 64.62971 83.18654 62.28965 5.38516 53.85165 66.18912 27.65863 88.00568 16.55295 26.07681 26.57066 78.05767 58.69412 79.51101 22.13594 20.02498 27.78489 20.88061 61.03278 69.00000 35.90265 27.45906 
45.45327 49.24429 28.07134 49.64877 33.01515 33.30165 44.14748 56.85948 49.04080 25.70992 48.10405 47.85394 21.40093 27.20294 40.04997 0.00000 25.00000 31.14482 43.41659 7.28011 38.07887 44.28318 22.82542 55.46170 8.06226 47.85394 31.82766 33.54102 42.05948 40.60788 13.89244 29.54657 15.62050 42.57934 53.75872 27.20294 33.60060 3.16228 16.55295 34.88553 19.20937 41.48494 47.16991 31.57531 8.00000 11.70470 41.19466 16.97056 33.97058 34.88553 42.43819 15.13275 38.60052 48.04165 33.61547 45.00000 19.41649 12.08305 21.84033 12.80625 28.79236 38.91015 32.64966 22.20360 48.08326 44.10215 43.96590 13.15295 10.81665 41.10961 5.83095 43.41659 4.12311 45.35416 32.01562 36.22154 29.12044 25.49510 16.40122 26.07681 45.60702 10.00000 25.00000 12.08305 18.78829 33.94113 12.08305 53.53504 33.42155 32.55764 12.04159 27.01851 30.08322 27.16616 45.27693 9.84886 12.20656 28.16026 23.43075 37.44329 44.01136 50.00000 26.24881 13.15295 37.05401 47.53946 50.69517 17.72005 17.80449 24.41311 57.62812 35.84690 51.00000 41.76123 13.92839 19.10497 55.94640 47.85394 20.61553 33.12099 34.00000 5.38516 20.24846 40.01250 47.16991 22.36068 42.95346 23.43075 25.01999 26.92582 5.00000 30.41381 13.41641 26.40076 17.11724 25.17936 49.64877 21.95450 20.22375 27.58623 57.00877 36.01389 39.62323 12.36932 37.00000 62.42596 47.43416 50.21952 36.67424 40.49691 39.84972 17.46425 48.01042 14.42221 6.00000 29.27456 17.69181 26.01922 44.38468 43.08132 16.64332 33.61547 46.17359 36.67424 27.89265 15.81139 51.97115 38.63936 48.10405 52.63079 35.35534 23.34524 48.87740 18.35756 40.24922 22.84732 25.61250 19.02630 41.01219 11.40175 25.00000 44.94441 23.40940 42.10701 16.97056 26.17250 27.58623 48.01042 37.12142 50.47772 16.55295 38.01316 20.80865 39.62323 52.32590 20.02498 36.76955 50.99020 21.37756 29.06888 60.60528 45.45327 
69.11584 34.20526 43.60046 25.01999 12.04159 56.93856 25.49510 45.27693 40.49691 13.03840 31.89044 23.08679 44.10215 2.23607 64.62971 25.00000 0.00000 55.90170 68.02941 19.23538 55.00000 20.09975 18.43909 40.45986 31.14482 72.61543 29.01724 15.81139 67.05222 65.51336 18.43909 49.51767 39.81206 22.80351 36.12478 52.20153 34.23449 21.84033 16.64332 24.04163 39.31921 64.12488 35.77709 14.76482 24.02082 36.68787 65.92420 36.34556 57.45433 55.17246 66.64833 12.72792 38.01316 72.56032 54.56189 69.35416 8.94427 13.15295 45.01111 23.34524 48.08326 26.40076 32.14032 27.31300 30.41381 65.11528 68.96376 12.08305 18.11077 38.11824 29.54657 67.23095 29.12044 70.34202 32.24903 12.36932 52.00961 12.04159 24.41311 39.66106 69.46222 29.41088 48.00000 37.00000 43.65776 57.14018 17.69181 77.82673 28.07134 57.48913 13.41641 28.86174 55.02727 10.44031 69.02898 32.24903 24.04163 53.16014 47.41308 58.89822 68.46897 75.00000 49.01020 32.80244 51.10773 32.01562 75.61085 7.28011 24.69818 21.37756 81.30191 56.63921 37.44329 66.76077 27.58623 36.76955 42.20190 71.02816 4.47214 36.87818 37.85499 28.63564 43.00000 17.88854 72.11103 11.18034 29.15476 46.32494 49.64877 49.09175 20.39608 21.21320 38.27532 29.12044 41.97618 41.86884 32.52691 29.06888 10.77033 27.45906 46.95743 60.29925 62.42596 15.62050 14.76482 50.77401 72.42237 25.31798 61.46544 41.04875 23.60085 40.00000 24.73863 19.20937 27.29469 12.08305 41.18252 8.24621 19.41649 68.00735 10.19804 39.56008 22.20360 61.61169 38.01316 19.41649 31.90611 14.00000 70.80254 76.32169 25.00000 3.16228 73.34848 8.24621 27.73085 16.27882 49.64877 7.81025 18.78829 32.44996 0.00000 29.20616 15.13275 66.12110 13.00000 4.47214 50.77401 25.29822 61.84658 74.70609 39.00000 15.23155 8.60233 15.00000 77.07788 44.72136 59.90826 75.76939 11.40175 10.29563 84.38009 69.11584 
26.30589 77.87811 38.28838 80.75271 64.03124 19.92486 74.33034 83.21658 74.46476 56.08030 77.27872 78.91768 22.80351 58.05170 9.05539 31.14482 55.90170 0.00000 19.31321 38.01316 40.49691 75.42546 51.62364 83.67795 25.00000 21.63331 57.24509 64.07027 13.45362 9.84886 43.18565 30.61046 20.24846 73.10951 83.18654 7.07107 56.36488 34.23449 46.17359 63.34824 21.93171 16.64332 74.33034 62.07254 32.89377 20.02498 10.04988 24.20744 20.88061 31.76476 21.37756 46.01087 60.82763 17.02939 29.52965 14.31782 49.04080 42.75512 13.45362 39.62323 31.89044 67.46851 56.46238 46.48656 77.78175 34.71311 14.86607 44.28318 38.89730 64.40497 28.07134 24.18677 27.07397 15.26434 55.54278 67.36468 11.40175 56.03570 42.20190 40.22437 25.49510 31.78050 12.20656 20.09975 14.86607 22.13594 42.04759 29.52965 59.77458 3.16228 43.18565 51.26402 8.54400 58.00000 16.12452 27.65863 38.63936 6.40312 17.69181 29.73214 13.15295 20.24846 12.52996 30.67572 44.68781 76.48529 22.62742 48.66210 43.41659 52.17279 35.84690 30.87070 78.84795 12.72792 37.36308 33.12099 83.52245 20.00000 51.62364 53.71220 54.20332 29.06888 15.62050 71.02816 19.10497 53.00943 71.58911 21.93171 6.32456 14.31782 35.51056 59.03389 19.23538 50.32892 14.03567 35.60899 79.07591 44.94441 51.00000 52.81098 82.46211 6.40312 26.30589 43.00000 68.06614 88.39118 18.43909 81.21576 13.15295 61.40033 69.58448 18.02776 79.10120 43.28972 31.14482 60.00833 21.47091 57.03508 75.31268 15.81139 46.57252 52.15362 77.31753 6.40312 44.94441 44.40721 82.29824 69.72087 32.06244 31.62278 63.56099 54.45181 24.59675 48.50773 68.65858 52.34501 17.02939 50.15974 72.02777 29.12044 55.90170 74.14850 53.23533 12.52996 45.54119 57.31492 20.80865 79.02531 14.14214 27.31300 18.86796 69.11584 50.28916 70.71068 25.61250 11.18034 23.53720 24.20744 52.00961 60.00833 38.01316 26.30589 
8.54400 83.00602 36.67424 91.70605 73.76313 13.03840 81.74350 85.70881 76.65507 64.76110 83.09633 90.13878 25.31798 70.26379 19.10497 43.41659 68.02941 19.31321 0.00000 48.84670 33.12099 86.02325 58.85576 88.05112 39.82462 5.00000 61.00820 72.56721 8.24621 14.14214 51.92302 26.68333 28.23119 81.21576 89.08984 17.69181 58.30952 46.52956 54.81788 69.18092 40.22437 32.06244 78.10250 70.61161 47.80167 31.90611 17.26268 42.01190 13.15295 24.16609 4.24264 56.30275 61.81424 21.47091 22.47221 22.13594 62.76942 55.47071 31.90611 47.29693 28.63564 73.10951 59.13544 51.08816 84.29116 21.26029 8.94427 55.94640 53.25411 65.76473 38.48376 7.21110 39.44617 11.66190 58.13777 78.10890 30.67572 65.00000 48.66210 40.31129 7.28011 39.56008 31.30495 31.38471 24.69818 14.31782 51.54610 10.63015 64.00000 16.15549 54.62600 55.00000 14.14214 67.44627 26.92582 36.05551 46.32494 17.02939 20.88061 19.72308 20.88061 12.20656 31.78050 36.87818 39.39543 82.05486 9.21954 60.83584 49.49747 58.42089 16.55295 22.36068 83.05420 9.21954 43.73786 36.05551 87.20665 31.32092 63.56099 54.58938 54.74486 39.39543 33.83785 80.52329 7.21110 62.36185 77.05842 23.19483 23.85372 33.61547 48.37355 65.37584 30.01666 54.00000 28.31960 35.22783 85.14693 49.04080 60.72891 57.00877 84.17244 22.09072 13.60147 53.14132 77.88453 90.25519 9.21954 92.69844 7.07107 61.39218 76.53104 35.60899 88.76936 51.66237 40.85340 69.12308 27.20294 67.05222 87.09191 5.38516 60.03332 51.97115 87.64131 14.14214 45.39824 52.39275 89.67720 80.99383 14.86607 12.36932 69.11584 65.92420 5.65685 61.77378 74.06079 60.20797 18.68154 61.09828 81.49233 36.40055 68.02941 80.15610 61.39218 24.33105 59.90826 68.35203 19.02630 88.29496 6.40312 8.06226 36.23534 79.12016 64.14047 81.93290 9.21954 26.90725 13.00000 8.06226 61.40033 69.64194 18.86796 8.54400 
