nbNodes
202
nbVehi
30
nbServi
6
r
1 1 1 1 1 1 
0 0 0 0 0 1 
0 0 0 0 1 0 
0 0 1 0 0 0 
0 0 1 0 0 0 
1 0 0 0 0 0 
0 0 0 0 0 1 
0 0 0 0 1 0 
0 0 0 0 0 1 
0 0 1 0 0 0 
0 0 0 1 0 0 
0 0 0 0 0 1 
0 0 0 1 0 0 
0 1 0 0 0 0 
1 0 0 0 0 0 
0 0 1 0 0 0 
0 0 0 0 1 0 
1 0 0 0 0 0 
0 1 0 0 0 0 
0 0 0 0 0 1 
0 0 0 1 0 0 
1 0 0 0 0 0 
0 0 0 0 0 1 
1 0 0 0 0 0 
0 0 1 0 0 0 
0 1 0 0 0 0 
0 0 0 0 1 0 
0 0 1 0 0 0 
0 0 0 1 0 0 
0 0 0 1 0 0 
0 0 1 0 0 0 
0 1 0 0 0 0 
0 0 1 0 0 0 
0 1 0 0 0 0 
0 1 0 0 0 0 
0 1 0 0 0 0 
0 0 1 0 0 0 
0 0 0 0 1 0 
0 0 0 1 0 0 
0 1 0 0 0 0 
0 1 0 0 0 0 
1 0 0 0 0 0 
0 0 0 0 0 1 
1 0 0 0 0 0 
0 0 0 1 0 0 
0 0 0 1 0 0 
0 0 1 0 0 0 
0 0 0 0 1 0 
0 0 0 0 1 0 
0 0 0 0 0 1 
0 0 0 1 0 0 
0 1 0 0 0 0 
0 0 0 0 0 1 
0 0 0 0 1 0 
0 0 0 0 0 1 
0 0 0 0 0 1 
1 0 0 0 0 0 
0 0 0 0 0 1 
0 0 0 0 1 0 
0 0 0 1 0 0 
0 0 0 0 0 1 
0 0 0 0 0 1 
0 0 0 1 0 0 
0 0 0 1 0 0 
0 0 1 0 0 0 
0 0 0 0 1 0 
0 0 0 1 0 0 
0 0 0 1 0 0 
0 0 0 0 0 1 
0 0 1 0 0 0 
1 0 0 0 0 0 
0 1 0 0 0 0 
0 0 0 0 1 0 
0 0 0 0 1 0 
1 0 0 0 0 0 
0 1 0 0 0 0 
0 1 0 0 0 0 
0 1 0 0 0 0 
0 0 0 0 1 0 
0 0 0 1 0 0 
0 0 0 0 0 1 
0 1 0 0 0 0 
0 1 0 0 0 0 
0 0 0 0 1 0 
0 1 0 0 0 0 
1 0 0 0 0 0 
0 1 0 0 0 0 
1 0 0 0 0 0 
1 0 0 0 0 0 
0 0 0 1 0 0 
0 1 0 0 0 0 
0 1 0 0 0 0 
0 0 0 1 0 0 
1 0 0 0 0 0 
0 0 0 1 0 0 
0 0 0 0 1 0 
0 1 0 0 0 0 
0 1 0 0 0 0 
0 0 0 1 0 0 
1 0 0 0 0 0 
0 0 1 0 0 0 
0 0 0 0 0 1 
0 1 0 0 0 0 
0 0 0 0 1 0 
1 0 0 0 0 0 
0 0 0 0 1 0 
0 1 0 0 0 0 
0 0 0 0 0 1 
0 0 1 0 0 0 
0 0 0 0 1 0 
0 0 0 0 0 1 
0 0 0 0 1 0 
0 0 0 0 0 1 
0 0 0 1 0 0 
1 0 0 0 0 0 
1 0 0 0 0 0 
1 0 0 0 0 0 
0 0 1 0 0 0 
0 1 0 0 0 0 
0 1 0 0 0 0 
0 0 0 0 1 0 
0 1 0 0 0 0 
0 0 0 0 1 0 
0 0 0 0 1 0 
0 0 1 0 0 0 
0 0 0 0 1 0 
1 0 0 0 0 0 
0 0 0 0 0 1 
0 0 0 1 0 0 
0 0 0 1 0 0 
0 0 0 0 1 0 
1 0 0 0 0 0 
0 0 0 0 1 0 
0 0 0 1 0 0 
0 0 0 1 0 0 
0 0 1 0 0 0 
0 0 0 0 0 1 
1 0 0 0 0 0 
0 0 0 0 0 1 
0 0 0 1 0 0 
0 0 1 0 0 0 
0 0 0 0 1 1 
0 0 0 1 1 0 
0 0 0 1 0 1 
0 0 0 0 1 1 
0 0 0 1 0 1 
0 0 0 1 1 0 
0 0 0 0 1 1 
0 0 0 1 0 1 
0 0 0 1 0 1 
0 0 0 1 1 0 
0 0 0 0 1 1 
0 0 0 0 1 1 
0 0 0 1 0 1 
0 0 0 1 0 1 
0 0 0 1 1 0 
0 0 0 0 1 1 
0 0 0 1 0 1 
0 0 0 0 1 1 
0 0 0 0 1 1 
0 0 0 1 0 1 
0 0 0 1 1 0 
0 0 0 1 0 1 
0 0 0 1 0 1 
0 0 0 1 1 0 
0 0 0 1 1 0 
0 0 0 1 0 1 
0 0 0 1 1 0 
0 0 0 0 1 1 
0 0 0 1 0 1 
0 0 0 1 0 1 
0 0 1 0 0 1 
0 1 0 0 0 1 
0 0 1 0 1 0 
0 1 0 0 1 0 
0 1 0 0 1 0 
0 1 0 1 0 0 
1 0 0 1 0 0 
1 0 0 0 1 0 
1 0 0 0 0 1 
0 0 1 1 0 0 
1 0 0 0 0 1 
1 0 0 0 1 0 
0 1 0 0 0 1 
0 1 0 0 1 0 
0 1 0 1 0 0 
0 0 1 0 0 1 
0 0 1 1 0 0 
0 0 1 0 0 1 
0 0 1 0 1 0 
1 0 0 1 0 0 
1 0 0 1 0 0 
0 1 0 0 1 0 
1 0 0 0 1 0 
0 1 0 1 0 0 
0 0 1 1 0 0 
0 0 1 0 1 0 
0 1 0 0 1 0 
0 0 1 0 1 0 
1 0 0 1 0 0 
0 0 1 1 0 0 
1 1 1 1 1 1 
DS
142 143 144 145 146 147 148 149 150 151 152 153 154 155 156 157 158 159 160 161 162 163 164 165 166 167 168 169 170 171 188 172 173 174 175 176 177 178 179 180 181 182 183 184 185 186 187 189 190 191 192 193 194 195 196 197 198 199 200 201 
a
1 1 1 0 0 0 
0 1 0 0 0 0 
0 0 1 0 0 0 
1 0 0 0 0 0 
0 1 1 0 0 0 
1 1 0 0 0 0 
0 0 1 0 0 0 
1 0 0 0 0 0 
0 1 0 0 0 0 
0 1 1 0 0 0 
0 0 0 1 0 1 
0 0 0 1 1 1 
0 0 0 1 1 1 
0 0 0 1 1 1 
0 0 0 0 1 1 
0 0 0 1 1 1 
0 0 0 1 0 1 
0 0 0 1 1 1 
0 0 0 1 1 1 
0 0 0 1 1 0 
0 0 0 1 1 1 
0 0 0 1 1 1 
0 0 0 1 1 1 
0 0 0 1 0 1 
0 0 0 1 1 1 
0 0 0 1 1 1 
0 0 0 1 0 1 
0 0 0 1 1 1 
0 0 0 1 0 1 
0 0 0 1 1 1 
x
87 74 6 54 22 31 47 28 78 17 8 8 61 80 15 89 57 7 46 69 84 70 41 52 53 25 12 3 59 47 99 7 98 33 44 49 58 55 69 13 65 84 56 88 91 43 0 0 27 54 75 40 44 23 64 66 63 98 88 43 53 24 38 23 51 76 5 8 16 5 74 73 6 89 64 77 62 29 17 82 19 99 56 28 83 46 47 21 43 22 96 8 5 35 61 73 82 16 81 4 71 86 59 23 49 52 27 34 83 70 94 78 32 27 88 80 47 60 22 17 69 53 3 2 79 25 72 6 90 68 33 33 80 41 31 97 70 78 94 52 65 93 18 86 35 78 16 45 57 29 8 45 80 3 58 0 54 21 14 21 63 58 17 14 7 0 63 91 16 91 45 70 17 58 70 87 63 23 32 99 52 93 78 18 9 3 4 63 55 32 80 80 59 99 61 92 75 56 47 62 0 87 
y
7 0 24 10 34 30 35 8 47 5 27 21 42 36 34 17 49 6 5 35 49 16 31 40 22 43 31 35 19 23 46 43 7 4 29 22 17 42 8 12 37 44 30 26 11 15 20 34 4 34 42 8 12 24 0 9 15 24 48 31 34 18 48 39 3 31 24 1 12 3 47 16 48 30 34 6 31 28 12 33 45 14 30 18 19 44 9 42 46 15 38 34 25 28 3 38 29 27 5 36 7 6 6 43 4 8 48 30 46 0 21 6 43 2 48 45 47 48 49 32 47 8 27 21 42 27 49 14 46 15 17 41 32 27 19 47 26 19 6 49 49 34 19 33 13 25 19 9 11 31 27 46 1 6 11 40 15 42 41 7 20 47 32 48 23 36 19 32 1 4 27 39 35 47 28 18 2 30 35 4 5 22 45 28 16 38 4 33 22 10 8 9 34 44 34 41 18 7 16 1 0 7 
d
0.00000 14.76482 82.76473 33.13608 70.38466 60.53924 48.82622 59.00847 41.00000 70.02857 81.49233 80.23092 43.60046 29.83287 76.89603 10.19804 51.61395 80.00625 41.04875 33.28663 42.10701 19.23538 51.88449 48.10405 37.16181 71.69379 78.74643 88.54377 30.46309 43.08132 40.80441 87.72685 11.00000 54.08327 48.30114 40.85340 30.67572 47.42362 18.02776 74.16873 37.20215 37.12142 38.60052 19.02630 5.65685 44.72136 87.96590 91.09336 60.07495 42.63801 37.00000 47.01064 43.28972 66.21933 24.04163 21.09502 25.29822 20.24846 41.01219 50.11986 43.41659 63.95311 63.89053 71.55418 36.22154 26.40076 83.74366 79.22752 71.17584 82.09750 42.05948 16.64332 90.78546 23.08679 35.46830 10.04988 34.65545 61.68468 70.17834 26.47640 77.89737 13.89244 38.60052 60.01666 12.64911 55.22681 40.04997 74.70609 58.79626 65.49046 32.28002 83.48653 83.95237 56.08030 26.30589 34.01470 22.56103 73.76313 6.32456 87.92042 16.00000 1.41421 28.01785 73.43024 38.11824 35.01428 72.67049 57.77543 39.20459 18.38478 15.65248 9.05539 65.73431 60.20797 41.01219 38.63936 56.56854 49.09175 77.38863 74.33034 43.86342 34.01470 86.34813 86.14523 35.90265 65.14599 44.59821 81.30191 39.11521 20.61553 54.91812 63.81222 25.96151 50.15974 57.27128 41.23106 25.49510 15.00000 7.07107 54.67175 47.41308 27.65863 70.03571 26.01922 52.34501 20.12461 72.00694 42.04759 30.26549 62.76942 81.49233 57.31492 9.21954 84.00595 29.27456 93.04837 33.95585 74.70609 80.52950 66.00000 27.29469 49.40648 74.33034 83.72574 81.58431 91.70605 26.83282 25.31798 71.25307 5.00000 46.51881 36.23534 75.39231 49.40648 27.01851 11.00000 24.51530 68.00735 61.71710 12.36932 35.05710 16.15549 39.05125 72.12489 78.51751 89.53770 83.05420 35.38361 35.34119 55.08176 7.07107 7.28011 38.89730 38.89730 37.48333 34.36568 16.27882 31.00000 41.00000 25.70992 87.28115 0.00000 
14.76482 0.00000 72.11103 22.36068 62.12890 52.43091 44.20407 46.69047 47.16991 57.21888 71.30919 69.26038 43.96590 36.49658 68.09552 22.67157 51.86521 67.26812 28.44293 35.35534 50.01000 16.49242 45.27693 45.65085 30.41381 65.19202 69.31811 79.15807 24.20744 35.46830 52.35456 79.61156 25.00000 41.19466 41.72529 33.30165 23.34524 46.09772 9.43398 62.16912 38.07887 45.12206 34.98571 29.52965 20.24846 34.43835 76.65507 81.43709 47.16991 39.44617 42.01190 34.92850 32.31099 56.36488 10.00000 12.04159 18.60108 33.94113 50.00000 43.84062 39.96248 53.14132 60.00000 64.20280 23.19483 31.06445 73.05477 66.00758 59.22837 69.06519 47.00000 16.03122 83.23461 33.54102 35.44009 6.70820 33.24154 53.00000 58.24946 33.95585 71.06335 28.65310 34.98571 49.39636 21.02380 52.15362 28.46050 67.62396 55.47071 54.12024 43.90900 74.24284 73.38937 48.01042 13.34166 38.01316 30.08322 63.97656 8.60233 78.71467 7.61577 13.41641 16.15549 66.70832 25.31798 23.40940 67.17887 50.00000 46.87217 4.00000 29.00000 7.21110 60.10824 47.04253 50.00000 45.39824 54.20332 50.00000 71.44928 65.36819 47.26521 22.47221 75.96052 75.00000 42.29657 55.94640 49.04080 69.42622 48.70318 16.15549 44.38468 57.98276 32.55764 42.63801 47.01064 52.32590 26.30589 19.41649 20.88061 53.71220 49.81967 38.94868 59.13544 35.11410 41.10961 25.31798 61.03278 30.36445 20.24846 54.64430 71.30919 54.37830 6.08276 71.25307 19.41649 84.11896 25.00000 67.62396 72.67049 53.46027 22.82542 49.64877 65.36819 76.83749 70.83784 82.29216 21.95450 36.23534 58.00862 17.46425 39.62323 39.20459 66.88797 49.64877 28.28427 22.20360 11.18034 59.16925 54.67175 25.31798 22.56103 29.06888 45.17743 62.60990 66.94027 80.52950 70.11419 34.78505 29.06888 43.17407 10.00000 10.81665 37.16181 50.60632 36.40055 44.77723 18.02776 19.31321 31.38471 12.04159 74.00000 14.76482 
82.76473 72.11103 0.00000 50.00000 18.86796 25.70992 42.44997 27.20294 75.58439 21.95450 3.60555 3.60555 57.87055 74.96666 13.45362 83.29466 56.79789 18.02776 44.28318 63.95311 81.90849 64.49806 35.69314 48.70318 47.04253 26.87006 9.21954 11.40175 53.23533 41.01219 95.56673 19.02630 93.55747 33.60060 38.32754 43.04649 52.46904 52.20153 65.00000 13.89244 60.41523 80.52329 50.35871 82.02439 85.98837 38.07887 7.21110 11.66190 29.00000 49.03060 71.30919 37.57659 39.84972 17.00000 62.76942 61.84658 57.70615 92.00000 85.44004 37.65634 48.05206 18.97367 40.00000 22.67157 49.65884 70.34913 1.00000 23.08679 15.62050 21.02380 71.78440 67.47592 24.00000 83.21658 58.85576 73.24616 56.43580 23.34524 16.27882 76.53104 24.69818 93.53609 50.35871 22.80351 77.16217 44.72136 43.65776 23.43075 43.04649 18.35756 91.08238 10.19804 1.41421 29.27456 58.87274 68.44706 76.16430 10.44031 77.36924 12.16553 67.18631 82.00000 55.97321 25.49510 47.42362 48.70318 31.89044 28.63564 80.08121 68.35203 88.05112 74.21590 32.20248 30.41381 85.44004 76.92204 47.01064 59.09315 29.68164 13.60147 67.06713 49.64877 4.24264 5.00000 75.18643 19.23538 70.57620 10.00000 86.83317 62.64982 27.89265 31.90611 74.43118 35.12834 25.49510 93.86160 64.03124 72.17340 89.82205 52.35456 64.07808 87.57283 13.00000 80.50466 31.01612 72.00694 11.18034 41.78516 52.63079 24.04163 3.60555 44.77723 77.49194 18.24829 53.60037 17.08801 48.83646 23.43075 18.78829 22.67157 57.14018 56.85948 13.60147 25.29822 1.41421 13.41641 57.21888 85.37564 25.07987 87.32125 39.11521 65.73431 15.55635 56.85948 64.12488 81.22192 61.09828 18.02776 28.23119 95.12623 49.76947 87.02299 75.00000 12.64911 8.54400 14.31782 20.09975 57.70615 49.04080 29.52965 75.70997 75.50497 53.93515 95.12623 55.90170 87.66413 69.26038 52.81098 41.77320 60.53924 24.73863 82.76473 
33.13608 22.36068 50.00000 0.00000 40.00000 30.47950 25.96151 26.07681 44.10215 37.33631 49.04080 47.29693 32.75668 36.76955 45.79301 35.69314 39.11521 47.16991 9.43398 29.15476 49.20366 17.08801 24.69818 30.06659 12.04159 43.93177 46.95743 56.79789 10.29563 14.76482 57.62812 57.42822 44.10215 21.84033 21.47091 13.00000 8.06226 32.01562 15.13275 41.04875 29.15476 45.34314 20.09975 37.57659 37.01351 12.08305 54.91812 59.09315 27.65863 24.00000 38.27532 14.14214 10.19804 34.01470 14.14214 12.04159 10.29563 46.17359 50.99020 23.70654 24.02082 31.04835 41.23106 42.44997 7.61577 30.41381 50.96077 46.87217 38.05260 49.49747 42.05948 19.92486 61.22091 40.31129 26.00000 23.34524 22.47221 30.80584 37.05401 36.23534 49.49747 45.17743 20.09975 27.20294 30.36445 34.92850 7.07107 45.96738 37.64306 32.38827 50.47772 51.88449 51.24451 26.17250 9.89949 33.83785 33.83785 41.62932 27.45906 56.35601 17.26268 32.24903 6.40312 45.27693 7.81025 2.82843 46.61545 28.28427 46.22770 18.86796 41.48494 24.33105 39.66106 28.16026 50.99020 43.60046 37.65634 38.47077 50.44799 43.04649 39.92493 2.23607 53.75872 53.15073 40.60788 33.61547 42.95346 48.16638 50.91169 14.86607 22.13594 37.44329 34.05877 21.40093 24.69818 56.72742 22.62742 25.63201 40.19950 39.05125 40.52160 45.79301 37.10795 39.40812 19.23538 28.30194 39.05125 9.05539 3.16228 32.64966 49.04080 37.10795 27.51363 51.15662 4.12311 61.77378 5.00000 45.96738 50.60632 33.13608 13.45362 37.21559 43.04649 55.17246 48.76474 59.93330 12.72792 43.04649 39.05125 37.48333 19.23538 33.12099 44.65423 37.21559 24.08319 33.95585 12.04159 36.89173 33.30165 45.39824 5.38516 40.80441 42.43819 40.24922 45.39824 58.18075 50.35871 24.69818 12.04159 22.00000 26.07681 26.01922 24.51530 56.40035 25.00000 49.04080 22.47221 3.60555 9.21954 12.04159 54.91812 33.13608 
70.38466 62.12890 18.86796 40.00000 0.00000 9.84886 25.01999 26.68333 57.48913 29.42788 15.65248 19.10497 39.81206 58.03447 7.00000 69.12308 38.07887 31.76476 37.64306 47.01064 63.78871 51.26402 19.23538 30.59412 33.24154 9.48683 10.44031 19.02630 39.92493 27.31300 77.92946 17.49286 80.65358 31.95309 22.56103 29.54657 39.81206 33.95585 53.71220 23.76973 43.10452 62.80127 34.23449 66.48308 72.73239 28.31960 26.07681 22.00000 30.41381 32.00000 53.60037 31.62278 31.11270 10.04988 54.03702 50.60632 45.18849 76.65507 67.46851 21.21320 31.00000 16.12452 21.26029 5.09902 42.44997 54.08327 19.72308 35.84690 22.80351 35.35534 53.60037 54.08327 21.26029 67.11930 42.00000 61.71710 40.11234 9.21954 22.56103 60.00833 11.40175 79.55501 34.23449 17.08801 62.81720 26.00000 35.35534 8.06226 24.18677 19.00000 74.10803 14.00000 19.23538 14.31782 49.81967 51.15662 60.20797 9.21954 65.74192 18.11077 55.94640 69.85700 46.40043 9.05539 40.36087 39.69887 14.86607 12.64911 62.16912 58.82176 73.16420 62.60990 13.45362 32.38827 67.46851 59.03389 28.17801 40.49691 15.00000 5.38516 48.76474 40.45986 20.24846 23.85372 57.55867 7.61577 52.20153 25.61250 69.05071 49.76947 20.24846 13.03840 58.03447 20.24846 17.49286 76.11833 48.66210 57.97413 77.25283 33.54102 45.54119 71.00000 15.52417 64.00781 24.69818 56.71860 16.15549 33.97058 41.88078 7.61577 15.65248 25.94224 66.73080 33.83785 42.72002 22.80351 37.21559 8.06226 10.63015 27.01851 43.32436 38.27532 5.38516 16.12452 18.60108 22.09072 43.65776 69.02898 33.54102 75.23962 24.04163 48.25971 5.09902 38.27532 48.37355 66.94027 52.00961 4.12311 10.04988 82.63776 41.72529 72.00694 57.07013 7.21110 22.20360 19.41649 34.98571 41.01219 35.11410 26.00000 63.56099 63.15853 37.00000 77.64664 39.00000 70.34913 55.36244 43.41659 30.80584 51.85557 40.49691 70.38466 
60.53924 52.43091 25.70992 30.47950 9.84886 0.00000 16.76305 22.20360 49.98000 28.65310 23.19483 24.69818 32.31099 49.36598 16.49242 59.43904 32.20248 33.94113 29.15476 38.32754 56.30275 41.43670 10.04988 23.25941 23.40940 14.31782 19.02630 28.44293 30.08322 17.46425 69.85700 27.29469 70.83784 26.07681 13.03840 19.69772 29.96665 26.83282 43.90900 25.45584 34.71311 54.81788 25.00000 57.14018 62.93648 19.20937 32.57299 31.25700 26.30589 23.34524 45.60702 23.76973 22.20360 10.00000 44.59821 40.81666 35.34119 67.26812 59.77458 12.04159 22.36068 13.89244 19.31321 12.04159 33.60060 45.01111 26.68333 37.01351 23.43075 37.48333 46.23851 44.27189 30.80584 58.00000 33.24154 51.88449 31.01612 2.82843 22.80351 51.08816 19.20937 69.85700 25.00000 12.36932 53.15073 20.51828 26.40076 15.62050 20.00000 17.49286 65.49046 23.34524 26.47640 4.47214 40.36087 42.75512 51.00980 15.29706 55.90170 27.65863 46.14109 60.00833 36.87818 15.26434 31.62278 30.41381 18.43909 3.00000 54.40588 49.20366 63.63961 52.77310 13.03840 28.28427 59.77458 51.24451 23.34524 34.13210 21.02380 14.14214 41.62932 31.11270 28.16026 30.36445 49.47727 6.70820 45.18849 29.68164 61.13101 39.92493 13.15295 11.18034 49.04080 10.44031 11.00000 68.15424 39.20459 48.27007 67.41662 28.31960 38.94868 62.12890 17.02939 55.08176 17.46425 47.26521 18.60108 25.23886 32.20248 2.23607 23.19483 21.26029 56.93856 36.87818 33.01515 32.57299 27.45906 15.62050 20.24846 25.07987 33.52611 31.90611 14.14214 24.75884 25.00000 31.57531 33.83785 60.03332 32.64966 65.39113 14.31782 40.02499 14.86607 31.90611 39.05125 57.27128 42.52058 8.00000 5.09902 72.80110 32.64966 62.51400 49.33559 13.15295 26.07681 29.12044 37.48333 32.14032 25.29822 20.02498 53.71220 53.31041 28.28427 69.42622 30.26549 61.98387 45.60702 33.97058 21.26029 42.44997 43.13931 60.53924 
48.82622 44.20407 42.44997 25.96151 25.01999 16.76305 0.00000 33.01515 33.24154 42.42641 39.81206 41.43670 15.65248 33.01515 32.01562 45.69464 17.20465 49.40648 30.01666 22.00000 39.56008 29.83287 7.21110 7.07107 14.31782 23.40940 35.22783 44.00000 20.00000 12.00000 53.15073 40.79216 58.18075 34.01470 6.70820 13.15295 21.09502 10.63015 34.82815 41.04875 18.11077 38.07887 10.29563 41.97618 50.11986 20.39608 49.33559 47.01064 36.89173 7.07107 28.86174 27.89265 23.19483 26.40076 38.91015 32.20248 25.61250 52.17279 43.01163 5.65685 6.08276 28.60070 15.81139 24.33105 32.24903 29.27456 43.41659 51.73973 38.60052 52.80152 29.54657 32.20248 43.01163 42.29657 17.02939 41.72529 15.52417 19.31321 37.80212 35.05710 29.73214 56.08030 10.29563 25.49510 39.39543 9.05539 26.00000 26.92582 11.70470 32.01562 49.09175 39.01282 43.17407 13.89244 34.92850 26.17250 35.51056 32.01562 45.34314 43.01163 36.87818 48.60041 31.38471 25.29822 31.06445 27.45906 23.85372 13.92839 37.64306 41.88078 49.04080 42.44997 17.00000 38.58756 43.01163 34.48188 12.00000 18.38478 28.65310 30.14963 25.05993 27.65863 44.72136 47.12749 32.75668 23.40940 28.65310 46.06517 44.38468 29.00000 22.80351 15.23155 33.13608 10.00000 22.62742 51.41984 24.69818 34.88553 55.22681 14.86607 22.80351 46.01087 33.12099 39.05125 25.05993 32.57299 34.88553 26.07681 26.00000 18.43909 39.81206 11.18034 47.38143 52.69725 26.40076 47.26521 21.18962 26.92582 33.54102 38.20995 21.93171 16.27882 30.14963 35.46830 41.76123 47.01064 22.62742 44.10215 46.01087 53.82379 8.24621 23.34524 30.00000 16.27882 24.04163 43.46263 36.67424 24.51530 15.00000 60.53924 30.41381 47.80167 32.57299 29.83287 42.48529 44.10215 53.00943 16.12452 15.26434 29.15476 42.63801 42.01190 12.04159 52.77310 14.03567 45.39824 32.75668 29.41088 19.00000 37.16181 58.60034 48.82622 
59.00847 46.69047 27.20294 26.07681 26.68333 22.20360 33.01515 0.00000 63.41136 11.40175 27.58623 23.85372 47.38143 59.05929 29.06888 61.66036 50.21952 21.09502 18.24829 49.09175 69.40461 42.75512 26.41969 40.00000 28.65310 35.12834 28.01785 36.79674 32.89377 24.20744 80.52950 40.81666 70.00714 6.40312 26.40076 25.23886 31.32092 43.41659 41.00000 15.52417 47.01064 66.57327 35.60899 62.64184 63.07139 16.55295 30.46309 38.20995 4.12311 36.76955 58.00862 12.00000 16.49242 16.76305 36.87818 38.01316 35.69314 71.80529 72.11103 27.45906 36.06938 10.77033 41.23106 31.40064 23.53720 53.22593 28.01785 21.18962 12.64911 23.53720 60.30755 45.70558 45.65085 64.84597 44.40721 49.04080 41.04875 20.02498 11.70470 59.50630 38.07887 71.25307 35.60899 10.00000 56.08921 40.24922 19.02630 34.71311 40.85340 9.21954 74.32362 32.80244 28.60070 21.18962 33.37664 54.08327 57.93962 22.47221 53.08484 36.87818 43.01163 58.03447 31.06445 35.35534 21.37756 24.00000 40.01250 22.80351 66.85058 42.75512 67.26812 50.03998 35.22783 6.08276 72.11103 63.82006 43.38202 51.22499 41.43670 26.40076 56.58622 25.00000 31.40064 29.06888 61.29437 19.23538 60.14150 22.80351 72.71864 40.60788 10.29563 33.37664 57.27128 23.02173 11.40175 79.25907 45.69464 51.19570 66.03030 47.50789 55.22681 70.00714 14.86607 63.15853 8.60233 52.81098 16.27882 17.02939 29.15476 23.02173 27.58623 41.62932 52.46904 25.07987 30.14963 42.52058 26.92582 34.71311 35.84690 7.07107 37.00000 49.20366 26.40076 42.37924 25.80698 39.59798 36.68787 67.41662 13.89244 63.12686 25.49510 52.20153 29.15476 49.20366 46.51881 59.84146 35.51056 22.56103 27.29469 71.11259 24.18677 66.49060 62.20129 22.36068 20.61553 39.05125 24.33105 43.01163 30.41381 4.47214 52.00000 52.00961 40.45986 79.60528 42.01190 72.00694 48.05206 28.01785 20.61553 34.71311 29.12044 59.00847 
41.00000 47.16991 75.58439 44.10215 57.48913 49.98000 33.24154 63.41136 0.00000 74.06079 72.80110 74.67262 17.72005 11.18034 64.32729 31.95309 21.09502 81.98780 52.80152 15.00000 6.32456 32.01562 40.31129 26.92582 35.35534 53.15073 67.91171 75.95393 33.83785 39.20459 21.02380 71.11259 44.72136 62.24147 38.47077 38.28838 36.05551 23.53720 40.02499 73.82412 16.40122 6.70820 27.80288 23.25941 38.27532 47.42362 82.54090 79.07591 66.70832 27.29469 5.83095 54.45181 48.79549 59.61543 49.04080 39.84972 35.34119 30.47950 10.04988 38.48376 28.17801 61.29437 40.01250 55.57877 51.62364 16.12452 76.53757 83.76157 71.19691 85.23497 4.00000 31.40064 72.00694 20.24846 19.10497 41.01219 22.62742 52.55473 70.32780 14.56022 59.03389 39.11521 27.80288 57.80138 28.44293 32.14032 49.04080 57.21888 35.01428 64.49806 20.12461 71.19691 76.24303 47.01064 47.16991 10.29563 18.43909 65.14599 42.10701 74.81310 40.60788 41.77320 45.18849 55.14526 51.86521 46.87217 51.00980 47.16991 5.09902 47.67599 30.52868 41.00000 46.17359 68.01470 10.04988 2.82843 31.00000 18.02776 56.03570 62.81720 9.00000 46.32494 77.62087 80.32434 5.09902 56.64804 6.32456 79.20227 12.04159 33.52611 54.08327 45.39824 15.13275 42.05948 54.70832 19.00000 22.47221 28.00000 44.01136 26.07681 13.15295 19.84943 66.21178 16.12452 54.81788 22.00000 68.02941 50.32892 41.67733 51.54610 72.80110 33.01515 46.04346 85.47514 41.18252 78.31347 40.00000 57.21888 64.28063 69.63476 30.88689 20.00000 62.81720 64.00781 74.94665 78.77182 31.76476 19.84943 77.20104 44.92215 38.58756 11.31371 62.16912 20.00000 20.61553 30.36445 47.43416 57.56735 47.53946 47.85394 49.39636 29.15476 2.00000 62.93648 75.64390 75.53807 85.58621 20.51828 33.97058 59.03389 39.05125 38.05260 23.02173 21.21320 21.40093 15.23155 29.15476 45.65085 43.84062 48.70318 91.06591 41.00000 
70.02857 57.21888 21.95450 37.33631 29.42788 28.65310 42.42641 11.40175 74.06079 0.00000 23.76973 18.35756 57.48913 70.21396 29.06888 72.99315 59.46427 10.04988 29.00000 60.03332 80.15610 54.12947 35.38361 49.49747 39.81206 38.83298 26.47640 33.10589 44.27189 34.98571 91.67879 39.29377 81.02469 16.03122 36.12478 36.23534 42.72002 53.03772 52.08647 8.06226 57.68882 77.52419 46.32494 74.04053 74.24284 27.85678 22.67157 33.61547 10.04988 47.01064 68.79680 23.19483 27.89265 19.92486 47.26521 49.16299 47.07441 83.19856 83.00602 36.76955 46.22770 14.76482 47.85394 34.52535 34.05877 64.47480 22.47221 9.84886 7.07107 12.16553 70.80254 57.07013 44.38468 76.21680 55.22681 60.00833 51.97115 25.94224 7.00000 70.77429 40.04997 82.49242 46.32494 17.02939 67.46851 48.60041 30.26549 37.21559 48.54894 11.18034 85.61542 30.36445 23.32381 29.20616 44.04543 65.00000 69.28925 22.02272 64.00000 33.61547 54.03702 69.00725 42.01190 38.47077 32.01562 35.12834 44.14748 30.23243 77.69813 53.23533 78.64477 61.00820 40.85340 10.44031 83.00602 74.62573 51.61395 60.81118 44.28318 27.00000 66.84310 36.12478 26.07681 21.93171 72.20111 23.40940 70.43437 14.21267 83.72574 51.97115 20.00000 39.39543 68.54196 32.55764 19.79899 90.35486 57.00877 62.58594 77.00649 56.22277 65.11528 81.34494 14.03567 74.46476 19.69772 64.19502 14.03567 28.28427 40.44750 28.63564 23.76973 49.64877 63.12686 14.03567 41.43670 38.91015 38.32754 37.21559 36.12478 4.47214 48.38388 58.69412 27.00000 43.10452 20.59126 35.35534 48.08326 78.77182 4.12311 74.00676 35.60899 62.96825 30.00000 58.69412 57.77543 71.19691 46.09772 25.70992 33.54102 82.00610 35.00000 77.87811 72.94518 23.02173 13.60147 35.84690 13.03840 53.85165 41.62932 15.81139 63.07139 63.12686 51.03920 90.80198 52.69725 83.19255 59.43904 39.05125 31.95309 45.17743 17.72005 70.02857 
81.49233 71.30919 3.60555 49.04080 15.65248 23.19483 39.81206 27.58623 72.80110 23.76973 0.00000 6.00000 55.08176 72.56032 9.89949 81.61495 53.71220 21.02380 43.90900 61.52235 79.12016 62.96825 33.24154 45.88028 45.27693 23.34524 5.65685 9.43398 51.62364 39.20459 92.96236 16.03122 92.19544 33.97058 36.05551 41.30375 50.99020 49.33559 63.89053 15.81139 57.87055 77.87811 48.09366 80.00625 84.52810 37.00000 10.63015 10.63015 29.83287 46.52956 68.65858 37.21559 39.00000 15.29706 62.16912 60.72891 56.29387 90.04999 82.71034 35.22783 45.54119 18.35756 36.61967 19.20937 49.24429 68.11755 4.24264 26.00000 17.00000 24.18677 68.96376 65.92420 21.09502 81.05554 56.43580 72.12489 54.14795 21.02380 17.49286 74.24284 21.09502 91.92388 48.09366 21.93171 75.42546 41.62932 42.95346 19.84943 39.82462 18.43909 88.68484 7.00000 3.60555 27.01851 58.18075 65.92420 74.02702 8.00000 76.24303 9.84886 66.09841 80.77747 55.15433 21.93171 47.01064 47.92703 28.31960 26.17250 77.36924 67.62396 86.20905 73.08215 28.84441 31.40064 82.71034 74.21590 43.82921 56.08030 26.07681 10.29563 64.19502 48.84670 5.00000 8.48528 72.56721 17.00000 67.67570 13.15295 84.17244 61.18823 26.92582 28.65310 72.17340 33.00000 24.35159 91.21952 62.00806 70.45566 88.52683 49.19350 61.09828 85.28775 12.80625 78.23043 30.41381 70.02857 11.31371 41.14608 51.54610 21.37756 0.00000 41.59327 76.55064 21.58703 52.49762 15.26434 47.53946 19.84943 15.23155 23.85372 55.44367 53.85165 10.29563 21.84033 4.12311 12.04159 55.57877 83.15047 27.20294 86.12781 37.00000 63.15061 12.04159 53.85165 62.00806 79.51101 60.41523 15.29706 25.29822 93.86160 49.19350 85.14693 72.27724 10.04988 11.04536 12.08305 23.34524 55.32630 47.26521 29.41088 74.46476 74.21590 51.47815 92.57429 53.46027 85.15868 67.60178 52.00000 40.52160 59.93330 28.16026 81.49233 
80.23092 69.26038 3.60555 47.29693 19.10497 24.69818 41.43670 23.85372 74.67262 18.35756 6.00000 0.00000 57.00877 73.54590 14.76482 81.09871 56.43580 15.03330 41.23106 62.58594 80.99383 62.20129 34.48188 47.92703 45.01111 27.80288 10.77033 14.86607 51.03920 39.05125 94.37161 22.02272 91.08238 30.23243 36.87818 41.01219 50.15974 51.47815 62.36986 10.29563 59.20304 79.40403 48.83646 80.15610 83.60024 35.51056 8.06226 15.26434 25.49510 47.80167 70.21396 34.53983 37.10795 15.29706 59.80803 59.22837 55.32630 90.04999 84.43341 36.40055 46.84015 16.27882 40.36087 23.43075 46.61545 68.73136 4.24264 20.00000 12.04159 18.24829 70.93659 65.19202 27.07397 81.49847 57.48913 70.61161 54.91812 22.13594 12.72792 74.96666 26.40076 91.26883 48.83646 20.22375 75.02666 44.41846 40.80441 24.69818 43.01163 15.23155 89.62700 13.00000 5.00000 27.89265 55.97321 67.18631 74.43118 10.00000 74.73286 15.52417 64.53681 79.42921 53.16014 26.62705 44.38468 45.88028 33.01515 27.51363 79.05694 65.45991 86.00000 71.58911 32.55764 26.87006 84.43341 75.89466 46.87217 58.59181 31.30495 14.21267 66.30988 46.84015 7.81025 6.00000 74.04053 18.02776 69.85700 7.28011 85.72631 60.29925 25.31798 32.01562 72.83543 33.54102 23.08679 92.72001 62.20129 70.02857 87.29834 52.15362 63.50591 85.98837 10.19804 78.91768 28.16026 70.11419 8.24621 38.89730 50.01000 23.25941 6.00000 44.65423 74.72617 15.81139 50.99020 20.61553 46.38965 24.69818 20.88061 19.10497 55.00909 56.35601 14.21267 27.65863 2.23607 17.00000 55.03635 83.72574 21.54066 84.72308 37.48333 64.56005 16.64332 56.35601 62.39391 79.05694 58.18935 17.49286 27.78489 92.57429 46.81880 85.00588 74.00000 12.20656 5.09902 17.72005 17.46425 56.29387 47.01064 26.40076 73.16420 72.99315 52.63079 93.86160 54.57105 86.34813 67.06713 50.00000 39.31921 57.58472 22.47221 80.23092 
43.60046 43.96590 57.87055 32.75668 39.81206 32.31099 15.65248 47.38143 17.72005 57.48913 55.08176 57.00877 0.00000 19.92486 46.69047 37.53665 8.06226 64.89992 39.92493 10.63015 24.04163 27.51363 22.82542 9.21954 21.54066 36.01389 50.21952 58.42089 23.08679 23.60085 38.20995 54.00926 50.93133 47.20169 21.40093 23.32381 25.17936 6.00000 34.92850 56.60389 6.40312 23.08679 13.00000 31.38471 43.13931 32.44996 64.84597 61.52235 50.99020 10.63015 14.00000 39.96248 34.48188 42.04759 42.10701 33.37664 27.07397 41.14608 27.65863 21.09502 11.31371 44.10215 23.76973 38.11824 40.26164 18.60108 58.82176 67.00746 54.08327 68.24222 13.92839 28.63564 55.32630 30.46309 8.54400 39.39543 11.04536 34.92850 53.25411 22.84732 42.10701 47.20169 13.00000 40.80441 31.82766 15.13275 35.84690 40.00000 18.43909 47.43416 35.22783 53.60037 58.52350 29.52965 39.00000 12.64911 24.69818 47.43416 42.05948 57.31492 36.40055 43.82921 36.05551 38.01316 39.84972 35.17101 34.52535 29.54657 22.36068 42.95346 39.11521 39.81206 29.01724 52.49762 27.65863 19.23538 14.86607 6.08276 39.62323 45.12206 9.43398 34.92850 59.90826 62.62587 18.00000 39.00000 13.03840 61.71710 29.27456 27.89265 37.53665 28.01785 21.47091 25.00000 37.80212 36.34556 18.35756 28.60070 48.83646 11.40175 8.06226 32.98485 48.76474 26.57066 38.94868 24.04163 50.53712 36.67424 31.25700 33.83785 55.08176 16.49242 45.18849 68.26419 31.14482 61.03278 27.89265 40.00000 47.01064 53.15073 22.09072 5.83095 45.12206 47.38143 57.24509 61.29437 23.08679 31.62278 60.87693 48.41487 21.93171 9.48683 44.55334 5.83095 16.64332 35.38361 40.04997 39.84972 29.83287 53.74012 38.07887 37.73592 17.26268 45.22168 58.13777 58.13777 68.50547 9.21954 20.88061 43.18565 38.94868 38.07887 8.24621 38.05260 8.00000 31.01612 27.78489 35.35534 29.52965 41.01219 74.06079 43.60046 
29.83287 36.49658 74.96666 36.76955 58.03447 49.36598 33.01515 59.05929 11.18034 70.21396 72.56032 73.54590 19.92486 0.00000 65.03076 21.02380 26.41969 78.92401 46.01087 11.04536 13.60147 22.36068 39.31921 28.28427 30.41381 55.44367 68.18358 77.00649 27.01851 35.46830 21.47091 73.33485 34.13210 56.85948 36.67424 34.01470 29.06888 25.70992 30.08322 71.16881 15.03330 8.94427 24.73863 12.80625 27.31300 42.54409 81.58431 80.02500 61.91123 26.07681 7.81025 48.82622 43.26662 58.24946 39.39543 30.41381 27.01851 21.63331 14.42221 37.33631 27.07397 58.82176 43.68066 57.07889 43.93177 6.40312 75.95393 80.05623 68.35203 81.93900 12.52996 21.18962 74.96666 10.81665 16.12452 30.14963 18.68154 51.62364 67.41662 3.60555 61.66036 29.06888 24.73863 55.02727 17.26268 34.92850 42.63801 59.30430 38.32754 61.68468 16.12452 72.02777 75.80237 45.70558 38.07887 7.28011 7.28011 64.62971 31.01612 76.00000 30.36445 30.59412 36.61967 57.42822 44.55334 39.59798 54.34151 46.38965 10.44031 37.36308 20.51828 30.06659 48.50773 62.96825 14.42221 9.00000 34.78505 23.32381 59.43904 63.12686 15.55635 38.89730 77.52419 79.42921 6.08276 55.73150 15.26434 77.20104 14.14214 24.18677 50.69517 47.26521 4.00000 40.02499 51.86521 20.24846 14.14214 17.11724 33.10589 30.87070 19.84943 13.15295 64.28841 6.70820 50.53712 11.18034 66.21933 44.20407 33.97058 51.24451 72.56032 36.40055 35.00000 82.63776 33.30165 80.09994 33.42155 59.30430 66.18912 65.74192 23.34524 24.59675 63.12686 67.08204 74.14850 80.00000 24.04163 11.70470 72.94518 33.83785 36.13862 10.44031 63.00794 24.59675 12.80625 19.31321 38.01316 57.31492 48.01042 37.21559 41.77320 19.10497 9.21954 62.51400 73.76313 77.02597 82.46211 17.26268 28.65310 54.58938 28.00000 27.00000 21.09502 20.61553 19.10497 13.00000 18.68154 37.64306 38.58756 39.35734 87.72685 29.83287 
76.89603 68.09552 13.45362 45.79301 7.00000 16.49242 32.01562 29.06888 64.32729 29.06888 9.89949 14.76482 46.69047 65.03076 0.00000 75.92760 44.59821 29.12044 42.44997 54.00926 70.61161 57.87055 26.17250 37.48333 39.84972 13.45362 4.24264 12.04159 46.48656 33.83785 84.85281 12.04159 87.28115 34.98571 29.42788 36.05551 46.23851 40.79216 59.93330 22.09072 50.08992 69.72087 41.19466 73.43705 79.40403 33.83785 20.51828 15.00000 32.31099 39.00000 60.53098 36.06938 36.40055 12.80625 59.64059 56.79789 51.62364 83.60024 74.33034 28.16026 38.00000 18.35756 26.92582 9.43398 47.50789 61.07373 14.14214 33.73426 22.02272 32.57299 60.41523 60.72891 16.64332 74.10803 49.00000 68.02941 47.09565 15.23155 22.09072 67.00746 11.70470 86.34813 41.19466 20.61553 69.63476 32.57299 40.60788 10.00000 30.46309 20.24846 81.09871 7.00000 13.45362 20.88061 55.47071 58.13777 67.18631 7.07107 72.09022 11.18034 62.16912 76.32169 52.15362 12.04159 45.34314 45.22168 18.43909 19.41649 69.05071 64.66065 80.06248 68.94200 19.23538 34.17601 74.33034 65.92420 34.53983 47.12749 16.55295 2.82843 55.54278 46.04346 13.89244 18.38478 64.49806 12.20656 58.94065 21.93171 75.95393 56.30275 24.75884 19.31321 65.03076 26.92582 21.93171 83.02409 55.57877 64.76110 83.81527 39.92493 52.20153 78.00000 15.29706 71.00704 29.00000 63.63961 15.03330 39.05125 47.88528 14.31782 9.89949 32.31099 72.89719 30.46309 48.76474 16.15549 43.38202 10.00000 7.07107 27.65863 50.00000 44.92215 2.82843 14.03567 13.60147 15.13275 50.28916 76.02631 33.01515 81.70679 30.80584 55.22681 2.23607 44.92215 55.32630 73.75636 57.68882 8.94427 17.02939 89.19641 47.01064 78.91768 63.95311 6.70820 18.97367 12.64911 31.95309 48.01042 41.76123 29.41088 70.00714 69.64194 44.00000 84.59314 46.00000 77.31753 62.09670 49.09175 36.71512 57.42822 37.16181 76.89603 
10.19804 22.67157 83.29466 35.69314 69.12308 59.43904 45.69464 61.66036 31.95309 72.99315 81.61495 81.09871 37.53665 21.02380 75.92760 0.00000 45.25483 82.73452 44.64303 26.90725 32.38827 19.02630 50.00000 43.56604 36.34556 69.07966 78.26238 87.86353 30.06659 42.42641 30.67572 86.02325 13.45362 57.48913 46.57252 40.31129 31.00000 42.20190 21.93171 76.16430 31.24100 27.45906 35.46830 9.05539 6.32456 46.04346 89.05055 90.60905 63.34824 38.91015 28.65310 49.81967 45.27693 66.37017 30.23243 24.35159 26.07681 11.40175 31.01612 48.08326 39.81206 65.00769 59.68249 69.57011 40.49691 19.10497 84.29116 82.56513 73.17103 85.15868 33.54102 16.03122 88.60023 13.00000 30.23243 16.27882 30.41381 61.00000 72.17340 17.46425 75.39231 10.44031 35.46830 61.00820 6.32456 50.77401 42.75512 72.44998 54.37830 67.02984 22.13594 82.76473 84.38009 55.10898 31.30495 26.40076 13.89244 73.68175 14.42221 87.09765 20.59126 11.40175 31.95309 70.93659 42.05948 38.07887 69.31811 56.51548 29.61419 25.49510 6.40312 15.55635 62.64982 63.78871 31.01612 29.41088 51.61395 42.44997 74.24958 73.54590 36.05551 37.10795 86.57944 87.09191 26.92582 64.77654 36.23534 83.05420 29.01724 21.09502 56.00000 60.92618 17.49286 49.03060 58.03447 31.04835 21.02380 11.18034 12.08305 48.91830 40.00000 17.46425 71.02816 16.27882 54.14795 13.60147 73.02739 44.72136 32.55764 61.61169 81.61495 52.69725 18.35756 86.70063 31.57531 91.92388 35.05710 72.44998 78.74643 68.73136 26.17250 43.13931 73.54590 81.15417 82.21922 91.00549 26.07681 15.13275 74.73286 13.15295 45.12206 29.06888 74.21590 43.13931 21.95450 2.23607 30.01666 67.26812 59.77458 16.40122 38.89730 6.40312 30.08322 71.84706 80.00625 88.52683 85.98837 30.52868 34.36568 57.42822 12.72792 12.04159 34.48188 28.79236 32.75668 24.18677 14.03567 34.48188 42.01190 31.38471 90.60905 10.19804 
51.61395 51.86521 56.79789 39.11521 38.07887 32.20248 17.20465 50.21952 21.09502 59.46427 53.71220 56.43580 8.06226 26.41969 44.59821 45.25483 0.00000 65.94695 45.35416 18.43909 27.00000 35.46830 24.08319 10.29563 27.29469 32.55764 48.46648 55.78530 30.06659 27.85678 42.10701 50.35871 58.69412 51.00000 23.85372 28.16026 32.01562 7.28011 42.72002 57.48913 14.42221 27.45906 19.02630 38.60052 50.99020 36.76955 63.95311 58.94065 54.08327 15.29706 19.31321 44.38468 39.21734 42.20190 49.49747 41.00000 34.52535 48.02083 31.01612 22.80351 15.52417 45.27693 19.02630 35.44009 46.38965 26.17250 57.69749 68.59300 55.22681 69.42622 17.11724 36.67424 51.00980 37.21559 16.55295 47.42362 18.68154 35.00000 54.48853 29.68164 38.20995 54.67175 19.02630 42.44997 39.69887 12.08305 41.23106 36.67424 14.31782 48.79549 40.52160 51.24451 57.27128 30.41381 46.17359 19.41649 32.01562 46.52956 50.11986 54.57105 44.27189 51.86521 43.04649 34.52535 45.70558 41.30375 30.01666 29.83287 26.17250 50.69517 46.40043 47.85394 25.70992 55.75841 31.01612 23.34524 10.19804 3.16228 35.00000 43.46263 12.16553 41.19466 58.30952 61.71710 23.08679 38.83298 15.00000 61.85467 33.13608 35.73514 40.00000 25.29822 28.60070 27.20294 39.69887 40.04997 26.41969 36.61967 56.72742 5.00000 8.00000 39.00000 49.20366 33.12099 42.19005 31.89044 50.80354 41.76123 38.00000 33.28663 53.71220 12.36932 53.22593 69.02898 38.01316 57.70615 34.13210 36.67424 43.73786 55.31727 29.61419 2.23607 43.46263 43.01163 56.35601 58.46366 30.59412 38.01316 63.12686 56.40035 25.05993 16.40122 42.37924 2.23607 24.69818 43.13931 47.38143 38.94868 28.65310 61.55485 44.28318 45.00000 21.37756 44.29447 58.24946 55.10898 69.52697 17.08801 27.07397 46.32494 47.01064 46.14109 15.13275 42.29657 15.52417 35.90265 35.84690 42.01190 34.48188 48.25971 75.16648 51.61395 
80.00625 67.26812 18.02776 47.16991 31.76476 33.94113 49.40648 21.09502 81.98780 10.04988 21.02380 15.03330 64.89992 78.92401 29.12044 82.73452 65.94695 0.00000 39.01282 68.44706 88.19297 63.78871 42.20190 56.40035 48.70318 41.14608 25.49510 29.27456 53.60037 43.46263 100.31949 37.00000 91.00549 26.07681 43.56604 44.94441 52.17279 60.00000 62.03225 8.48528 65.76473 85.86617 54.56189 83.43261 84.14868 37.10795 15.65248 28.86174 20.09975 54.70832 76.94154 33.06055 37.48333 24.08319 57.31492 59.07622 56.71860 92.76314 91.24144 43.82921 53.85165 20.80865 52.20153 36.67424 44.10215 73.38937 18.11077 5.09902 10.81665 3.60555 78.54935 66.75328 42.01190 85.44004 63.50591 70.00000 60.41523 31.11270 11.66190 79.71198 40.80441 92.34717 54.56189 24.18677 77.10383 54.45181 40.11234 38.62642 53.81450 17.49286 94.57801 28.01785 19.10497 35.60899 54.08327 73.34848 78.44743 22.84732 74.00676 30.14963 64.00781 79.00000 52.00000 40.31129 42.04759 45.04442 46.51881 36.12478 85.88364 63.28507 88.28363 71.00000 44.65423 20.39608 91.24144 82.76473 57.28001 67.62396 45.54119 27.85678 74.33034 46.04346 21.37756 15.81139 80.49845 27.65863 77.93587 8.06226 92.13577 61.66036 28.23119 43.60046 77.49194 39.96248 27.29469 98.89894 66.09841 72.18033 87.00000 62.24147 72.20111 90.44335 17.02939 83.48653 28.86174 73.49830 15.81139 38.11824 50.24938 33.30165 21.02380 55.17246 73.17103 4.00000 51.24451 34.71311 47.85394 38.62642 35.69314 14.03567 57.72348 65.43699 27.85678 42.57934 17.00000 30.80584 57.48913 87.93179 10.29563 84.02381 43.41659 71.11962 30.67572 65.43699 66.73080 80.89499 56.14268 28.84441 38.28838 92.02174 45.01111 87.47571 81.00617 24.59675 10.19804 32.24903 3.60555 62.16912 50.59644 25.31798 73.02739 73.06162 59.05929 99.53894 60.82763 91.92388 69.05071 49.01020 41.23106 55.22681 9.21954 80.00625 
41.04875 28.44293 44.28318 9.43398 37.64306 29.15476 30.01666 18.24829 52.80152 29.00000 43.90900 41.23106 39.92493 46.01087 42.44997 44.64303 45.35416 39.01282 0.00000 37.80212 58.13777 26.40076 26.47640 35.51056 18.38478 43.41659 42.80187 52.43091 19.10497 18.02776 67.00746 54.45181 52.03845 13.03840 24.08319 17.26268 16.97056 38.07887 23.19483 33.73426 37.21559 54.45181 26.92582 46.95743 45.39824 10.44031 48.38388 54.37830 19.02630 30.08322 47.01064 6.70820 7.28011 29.83287 18.68154 20.39608 19.72308 55.36244 60.10824 26.17250 29.83287 25.55386 43.73786 41.04875 5.38516 39.69887 45.18849 38.20995 30.80584 41.04875 50.47772 29.15476 58.72819 49.73932 34.13210 31.01612 30.52868 28.60070 29.83287 45.60702 48.25971 53.75872 26.92582 22.20360 39.56008 39.00000 4.12311 44.65423 41.10961 26.00000 59.90826 47.80167 45.61798 25.49510 15.13275 42.63801 43.26662 37.20215 35.00000 52.20153 25.07987 40.01250 13.03840 44.41846 3.16228 6.70820 47.01064 27.73085 55.22681 24.51530 50.59644 32.01562 40.49691 19.23538 60.10824 52.49762 42.01190 45.22168 50.11986 39.62323 47.88528 7.61577 48.30114 46.81880 49.57822 30.41381 51.10773 41.00000 60.14150 24.16609 17.69181 38.27532 43.41659 22.56103 20.51828 66.06815 31.89044 34.92850 48.01042 44.40721 47.92703 55.22681 31.30495 48.82622 13.60147 37.73592 33.10589 4.12311 12.52996 31.06445 43.90900 41.01219 34.23449 43.01163 13.41641 57.80138 12.80625 44.65423 48.16638 25.07987 22.67157 43.68066 39.62323 53.60037 42.95346 55.47071 22.02272 52.47857 30.26549 45.01111 22.02272 41.61730 41.72529 43.68066 33.24154 43.01163 17.26268 33.97058 33.10589 53.00943 6.00000 49.98000 51.22499 36.23534 38.60052 54.20332 42.01190 32.75668 19.23538 14.86607 34.13210 34.23449 31.78050 65.80274 32.64966 58.41233 31.78050 10.19804 11.04536 16.49242 46.27094 41.04875 
