nbNodes
12
nbVehi
3
nbServi
6
r
1 1 1 1 1 1
0 0 0 0 1 0
1 0 0 0 0 0
0 0 1 0 0 0
0 1 0 0 0 0
0 0 0 1 0 0
1 0 0 0 0 0
1 0 0 0 0 0
0 0 0 1 1 0
1 0 0 0 0 1
0 0 1 0 1 0
1 1 1 1 1 1
DS
11 10 9
a
1  1  1  0  0  0
0  0  0  1  1  0
0  0  0  1  1  1
x
8 40 89 6 47 94 34 14 67 30 0 8
y
28 47 49 42 6 14 12 35 3 12 0 28
d
0.0 37.215588 83.677956 14.142136 44.777225 87.13208 30.528675 9.219544 64.07808 27.202942 29.12044 0.0
37.215588 0.0 49.0408 34.36568 41.59327 63.28507 35.510563 28.635643 51.62364 36.40055 61.7171 37.215588
83.677956 49.0408 0.0 83.294655 60.108234 35.35534 66.287254 76.29548 50.990196 69.641945 101.597244 83.677956
14.142136 34.36568 83.294655 0.0 54.56189 92.34717 41.036568 10.630146 72.40166 38.418747 42.426407 14.142136
44.777225 41.59327 60.108234 54.56189 0.0 47.67599 14.3178215 43.931767 20.22375 18.027756 47.38143 44.777225
87.13208 63.28507 35.35534 92.34717 47.67599 0.0 60.033325 82.710335 29.15476 64.03124 95.036835 87.13208
30.528675 35.510563 66.287254 41.036568 14.3178215 60.033325 0.0 30.479502 34.20526 4.0 36.05551 30.528675
9.219544 28.635643 76.29548 10.630146 43.931767 82.710335 30.479502 0.0 61.91123 28.01785 37.696156 9.219544
64.07808 51.62364 50.990196 72.40166 20.22375 29.15476 34.20526 61.91123 0.0 38.078865 67.06713 64.07808
27.202942 36.40055 69.641945 38.418747 18.027756 64.03124 4.0 28.01785 38.078865 0.0 32.31099 27.202942
29.12044 61.7171 101.597244 42.426407 47.38143 95.036835 36.05551 37.696156 67.06713 32.31099 0.0 29.12044
0.0 37.215588 83.677956 14.142136 44.777225 87.13208 30.528675 9.219544 64.07808 27.202942 29.12044 0.0
p
0 0 0 0 0 0
0 0 0 0 0 0
0 0 0 0 0 0
11.0 11.0 11.0 11.0 11.0 11.0
11.0 11.0 11.0 11.0 11.0 11.0
11.0 11.0 11.0 11.0 11.0 11.0
11.0 11.0 11.0 11.0 11.0 11.0
11.0 11.0 11.0 11.0 11.0 11.0
11.0 11.0 11.0 11.0 11.0 11.0
11.0 11.0 11.0 11.0 11.0 11.0
11.0 11.0 11.0 11.0 11.0 11.0
11.0 11.0 11.0 11.0 11.0 11.0
11.0 11.0 11.0 11.0 11.0 11.0
11.0 11.0 11.0 11.0 11.0 11.0
11.0 11.0 11.0 11.0 11.0 11.0
11.0 11.0 11.0 11.0 11.0 11.0
11.0 11.0 11.0 11.0 11.0 11.0
11.0 11.0 11.0 11.0 11.0 11.0
11.0 11.0 11.0 11.0 11.0 11.0
11.0 11.0 11.0 11.0 11.0 11.0
11.0 11.0 11.0 11.0 11.0 11.0
11.0 11.0 11.0 11.0 11.0 11.0
11.0 11.0 11.0 11.0 11.0 11.0
11.0 11.0 11.0 11.0 11.0 11.0
11.0 11.0 11.0 11.0 11.0 11.0
11.0 11.0 11.0 11.0 11.0 11.0
11.0 11.0 11.0 11.0 11.0 11.0
11.0 11.0 11.0 11.0 11.0 11.0
11.0 11.0 11.0 11.0 11.0 11.0
11.0 11.0 11.0 11.0 11.0 11.0
11.0 11.0 11.0 11.0 11.0 11.0
11.0 11.0 11.0 11.0 11.0 11.0
11.0 11.0 11.0 11.0 11.0 11.0
0 0 0 0 0 0
0 0 0 0 0 0
0 0 0 0 0 0
mind
16 13 12 35 24 27 34 41 0 36 49 50
maxd
32 26 24 70 48 54 68 82 0 72 98 100
e
0  28 252 200 427 309 390 366 39 7 348 0
l
600  148 372 320 547 429 510 486 159 127 468 1000
