nbNodes
77
nbVehi
15
nbServi
6
r
1 1 1 1 1 1
0 0 0 0 1 0
0 0 1 0 0 0
0 0 0 1 0 0
0 0 0 0 1 0
0 0 0 0 1 0
0 0 0 0 1 0
0 0 0 0 1 0
0 0 0 0 0 1
1 0 0 0 0 0
1 0 0 0 0 0
1 0 0 0 0 0
1 0 0 0 0 0
1 0 0 0 0 0
0 1 0 0 0 0
0 1 0 0 0 0
0 0 0 0 1 0
0 0 0 1 0 0
1 0 0 0 0 0
0 0 0 1 0 0
0 0 0 1 0 0
0 0 0 0 1 0
0 0 1 0 0 0
0 0 0 1 0 0
0 1 0 0 0 0
0 0 1 0 0 0
0 0 1 0 0 0
0 0 0 1 0 0
0 0 0 0 1 0
1 0 0 0 0 0
0 0 0 0 0 1
0 0 0 1 0 0
0 0 0 1 0 0
0 1 0 0 0 0
0 0 0 1 0 0
0 0 0 1 0 0
0 0 1 0 0 0
0 0 0 0 1 0
1 0 0 0 0 0
1 0 0 0 0 0
0 0 1 0 0 0
0 0 0 0 0 1
0 0 1 0 0 0
0 0 0 1 0 0
0 0 0 1 0 0
0 1 0 0 0 0
0 1 0 0 0 0
0 0 0 0 1 0
0 0 0 1 0 0
0 0 0 0 1 0
1 0 0 0 0 0
1 0 0 0 0 0
0 0 0 1 0 0
0 0 0 1 0 1
0 0 0 1 1 0
0 0 0 1 1 0
0 0 0 1 0 1
0 0 0 0 1 1
0 0 0 1 1 0
0 0 0 1 1 0
0 0 0 1 0 1
0 0 0 1 1 0
0 0 0 0 1 1
0 0 0 1 1 0
1 0 0 0 1 0
0 1 0 0 0 1
0 1 0 1 0 0
0 0 1 0 0 1
0 1 0 0 1 0
0 1 0 1 0 0
0 1 0 0 0 1
1 0 0 1 0 0
0 1 0 0 1 0
1 0 0 1 0 0
1 0 0 0 1 0
0 1 0 0 1 0
1 1 1 1 1 1
DS
76 75 74 73 72 71 70 69 68 67 66 65 64 63 62 61 60 59 58 57 56 55 54
a
1  0  0  0  0  0
1  1  1  0  0  0
1  1  0  0  0  0
0  1  0  0  0  0
0  1  1  0  0  0
0  0  0  1  1  1
0  0  0  1  1  1
0  0  0  1  1  1
0  0  0  1  0  1
0  0  0  1  1  1
0  0  0  1  1  1
0  0  0  1  1  1
0  0  0  1  1  0
0  0  0  1  1  1
0  0  0  1  0  1
x
36 85 80 68 50 0 8 95 61 7 42 83 18 39 76 23 79 35 18 46 25 73 33 12 76 12 94 44 8 26 74 96 72 20 29 54 37 14 80 31 76 87 97 8 25 6 87 26 40 45 48 91 95 15 34 92 57 78 7 23 31 57 77 48 67 76 1 1 90 61 81 92 35 10 52 0 36
y
11 42 42 29 39 14 37 25 45 21 34 27 4 37 20 41 9 9 36 42 35 9 19 19 9 47 31 3 35 15 18 8 45 18 28 36 8 2 32 47 32 48 34 17 11 45 31 25 7 42 9 10 8 18 30 22 27 18 9 9 23 33 31 26 27 3 33 43 22 23 24 49 23 17 12 0 11
d
0.0 57.982758 53.823788 36.71512 31.304953 36.124783 38.209946 60.63827 42.201897 30.675724 23.769728 49.648766 19.313208 26.172504 41.0 32.695564 43.046486 2.236068 30.805843 32.572994 26.400757 37.054016 8.5440035 25.298222 40.04997 43.266617 61.351448 11.313708 36.878178 10.770329 38.63936 60.074955 49.517673 17.464249 18.384777 30.805843 3.1622777 23.769728 48.754486 36.345562 45.17743 63.007935 65.192024 28.635643 11.0 45.343136 54.781384 17.20465 5.656854 32.280025 12.165525 55.00909 59.07622 22.135944 19.104973 57.070133 26.400757 42.579338 29.068884 13.152946 13.0 30.413813 45.617977 19.209373 34.88553 40.792156 41.340054 47.423622 55.108982 27.730848 46.840153 67.6757 12.0415945 26.683329 16.03122 37.64306 0.0
57.982758 0.0 5.0 21.400934 35.128338 89.49302 77.16217 19.723083 24.186773 80.77747 43.737854 15.132746 77.02597 46.270943 23.769728 62.008064 33.54102 59.908264 67.26812 39.0 60.40695 35.1141 56.859474 76.537575 34.20526 73.171036 14.21267 56.586216 77.31753 64.884514 26.400757 35.735138 13.341664 69.289246 57.72348 31.575306 58.821766 81.49233 11.18034 54.230988 13.453624 6.3245554 14.422205 80.95678 67.53518 79.05694 11.18034 61.400326 57.00877 40.0 49.57822 32.55764 35.44009 74.0 52.392746 21.189621 31.764761 25.0 84.693565 70.23532 57.245087 29.410883 13.601471 40.311287 23.43075 40.024994 84.48077 84.00595 20.615528 30.610456 18.439089 9.899495 53.488316 79.05694 44.598206 94.81033 57.982758
53.823788 5.0 0.0 17.691807 30.149628 84.758484 72.1734 22.671568 19.235384 75.96052 38.832977 15.297058 72.718636 41.303753 22.36068 57.00877 33.01515 55.803226 62.289646 34.0 55.443665 33.734257 52.3259 71.7844 33.24154 68.18358 17.804493 53.075417 72.33948 60.373837 24.738634 37.576588 8.5440035 64.62198 52.886673 26.683329 54.81788 77.175125 10.0 49.25444 10.770329 9.219544 18.788294 76.2168 63.134777 74.06078 13.038404 56.61272 53.15073 35.0 45.96738 33.83785 37.161808 69.289246 47.539455 23.323807 27.45906 24.083189 80.11242 65.863495 52.554733 24.698177 11.401754 35.77709 19.849434 39.20459 79.51101 79.00633 22.36068 26.870058 18.027756 13.892444 48.8467 74.330345 41.036568 90.35486 53.823788
36.71512 21.400934 17.691807 0.0 20.59126 69.63476 60.530983 27.294687 17.464249 61.522354 26.476404 15.132746 55.9017 30.083218 12.0415945 46.572525 22.825424 38.587563 50.48762 25.553865 43.416588 20.615528 36.40055 56.88585 21.540659 58.821766 26.076809 35.383614 60.299255 44.27189 12.529964 35.0 16.492422 49.24429 39.012817 15.652476 37.44329 60.373837 12.369317 41.14608 8.5440035 26.870058 29.427877 61.188232 46.615448 64.03124 19.104973 42.190044 35.608986 26.41969 28.284271 29.832869 34.20526 54.129475 34.0147 25.0 11.18034 14.866069 64.195015 49.24429 37.48333 11.7046995 9.219544 20.22375 2.236068 27.202942 67.11929 68.44706 23.086792 9.219544 13.928389 31.241 33.54102 59.22837 23.345236 73.92564 36.71512
31.304953 35.128338 30.149628 20.59126 0.0 55.9017 42.047592 47.127487 12.529964 46.615448 9.433981 35.1141 47.423622 11.18034 32.202484 27.073973 41.725292 33.54102 32.140316 5.0 25.317978 37.802116 26.24881 42.941822 39.698868 38.832977 44.72136 36.496574 42.190044 33.941124 31.890438 55.470715 22.803509 36.619667 23.70654 5.0 33.61547 51.62364 30.805843 20.615528 26.925823 38.078865 47.26521 47.41308 37.536648 44.407207 37.85499 27.784887 33.526108 5.8309517 30.066593 50.219517 54.644306 40.81666 18.35756 45.310043 13.892444 35.0 52.43091 40.36087 24.839485 9.219544 28.160255 13.152946 20.808653 44.407207 49.365982 49.162994 43.462627 19.416489 34.43835 43.174065 21.931713 45.65085 27.073973 63.411354 31.304953
36.124783 89.49302 84.758484 69.63476 55.9017 0.0 24.351591 95.63472 68.42514 9.899495 46.518814 84.0119 20.59126 45.276924 76.23647 35.468296 79.15807 35.35534 28.42534 53.851646 32.649654 73.171036 33.37664 13.0 76.1643 35.1141 95.524864 45.35416 22.472204 26.019224 74.10803 96.18732 78.39005 20.396078 32.202484 58.30952 37.48333 18.439089 82.0 45.276924 78.10249 93.40771 99.0404 8.5440035 25.179358 31.575306 88.64536 28.231188 40.60788 53.0 48.259712 91.08787 95.189285 15.524175 37.576588 92.34717 58.463665 78.10249 8.602325 23.537205 32.280025 60.083275 78.854294 49.47727 68.24954 76.79192 19.026299 29.017237 90.35486 61.66036 81.61495 98.43272 36.138622 10.440307 52.03845 14.0 36.124783
38.209946 77.16217 72.1734 60.530983 42.047592 24.351591 0.0 87.823685 53.600372 16.03122 34.132095 75.66373 34.48188 31.0 70.0928 15.524175 76.321686 38.8973 10.049875 38.327538 17.117243 70.77429 30.805843 18.439089 73.53911 10.770329 86.209045 49.517673 2.0 28.42534 68.68042 92.65527 64.49806 22.472204 22.847319 46.010868 41.01219 35.510563 72.1734 25.079872 68.18358 79.762146 89.050545 20.0 31.06445 8.246211 79.22752 21.633308 43.863426 37.336308 48.82622 87.28116 91.706055 20.248457 26.925823 85.32877 50.01 72.53275 28.01785 31.764761 26.925823 49.162994 69.260376 41.484936 59.841457 76.02631 8.062258 9.219544 83.360664 54.81788 74.1485 84.85281 30.413813 20.09975 50.606323 37.85499 38.209946
60.63827 19.723083 22.671568 27.294687 47.127487 95.63472 87.823685 0.0 39.446167 88.09086 53.75872 12.165525 79.81228 57.271286 19.646883 73.756355 22.627417 62.0967 77.781746 51.86521 70.71068 27.202942 62.289646 83.21658 24.839485 85.86617 6.0827627 55.542778 87.57283 69.72087 22.135944 17.029387 30.479502 75.32596 66.068146 42.44997 60.440052 84.20214 16.552946 67.6757 20.248457 24.351591 9.219544 87.36704 71.38628 91.21951 10.0 69.0 57.870544 52.810986 49.648766 15.524175 17.0 80.305664 61.204575 4.2426405 38.052597 18.384777 89.44272 73.756355 64.03124 38.832977 18.973665 47.010635 28.071337 29.068884 94.33981 95.707886 5.8309517 34.058773 14.035668 24.186773 60.033325 85.37564 44.922153 98.23441 60.63827
42.201897 24.186773 19.235384 17.464249 12.529964 68.42514 53.600372 39.446167 0.0 59.093147 21.954498 28.42534 59.413803 23.409399 29.15476 38.209946 40.24922 44.407207 43.931767 15.297058 37.363083 37.94733 38.209946 55.470715 39.0 49.0408 35.846897 45.310043 53.935146 46.09772 29.966648 50.931328 11.0 49.09175 36.23534 11.401754 44.102154 63.702435 23.021729 30.066593 19.849434 26.172504 37.64306 59.94164 49.517673 55.0 29.529646 40.311287 43.416588 16.27882 38.27532 46.09772 50.24938 53.338543 30.88689 38.600517 18.439089 31.906113 64.899925 52.34501 37.202152 12.649111 21.260292 23.021729 18.973665 44.598206 61.188232 60.033325 37.01351 22.0 29.0 31.257 34.058773 58.18075 34.20526 75.802376 42.201897
30.675724 80.77747 75.96052 61.522354 46.615448 9.899495 16.03122 88.09086 59.093147 0.0 37.336308 76.23647 20.248457 35.77709 69.00725 25.612497 72.99315 30.463093 18.601076 44.294468 22.803509 67.08204 26.076809 5.3851647 70.035706 26.476404 87.57283 41.14608 14.035668 19.924858 67.06713 89.94443 69.289246 13.341664 23.086792 49.335587 32.695564 20.248457 73.82411 35.383614 69.87131 84.4334 90.934044 4.1231055 20.59126 24.020824 80.622574 19.416489 35.846897 43.416588 42.72002 84.71718 88.95505 8.5440035 28.460499 85.00588 50.358715 71.063354 12.0 20.0 24.083189 51.41984 70.71068 41.303753 60.299255 71.30919 13.416408 22.803509 83.00603 54.037025 74.06078 89.49302 28.071337 5.0 45.891174 22.135944 30.675724
23.769728 43.737854 38.832977 26.476404 9.433981 46.518814 34.132095 53.75872 21.954498 37.336308 0.0 41.59327 38.418747 4.2426405 36.769554 20.248457 44.65423 25.96151 24.083189 8.944272 17.029387 39.824615 17.492855 33.54102 42.201897 32.695564 52.086468 31.06445 34.0147 24.839485 35.77709 59.933296 31.95309 27.202942 14.3178215 12.165525 26.476404 42.520584 38.052597 17.029387 34.058773 47.127487 55.0 38.013157 28.600698 37.64306 45.099888 18.35756 27.073973 8.5440035 25.70992 54.56189 59.03389 31.38471 8.944272 51.41984 16.552946 39.39543 43.011627 31.400637 15.556349 15.033297 35.128338 10.0 25.96151 46.010868 41.01219 41.976185 49.47727 21.954498 40.261642 52.201534 13.038404 36.23534 24.166092 54.037025 23.769728
49.648766 15.132746 15.297058 15.132746 35.1141 84.0119 75.66373 12.165525 28.42534 76.23647 41.59327 0.0 68.94926 45.122055 9.899495 61.611687 18.439089 51.264023 65.62012 39.92493 58.549126 20.59126 50.635956 71.44928 19.313208 73.76314 11.7046995 45.79301 75.42546 58.249462 12.727922 23.021729 21.095022 63.63961 54.00926 30.364452 49.76947 73.38937 5.8309517 55.713554 8.602325 21.377558 15.652476 75.66373 60.166435 79.07591 5.656854 57.035076 47.423622 40.853397 39.357338 18.788294 22.472204 68.593 49.09175 10.29563 26.0 10.29563 78.10249 62.641838 52.153618 26.683329 7.2111025 35.014282 16.0 25.0 82.219215 83.546394 8.602325 22.36068 3.6055512 23.769728 48.166378 73.68175 34.43835 87.28116 49.648766
19.313208 77.02597 72.718636 55.9017 47.423622 20.59126 34.48188 79.81228 59.413803 20.248457 38.418747 68.94926 0.0 39.115215 60.166435 37.336308 61.204575 17.720045 32.0 47.201694 31.780497 55.226807 21.213203 16.155495 58.21512 43.416588 80.65358 26.019224 32.572994 13.601471 57.72348 78.10249 67.80118 14.142136 26.400757 48.166378 19.416489 4.472136 68.0294 44.922153 64.40497 81.8352 84.50444 16.40122 9.899495 42.72002 74.094536 22.472204 22.203604 46.615448 30.413813 73.24616 77.10383 14.3178215 30.528675 76.15773 45.276924 61.611687 12.083046 7.071068 23.021729 48.60041 64.884514 37.202152 54.129475 58.00862 33.61547 42.544094 74.215904 47.010635 66.09841 86.608315 25.495098 15.264338 34.928497 18.439089 19.313208
26.172504 46.270943 41.303753 30.083218 11.18034 45.276924 31.0 57.271286 23.409399 35.77709 4.2426405 45.122055 39.115215 0.0 40.718548 16.492422 48.82622 28.284271 21.023796 8.602325 14.142136 44.04543 18.973665 32.449963 46.400433 28.79236 55.326305 34.36568 31.06445 25.553865 39.824615 63.953106 33.955853 26.870058 13.453624 15.033297 29.068884 43.011627 41.303753 12.806249 37.336308 49.24429 58.077534 36.891735 29.529646 33.955853 48.373547 17.691807 30.016663 7.81025 29.410883 58.59181 63.06346 30.610456 8.602325 55.081757 20.59126 43.382023 42.520584 32.24903 16.124516 18.439089 38.470768 14.21267 29.732138 50.24938 38.209946 38.470768 53.160137 26.076809 43.965897 54.34151 14.56022 35.22783 28.178005 53.75872 26.172504
41.0 23.769728 22.36068 12.0415945 32.202484 76.23647 70.0928 19.646883 29.15476 69.00725 36.769554 9.899495 60.166435 40.718548 0.0 57.00877 11.401754 42.44997 60.166435 37.202152 53.160137 11.401754 43.011627 64.00781 11.0 69.46222 21.095022 36.23534 69.63476 50.24938 2.828427 23.323807 25.317978 56.0357 47.67599 27.202942 40.804413 64.56005 12.649111 52.478565 12.0 30.083218 25.23886 68.06615 51.78803 74.330345 15.556349 50.24938 38.27532 38.013157 30.083218 18.027756 22.472204 61.03278 43.174065 16.124516 20.248457 2.828427 69.87131 54.129475 45.099888 23.021729 11.045361 28.635643 11.401754 17.0 76.11833 78.44743 14.142136 15.297058 6.4031243 33.12099 41.109608 66.068146 25.298222 78.58753 41.0
32.695564 62.008064 57.00877 46.572525 27.073973 35.468296 15.524175 73.756355 38.209946 25.612497 20.248457 61.611687 37.336308 16.492422 57.00877 0.0 64.49806 34.176014 7.071068 23.021729 6.3245554 59.36329 24.166092 24.596748 61.91123 12.529964 71.70077 43.416588 16.155495 26.172504 55.946404 80.11242 49.162994 23.194826 14.3178215 31.400637 35.846897 40.024994 57.706154 10.0 53.75872 64.381676 74.330345 28.301943 30.066593 17.464249 64.77654 16.27882 38.013157 22.022715 40.60788 74.73286 79.20227 24.351591 15.556349 71.568146 36.769554 59.615433 35.77709 32.0 19.697716 34.928497 54.91812 29.15476 46.173584 65.21503 23.409399 22.090721 69.641945 42.047592 60.440052 69.46222 21.633308 27.294687 41.01219 47.010635 32.695564
43.046486 33.54102 33.01515 22.825424 41.725292 79.15807 76.321686 22.627417 40.24922 72.99315 44.65423 18.439089 61.204575 48.82622 11.401754 64.49806 0.0 44.0 66.70832 46.66905 59.933296 6.0 47.07441 67.74216 3.0 77.02597 26.627054 35.510563 75.61085 53.338543 10.29563 17.029387 36.67424 59.682495 53.488316 36.796738 42.0119 65.37584 23.021729 61.220913 23.194826 39.812057 30.805843 71.44928 54.037025 81.394104 23.409399 55.362442 39.051247 47.38143 31.0 12.0415945 16.03122 64.629715 49.658836 18.384777 28.42534 9.055386 72.0 56.0 50.0 32.55764 22.090721 35.35534 21.633308 6.708204 81.608826 85.08819 17.029387 22.803509 15.132746 42.059483 46.173584 69.46222 27.166155 79.51101 43.046486
2.236068 59.908264 55.803226 38.587563 33.54102 35.35534 38.8973 62.0967 44.407207 30.463093 25.96151 51.264023 17.720045 28.284271 42.44997 34.176014 44.0 0.0 31.906113 34.785053 27.856777 38.0 10.198039 25.079872 41.0 44.418465 62.968246 10.816654 37.48333 10.816654 40.024994 61.008198 51.62364 17.492855 19.924858 33.01515 2.236068 22.135944 50.537113 38.209946 47.010635 65.0 66.85058 28.160255 10.198039 46.227695 56.462376 18.35756 5.3851647 34.48188 13.0 56.008926 60.00833 21.931713 21.023796 58.463665 28.42534 43.931767 28.0 12.0 14.56022 32.55764 47.41308 21.400934 36.71512 41.4367 41.617306 48.08326 56.515484 29.529646 48.38388 69.63476 14.0 26.24881 17.262676 36.138622 2.236068
30.805843 67.26812 62.289646 50.48762 32.140316 28.42534 10.049875 77.781746 43.931767 18.601076 24.083189 65.62012 32.0 21.023796 60.166435 7.071068 66.70832 31.906113 0.0 28.635643 7.071068 61.269894 22.671568 18.027756 63.97656 12.529964 76.1643 42.0119 10.049875 22.472204 58.821766 82.8734 54.74486 18.110771 13.601471 36.0 33.83785 34.234486 62.1289 17.029387 58.137768 70.035706 79.025314 21.470911 25.96151 15.0 69.18092 13.601471 36.40055 27.658634 40.36087 77.491936 81.9329 18.248287 17.088007 75.31268 40.024994 62.641838 29.15476 27.45906 18.384777 39.115215 59.211487 31.622776 49.819675 66.730804 17.262676 18.384777 73.34848 44.922153 64.132675 75.13322 21.400934 20.615528 41.617306 40.24922 30.805843
32.572994 39.0 34.0 25.553865 5.0 53.851646 38.327538 51.86521 15.297058 44.294468 8.944272 39.92493 47.201694 8.602325 37.202152 23.021729 46.66905 34.785053 28.635643 0.0 22.135944 42.638012 26.41969 41.04875 44.598206 34.36568 49.24429 39.051247 38.63936 33.600594 36.878178 60.464867 26.172504 35.383614 22.022715 10.0 35.17101 51.224995 35.44009 15.811388 31.622776 41.4367 51.62364 45.486263 37.44329 40.112343 42.44997 26.24881 35.510563 1.0 33.06055 55.21775 59.64059 39.20459 16.970562 50.159744 18.601076 40.0 51.088158 40.22437 24.207438 14.21267 32.89377 16.124516 25.806976 49.20366 45.891174 45.01111 48.332184 24.207438 39.357338 46.52956 21.954498 43.829212 30.594116 62.289646 32.572994
26.400757 60.40695 55.443665 43.416588 25.317978 32.649654 17.117243 70.71068 37.363083 22.803509 17.029387 58.549126 31.780497 14.142136 53.160137 6.3245554 59.933296 27.856777 7.071068 22.135944 0.0 54.589375 17.888544 20.615528 57.245087 17.691807 69.115845 37.215588 17.0 20.024984 51.86521 75.96052 48.052055 17.720045 8.062258 29.017237 29.546574 34.785053 55.081757 13.416408 51.088158 63.348244 72.00694 24.758837 24.0 21.470911 62.1289 10.049875 31.764761 21.189621 34.713108 70.5762 75.026665 19.723083 10.29563 68.24954 32.984844 55.65968 31.622776 26.076809 13.416408 32.06244 52.153618 24.698177 42.755116 60.207973 24.083189 25.298222 66.287254 37.94733 57.070133 68.44706 15.6205 23.43075 35.468296 43.011627 26.400757
37.054016 35.1141 33.734257 20.615528 37.802116 73.171036 70.77429 27.202942 37.94733 67.08204 39.824615 20.59126 55.226807 44.04543 11.401754 59.36329 6.0 38.0 61.269894 42.638012 54.589375 0.0 41.231056 61.81424 3.0 71.867935 30.413813 29.614185 70.00714 47.38143 9.055386 23.021729 36.013885 53.75872 47.92703 33.01515 36.013885 59.413803 24.04163 56.63921 23.194826 41.4367 34.655445 65.490456 48.04165 76.05919 26.076809 49.648766 33.06055 43.27817 25.0 18.027756 22.022715 58.694122 44.294468 23.021729 24.083189 10.29563 66.0 50.0 44.27189 28.84441 22.36068 30.232433 18.973665 6.708204 75.89466 79.624115 21.400934 18.439089 17.0 44.28318 40.496914 63.505905 21.213203 73.552704 37.054016
8.5440035 56.859474 52.3259 36.40055 26.24881 33.37664 30.805843 62.289646 38.209946 26.076809 17.492855 50.635956 21.213203 18.973665 43.011627 24.166092 47.07441 10.198039 22.671568 26.41969 17.888544 41.231056 0.0 21.0 44.14748 35.0 62.169125 19.416489 29.681644 8.062258 41.01219 63.953106 46.872166 13.038404 9.848858 27.018513 11.7046995 25.495098 48.76474 28.071337 44.922153 61.294373 65.734314 25.079872 11.313708 37.48333 55.31727 9.219544 13.892444 25.942244 18.027756 58.694122 62.968246 18.027756 11.045361 59.07622 25.298222 45.01111 27.856777 14.142136 4.472136 27.784887 45.607018 16.552946 34.928497 45.88028 34.928497 40.0 57.07889 28.284271 48.259712 66.189125 4.472136 23.086792 20.248457 38.078865 8.5440035
25.298222 76.537575 71.7844 56.88585 42.941822 13.0 18.439089 83.21658 55.470715 5.3851647 33.54102 71.44928 16.155495 32.449963 64.00781 24.596748 67.74216 25.079872 18.027756 41.04875 20.615528 61.81424 21.0 0.0 64.77654 28.0 82.8734 35.77709 16.492422 14.56022 62.008064 84.71718 65.39113 8.062258 19.235384 45.310043 27.313 17.117243 69.2315 33.83785 65.30697 80.411446 86.313385 4.472136 15.264338 26.683329 75.95393 15.231546 30.463093 40.22437 37.363083 79.51101 83.725746 3.1622777 24.596748 80.05623 45.705578 66.007576 11.18034 14.866069 19.416489 47.127487 66.09841 36.67424 55.578773 65.96969 17.804493 26.400757 78.05767 49.162994 69.18092 85.44004 23.345236 2.828427 40.60788 22.472204 25.298222
40.04997 34.20526 33.24154 21.540659 39.698868 76.1643 73.53911 24.839485 39.0 70.035706 42.201897 19.313208 58.21512 46.400433 11.0 61.91123 3.0 41.0 63.97656 44.598206 57.245087 3.0 44.14748 64.77654 0.0 74.431175 28.42534 32.55764 72.8011 50.358715 9.219544 20.024984 36.221542 56.718605 50.695168 34.828148 39.012817 62.39391 23.345236 58.898216 23.0 40.5216 32.649654 68.46897 51.0392 78.714676 24.596748 52.49762 36.05551 45.276924 28.0 15.033297 19.026299 61.66036 46.957428 20.615528 26.172504 9.219544 69.0 53.0 47.127487 30.610456 22.022715 32.75668 20.12461 6.0 78.74643 82.346825 19.104973 20.518284 15.811388 43.081318 43.32436 66.48308 24.186773 76.53104 40.04997
43.266617 73.171036 68.18358 58.821766 38.832977 35.1141 10.770329 85.86617 49.0408 26.476404 32.695564 73.76314 43.416588 28.79236 69.46222 12.529964 77.02597 44.418465 12.529964 34.36568 17.691807 71.867935 35.0 28.0 74.431175 0.0 83.546394 54.405884 12.649111 34.928497 68.44706 92.61209 60.033325 30.083218 25.495098 43.416588 46.32494 45.044422 69.63476 19.0 65.734314 75.00667 85.98837 30.265491 38.27532 6.3245554 76.687675 26.076809 48.82622 33.37664 52.34501 87.23531 91.706055 29.15476 27.802877 83.81527 49.24429 72.09022 38.327538 39.56008 30.610456 47.127487 66.94027 41.677334 58.5235 77.665955 17.804493 11.7046995 81.908485 54.56189 72.73238 80.024994 33.24154 30.066593 53.15073 48.507732 43.266617
61.351448 14.21267 17.804493 26.076809 44.72136 95.524864 86.209045 6.0827627 35.846897 87.57283 52.086468 11.7046995 80.65358 55.326305 21.095022 71.70077 26.627054 62.968246 76.1643 49.24429 69.115845 30.413813 62.169125 82.8734 28.42534 83.546394 0.0 57.306194 86.09297 69.856995 23.853722 23.086792 26.076809 75.13322 65.06919 40.311287 61.46544 85.09406 14.035668 65.0 18.027756 18.384777 4.2426405 87.13208 71.8401 89.106674 7.0 68.26419 59.093147 50.219517 50.990196 21.213203 23.021729 80.06248 60.00833 9.219544 37.215588 20.615528 89.73851 74.330345 63.505905 37.054016 17.0 46.270943 27.294687 33.286633 93.0215 93.770996 9.848858 33.955853 14.764823 18.110771 59.5399 85.158676 46.09772 98.9798 61.351448
11.313708 56.586216 53.075417 35.383614 36.496574 45.35416 49.517673 55.542778 45.310043 41.14608 31.06445 45.79301 26.019224 34.36568 36.23534 43.416588 35.510563 10.816654 42.0119 39.051247 37.215588 29.614185 19.416489 35.77709 32.55764 54.405884 57.306194 0.0 48.166378 21.633308 33.54102 52.23983 50.47772 28.301943 29.15476 34.48188 8.602325 30.016663 46.227695 45.88028 43.185646 62.241467 61.400326 38.626415 20.615528 56.63921 51.312767 28.42534 5.656854 39.012817 7.2111025 47.518417 51.24451 32.649654 28.79236 51.62364 27.294687 37.161808 37.48333 21.84033 23.853722 32.695564 43.27817 23.345236 33.24154 32.0 52.43091 58.728188 49.76947 26.24881 42.544094 66.48308 21.931713 36.769554 12.0415945 44.102154 11.313708
36.878178 77.31753 72.33948 60.299255 42.190044 22.472204 2.0 87.57283 53.935146 14.035668 34.0147 75.42546 32.572994 31.06445 69.63476 16.155495 75.61085 37.48333 10.049875 38.63936 17.0 70.00714 29.681644 16.492422 72.8011 12.649111 86.09297 48.166378 0.0 26.907248 68.154236 92.0489 64.77654 20.808653 22.135944 46.010868 39.623226 33.54102 72.06247 25.942244 68.06615 80.06248 89.005615 18.0 29.410883 10.198039 79.101204 20.59126 42.520584 37.65634 47.707443 86.683334 91.09336 18.384777 26.476404 85.0 49.648766 72.03471 26.019224 30.016663 25.942244 49.0408 69.115845 41.0 59.5399 75.153175 7.28011 10.630146 83.02409 54.34151 73.82411 85.158676 29.546574 18.110771 49.648766 35.902645 36.878178
10.770329 64.884514 60.373837 44.27189 33.941124 26.019224 28.42534 69.72087 46.09772 19.924858 24.839485 58.249462 13.601471 25.553865 50.24938 26.172504 53.338543 10.816654 22.472204 33.600594 20.024984 47.38143 8.062258 14.56022 50.358715 34.928497 69.856995 21.633308 26.907248 0.0 48.09366 70.34913 54.91812 6.708204 13.341664 35.0 13.038404 17.691807 56.61272 32.38827 52.810986 69.354164 73.4983 18.110771 4.1231055 36.05551 63.06346 10.0 16.124516 33.01515 22.803509 65.192024 69.354164 11.401754 17.0 66.37017 33.24154 52.086468 19.924858 6.708204 9.433981 35.846897 53.450912 24.596748 42.72002 51.41984 30.805843 37.536648 64.381676 35.902645 55.7315 74.24284 12.0415945 16.124516 26.172504 30.016663 10.770329
38.63936 26.400757 24.738634 12.529964 31.890438 74.10803 68.68042 22.135944 29.966648 67.06713 35.77709 12.727922 57.72348 39.824615 2.828427 55.946404 10.29563 40.024994 58.821766 36.878178 51.86521 9.055386 41.01219 62.008064 9.219544 68.44706 23.853722 33.54102 68.154236 48.09366 0.0 24.166092 27.073973 54.0 46.09772 26.907248 38.327538 62.0967 15.231546 51.86521 14.142136 32.695564 28.01785 66.007576 49.497475 73.1642 18.384777 48.507732 35.735138 37.64306 27.513634 18.788294 23.259407 59.0 41.761227 18.439089 19.235384 4.0 67.601776 51.78803 43.289722 22.671568 13.341664 27.202942 11.401754 15.132746 74.52516 77.16217 16.492422 13.928389 9.219544 35.846897 39.319206 64.00781 22.803509 76.15773 38.63936
60.074955 35.735138 37.576588 35.0 55.470715 96.18732 92.65527 17.029387 50.931328 89.94443 59.933296 23.021729 78.10249 63.953106 23.323807 80.11242 17.029387 61.008198 82.8734 60.464867 75.96052 23.021729 63.953106 84.71718 20.024984 92.61209 23.086792 52.23983 92.0489 70.34913 24.166092 0.0 44.102154 76.655075 69.92139 50.47772 59.0 82.219215 28.84441 75.802376 31.241 41.0 26.019224 88.45903 71.063354 97.308784 24.698177 72.03471 56.008926 61.294373 48.010414 5.3851647 1.0 81.61495 65.78754 14.56022 43.382023 20.59126 89.005615 73.00685 66.70832 46.32494 29.832869 51.264023 34.669872 20.615528 98.23441 101.24229 15.231546 38.078865 21.931713 41.19466 62.817196 86.46965 44.181442 96.332756 60.074955
49.517673 13.341664 8.5440035 16.492422 22.803509 78.39005 64.49806 30.479502 11.0 69.289246 31.95309 21.095022 67.80118 33.955853 25.317978 49.162994 36.67424 51.62364 54.74486 26.172504 48.052055 36.013885 46.872166 65.39113 36.221542 60.033325 26.076809 50.47772 64.77654 54.91812 27.073973 44.102154 0.0 58.59181 46.238514 20.12461 50.931328 72.20111 15.264338 41.04875 13.601471 15.297058 27.313 69.856995 58.00862 66.0 20.518284 50.159744 49.67897 27.166155 43.266617 39.824615 43.56604 63.07139 40.853397 30.479502 23.43075 27.658634 74.30343 60.80296 46.52956 19.209373 14.866069 30.610456 18.681541 42.190044 72.00694 71.02816 29.206163 24.596748 22.847319 20.396078 43.046486 68.0294 38.587563 84.90583 49.517673
17.464249 69.289246 64.62198 49.24429 36.619667 20.396078 22.472204 75.32596 49.09175 13.341664 27.202942 63.63961 14.142136 26.870058 56.0357 23.194826 59.682495 17.492855 18.110771 35.383614 17.720045 53.75872 13.038404 8.062258 56.718605 30.083218 75.13322 28.301943 20.808653 6.708204 54.0 76.655075 58.59181 0.0 13.453624 38.470768 19.723083 17.088007 61.611687 31.016125 57.72348 73.409805 78.64477 12.0415945 8.602325 30.413813 68.24954 9.219544 22.825424 34.655445 29.410883 71.44928 75.66373 5.0 18.439089 72.11102 38.078865 58.0 15.811388 9.486833 12.083046 39.92493 58.463665 29.12044 47.853943 57.974133 24.207438 31.400637 70.11419 41.303753 61.294373 78.39005 15.811388 10.049875 32.55764 26.907248 17.464249
18.384777 57.72348 52.886673 39.012817 23.70654 32.202484 22.847319 66.068146 36.23534 23.086792 14.3178215 54.00926 26.400757 13.453624 47.67599 14.3178215 53.488316 19.924858 13.601471 22.022715 8.062258 47.92703 9.848858 19.235384 50.695168 25.495098 65.06919 29.15476 22.135944 13.341664 46.09772 69.92139 46.238514 13.453624 0.0 26.24881 21.540659 30.016663 51.156624 19.104973 47.169907 61.351448 68.26419 23.70654 17.464249 28.600698 58.077534 4.2426405 23.70654 21.260292 26.870058 64.56005 68.96376 17.20465 5.3851647 63.28507 28.01785 50.01 29.068884 19.924858 5.3851647 28.442924 48.09366 19.104973 38.013157 53.235325 28.442924 31.764761 61.294373 32.38827 52.153618 66.40783 7.81025 21.954498 28.01785 40.311287 18.384777
30.805843 31.575306 26.683329 15.652476 5.0 58.30952 46.010868 42.44997 11.401754 49.335587 12.165525 30.364452 48.166378 15.033297 27.202942 31.400637 36.796738 33.01515 36.0 10.0 29.017237 33.01515 27.018513 45.310043 34.828148 43.416588 40.311287 34.48188 46.010868 35.0 26.907248 50.47772 20.12461 38.470768 26.24881 0.0 32.75668 52.49762 26.305893 25.495098 22.36068 35.1141 43.046486 49.76947 38.28838 48.83646 33.37664 30.083218 32.202484 10.816654 27.658634 45.221676 49.648766 42.953465 20.880613 40.496914 9.486833 30.0 54.20332 41.109608 26.41969 4.2426405 23.537205 11.661903 15.811388 39.661064 53.08484 53.460266 38.626415 14.764823 29.546574 40.16217 23.021729 47.92703 24.083189 64.899925 30.805843
3.1622777 58.821766 54.81788 37.44329 33.61547 37.48333 41.01219 60.440052 44.102154 32.695564 26.476404 49.76947 19.416489 29.068884 40.804413 35.846897 42.0119 2.236068 33.83785 35.17101 29.546574 36.013885 11.7046995 27.313 39.012817 46.32494 61.46544 8.602325 39.623226 13.038404 38.327538 59.0 50.931328 19.723083 21.540659 32.75668 0.0 23.769728 49.24429 39.45884 45.79301 64.03124 65.39113 30.364452 12.369317 48.270073 55.03635 20.248457 3.1622777 34.928497 11.045361 54.037025 58.0 24.166092 22.203604 56.753853 27.58623 42.201897 30.016663 14.035668 16.155495 32.01562 46.141087 21.095022 35.510563 39.319206 43.829212 50.20956 54.81788 28.301943 46.818798 68.60029 15.132746 28.460499 15.524175 37.85499 3.1622777
23.769728 81.49233 77.175125 60.373837 51.62364 18.439089 35.510563 84.20214 63.702435 20.248457 42.520584 73.38937 4.472136 43.011627 64.56005 40.024994 65.37584 22.135944 34.234486 51.224995 34.785053 59.413803 25.495098 17.117243 62.39391 45.044422 85.09406 30.016663 33.54102 17.691807 62.0967 82.219215 72.20111 17.088007 30.016663 52.49762 23.769728 0.0 72.498276 48.104053 68.8767 86.28442 88.95505 16.155495 14.21267 43.737854 78.54935 25.942244 26.476404 50.606323 34.713108 77.41447 81.22192 16.03122 34.4093 80.523285 49.73932 65.96969 9.899495 11.401754 27.018513 53.009434 69.354164 41.617306 58.60034 62.008064 33.61547 43.011627 78.58753 51.47815 70.5195 91.06591 29.698484 15.524175 39.293766 14.142136 23.769728
48.754486 11.18034 10.0 12.369317 30.805843 82.0 72.1734 16.552946 23.021729 73.82411 38.052597 5.8309517 68.0294 41.303753 12.649111 57.706154 23.021729 50.537113 62.1289 35.44009 55.081757 24.04163 48.76474 69.2315 23.345236 69.63476 14.035668 46.227695 72.06247 56.61272 15.231546 28.84441 15.264338 61.611687 51.156624 26.305893 49.24429 72.498276 0.0 51.24451 4.0 17.464249 17.117243 73.545906 58.872746 75.13322 7.071068 54.451813 47.169907 36.40055 39.40812 24.596748 28.301943 66.4906 46.043457 15.6205 23.537205 14.142136 76.537575 61.46544 49.819675 23.021729 3.1622777 32.55764 13.928389 29.274563 79.00633 79.762146 14.142136 21.023796 8.062258 20.808653 45.891174 71.5891 34.4093 86.162636 48.754486
36.345562 54.230988 49.25444 41.14608 20.615528 45.276924 25.079872 67.6757 30.066593 35.383614 17.029387 55.713554 44.922153 12.806249 52.478565 10.0 61.220913 38.209946 17.029387 15.811388 13.416408 56.63921 28.071337 33.83785 58.898216 19.0 65.0 45.88028 25.942244 32.38827 51.86521 75.802376 41.04875 31.016125 19.104973 25.495098 39.45884 48.104053 51.24451 0.0 47.434166 56.008926 67.26812 37.802116 36.496574 25.079872 58.24088 22.561028 41.0 14.866069 41.62932 70.491135 74.94665 33.12099 17.262676 65.9242 32.80244 55.226807 44.94441 38.832977 24.0 29.529646 48.703182 27.018513 41.18252 62.936478 33.105892 30.265491 64.07808 38.418747 55.03635 61.03278 24.33105 36.619667 40.81666 56.302753 36.345562
45.17743 13.453624 10.770329 8.5440035 26.925823 78.10249 68.18358 20.248457 19.849434 69.87131 34.058773 8.602325 64.40497 37.336308 12.0 53.75872 23.194826 47.010635 58.137768 31.622776 51.088158 23.194826 44.922153 65.30697 23.0 65.734314 18.027756 43.185646 68.06615 52.810986 14.142136 31.241 13.601471 57.72348 47.169907 22.36068 45.79301 68.8767 4.0 47.434166 0.0 19.416489 21.095022 69.63476 55.154327 71.19691 11.045361 50.48762 43.829212 32.572994 36.23534 26.627054 30.610456 62.58594 42.047592 18.867962 19.646883 14.142136 72.73238 57.77543 45.891174 19.026299 1.4142135 28.635643 10.29563 29.0 75.00667 75.802376 17.20465 17.492855 9.433981 23.345236 41.976185 67.68308 31.241 82.46211 45.17743
63.007935 6.3245554 9.219544 26.870058 38.078865 93.40771 79.762146 24.351591 26.172504 84.4334 47.127487 21.377558 81.8352 49.24429 30.083218 64.381676 39.812057 65.0 70.035706 41.4367 63.348244 41.4367 61.294373 80.411446 40.5216 75.00667 18.384777 62.241467 80.06248 69.354164 32.695564 41.0 15.297058 73.409805 61.351448 35.1141 64.03124 86.28442 17.464249 56.008926 19.416489 0.0 17.20465 84.8646 72.20111 81.055534 17.0 65.192024 62.369865 42.426407 55.154327 38.209946 40.792156 78.0 55.97321 26.476404 36.619667 31.320919 89.0 74.94665 61.326992 33.54102 19.723083 44.777225 29.0 46.32494 87.29834 86.145226 26.172504 36.069378 24.738634 5.0990195 57.697487 83.00603 50.20956 99.36297 63.007935
65.192024 14.422205 18.788294 29.427877 47.26521 99.0404 89.050545 9.219544 37.64306 90.934044 55.0 15.652476 84.50444 58.077534 25.23886 74.330345 30.805843 66.85058 79.025314 51.62364 72.00694 34.655445 65.734314 86.313385 32.649654 85.98837 4.2426405 61.400326 89.005615 73.4983 28.01785 26.019224 27.313 78.64477 68.26419 43.046486 65.39113 88.95505 17.117243 67.26812 21.095022 17.20465 0.0 90.60905 75.58439 91.66242 10.440307 71.568146 63.07139 52.611786 55.00909 24.738634 26.076809 83.546394 63.126858 13.0 40.60788 24.839485 93.40771 78.1089 66.910385 40.012497 20.22375 49.648766 30.805843 37.44329 96.00521 96.42095 13.892444 37.64306 18.867962 15.811388 62.968246 88.64536 50.08992 102.78619 65.192024
28.635643 80.95678 76.2168 61.188232 47.41308 8.5440035 20.0 87.36704 59.94164 4.1231055 38.013157 75.66373 16.40122 36.891735 68.06615 28.301943 71.44928 28.160255 21.470911 45.486263 24.758837 65.490456 25.079872 4.472136 68.46897 30.265491 87.13208 38.626415 18.0 18.110771 66.007576 88.45903 69.856995 12.0415945 23.70654 49.76947 30.364452 16.155495 73.545906 37.802116 69.63476 84.8646 90.60905 0.0 18.027756 28.071337 80.23092 19.697716 33.526108 44.65423 40.792156 83.294655 87.46428 7.071068 29.068884 84.14868 50.01 70.00714 8.062258 17.0 23.769728 51.546097 70.40597 41.0 59.841457 69.426216 17.464249 26.925823 82.1523 53.338543 73.33485 89.88882 27.658634 2.0 44.28318 18.788294 28.635643
11.0 67.53518 63.134777 46.615448 37.536648 25.179358 31.06445 71.38628 49.517673 20.59126 28.600698 60.166435 9.899495 29.529646 51.78803 30.066593 54.037025 10.198039 25.96151 37.44329 24.0 48.04165 11.313708 15.264338 51.0392 38.27532 71.8401 20.615528 29.410883 4.1231055 49.497475 71.063354 58.00862 8.602325 17.464249 38.28838 12.369317 14.21267 58.872746 36.496574 55.154327 72.20111 75.58439 18.027756 0.0 38.948685 65.14599 14.035668 15.524175 36.891735 23.086792 66.007576 70.064255 12.206555 21.023796 67.89698 35.77709 53.460266 18.110771 2.828427 13.416408 38.832977 55.713554 27.45906 44.94441 51.62364 32.55764 40.0 65.9242 37.94733 57.48913 77.02597 15.6205 16.155495 27.018513 27.313 11.0
45.343136 79.05694 74.06078 64.03124 44.407207 31.575306 8.246211 91.21951 55.0 24.020824 37.64306 79.07591 42.72002 33.955853 74.330345 17.464249 81.394104 46.227695 15.0 40.112343 21.470911 76.05919 37.48333 26.683329 78.714676 6.3245554 89.106674 56.63921 10.198039 36.05551 73.1642 97.308784 66.0 30.413813 28.600698 48.83646 48.270073 43.737854 75.13322 25.079872 71.19691 81.055534 91.66242 28.071337 38.948685 0.0 82.20097 28.284271 50.990196 39.115215 55.31727 91.92388 96.38464 28.460499 31.764761 89.02247 54.08327 76.896034 36.013885 39.812057 33.30165 52.392746 72.36712 46.09772 63.600315 81.63332 13.0 5.3851647 87.0919 59.236813 77.88453 86.09297 36.40055 28.284271 56.61272 45.39824 45.343136
54.781384 11.18034 13.038404 19.104973 37.85499 88.64536 79.22752 10.0 29.529646 80.622574 45.099888 5.656854 74.094536 48.373547 15.556349 64.77654 23.409399 56.462376 69.18092 42.44997 62.1289 26.076809 55.31727 75.95393 24.596748 76.687675 7.0 51.312767 79.101204 63.06346 18.384777 24.698177 20.518284 68.24954 58.077534 33.37664 55.03635 78.54935 7.071068 58.24088 11.045361 17.0 10.440307 80.23092 65.14599 82.20097 0.0 61.294373 52.773098 43.416588 44.777225 21.377558 24.351591 73.1642 53.009434 10.29563 30.265491 15.811388 82.96987 67.6757 56.568542 30.066593 10.0 39.319206 20.396078 30.083218 86.023254 86.833176 9.486833 27.202942 9.219544 18.681541 52.611786 78.26238 39.824615 92.358 54.781384
17.20465 61.400326 56.61272 42.190044 27.784887 28.231188 21.633308 69.0 40.311287 19.416489 18.35756 57.035076 22.472204 17.691807 50.24938 16.27882 55.362442 18.35756 13.601471 26.24881 10.049875 49.648766 9.219544 15.231546 52.49762 26.076809 68.26419 28.42534 20.59126 10.0 48.507732 72.03471 50.159744 9.219544 4.2426405 30.083218 20.248457 25.942244 54.451813 22.561028 50.48762 65.192024 71.568146 19.697716 14.035668 28.284271 61.294373 0.0 22.803509 25.495098 27.202942 66.70832 71.063354 13.038404 9.433981 66.068146 31.06445 52.46904 24.839485 16.27882 5.3851647 32.01562 51.351727 22.022715 41.04875 54.626 26.24881 30.805843 64.070274 35.057095 55.00909 70.2282 9.219544 17.888544 29.068884 36.069378 17.20465
5.656854 57.00877 53.15073 35.608986 33.526108 40.60788 43.863426 57.870544 43.416588 35.846897 27.073973 47.423622 22.203604 30.016663 38.27532 38.013157 39.051247 5.3851647 36.40055 35.510563 31.764761 33.06055 13.892444 30.463093 36.05551 48.82622 59.093147 5.656854 42.520584 16.124516 35.735138 56.008926 49.67897 22.825424 23.70654 32.202484 3.1622777 26.476404 47.169907 41.0 43.829212 62.369865 63.07139 33.526108 15.524175 50.990196 52.773098 22.803509 0.0 35.35534 8.246211 51.088158 55.00909 27.313 23.769728 54.120235 26.24881 39.56008 33.06055 17.117243 18.35756 31.06445 44.102154 20.615528 33.600594 36.221542 46.872166 53.075417 52.201534 26.400757 44.38468 66.8431 16.763054 31.622776 13.0 40.60788 5.656854
32.280025 40.0 35.0 26.41969 5.8309517 53.0 37.336308 52.810986 16.27882 43.416588 8.5440035 40.853397 46.615448 7.81025 38.013157 22.022715 47.38143 34.48188 27.658634 1.0 21.189621 43.27817 25.942244 40.22437 45.276924 33.37664 50.219517 39.012817 37.65634 33.01515 37.64306 61.294373 27.166155 34.655445 21.260292 10.816654 34.928497 50.606323 36.40055 14.866069 32.572994 42.426407 52.611786 44.65423 36.891735 39.115215 43.416588 25.495098 35.35534 0.0 33.13608 56.0357 60.464867 38.418747 16.27882 51.078373 19.209373 40.804413 50.32892 39.661064 23.600847 15.0 33.83785 16.27882 26.627054 49.819675 44.911022 44.011364 49.24429 24.839485 40.24922 47.518417 21.470911 43.011627 30.805843 61.554855 32.280025
12.165525 49.57822 45.96738 28.284271 30.066593 48.259712 48.82622 49.648766 38.27532 42.72002 25.70992 39.357338 30.413813 29.410883 30.083218 40.60788 31.0 13.0 40.36087 33.06055 34.713108 25.0 18.027756 37.363083 28.0 52.34501 50.990196 7.2111025 47.707443 22.803509 27.513634 48.010414 43.266617 29.410883 26.870058 27.658634 11.045361 34.713108 39.40812 41.62932 36.23534 55.154327 55.00909 40.792156 23.086792 55.31727 44.777225 27.202942 8.246211 33.13608 0.0 43.011627 47.010635 34.20526 25.23886 45.88028 20.12461 31.320919 41.0 25.0 22.022715 25.632011 36.40055 17.0 26.172504 28.635643 52.773098 58.00862 43.965897 19.104973 36.249138 59.464275 19.104973 38.832977 5.0 48.83646 12.165525
55.00909 32.55764 33.83785 29.832869 50.219517 91.08787 87.28116 15.524175 46.09772 84.71718 54.56189 18.788294 73.24616 58.59181 18.027756 74.73286 12.0415945 56.008926 77.491936 55.21775 70.5762 18.027756 58.694122 79.51101 15.033297 87.23531 21.213203 47.518417 86.683334 65.192024 18.788294 5.3851647 39.824615 71.44928 64.56005 45.221676 54.037025 77.41447 24.596748 70.491135 26.627054 38.209946 24.738634 83.294655 66.007576 91.92388 21.377558 66.70832 51.088158 56.0357 43.011627 0.0 4.472136 76.41989 60.40695 12.0415945 38.013157 15.264338 84.00595 68.007355 61.39218 41.04875 25.23886 45.88028 29.410883 16.552946 92.89241 95.85927 12.0415945 32.695564 17.20465 39.012817 57.48913 81.3019 39.051247 91.5478 55.00909
59.07622 35.44009 37.161808 34.20526 54.644306 95.189285 91.706055 17.0 50.24938 88.95505 59.03389 22.472204 77.10383 63.06346 22.472204 79.20227 16.03122 60.00833 81.9329 59.64059 75.026665 22.022715 62.968246 83.725746 19.026299 91.706055 23.021729 51.24451 91.09336 69.354164 23.259407 1.0 43.56604 75.66373 68.96376 49.648766 58.0 81.22192 28.301943 74.94665 30.610456 40.792156 26.076809 87.46428 70.064255 96.38464 24.351591 71.063354 55.00909 60.464867 47.010635 4.472136 0.0 80.622574 64.84597 14.3178215 42.48529 19.723083 88.005684 72.00694 65.734314 45.486263 29.206163 50.32892 33.83785 19.646883 97.26767 100.304535 14.866069 37.161808 21.260292 41.109608 61.846584 85.47514 43.185646 95.33625 59.07622
