nbNodes
12
nbVehi
3
nbServi
6
r
1 1 1 1 1 1
0 0 0 0 0 1
0 0 0 0 1 0
0 0 1 0 0 0
0 0 1 0 0 0
1 0 0 0 0 0
0 0 0 0 0 1
0 0 0 0 1 0
0 0 0 1 0 1
1 0 0 0 1 0
1 0 0 0 0 1
1 1 1 1 1 1
DS
11 10 9
a
1  0  1  0  0  0
0  0  0  1  1  1
0  0  0  1  0  1
x
87 74 6 54 22 31 47 28 78 17 0 87
y
8 15 8 6 11 2 30 47 15 20 0 8
d
0.0 14.764823 81.0 33.06055 65.06919 56.32051 45.65085 70.724815 11.401754 71.021126 87.36704 0.0
14.764823 0.0 68.359344 21.931713 52.153618 44.922153 30.88689 56.0357 4.0 57.21888 75.50497 14.764823
81.0 68.359344 0.0 48.04165 16.27882 25.70992 46.52956 44.777225 72.33948 16.27882 10.0 81.0
33.06055 21.931713 48.04165 0.0 32.38827 23.345236 25.0 48.548943 25.632011 39.56008 54.33231 33.06055
65.06919 52.153618 16.27882 32.38827 0.0 12.727922 31.400637 36.496574 56.142673 10.29563 24.596748 65.06919
56.32051 44.922153 25.70992 23.345236 12.727922 0.0 32.24903 45.099888 48.76474 22.803509 31.06445 56.32051
45.65085 30.88689 46.52956 25.0 31.400637 32.24903 0.0 25.495098 34.43835 31.622776 55.758408 45.65085
70.724815 56.0357 44.777225 48.548943 36.496574 45.099888 25.495098 0.0 59.36329 29.15476 54.708317 70.724815
11.401754 4.0 72.33948 25.632011 56.142673 48.76474 34.43835 59.36329 0.0 61.204575 79.429214 11.401754
71.021126 57.21888 16.27882 39.56008 10.29563 22.803509 31.622776 29.15476 61.204575 0.0 26.24881 71.021126
87.36704 75.50497 10.0 54.33231 24.596748 31.06445 55.758408 54.708317 79.429214 26.24881 0.0 87.36704
0.0 14.764823 81.0 33.06055 65.06919 56.32051 45.65085 70.724815 11.401754 71.021126 87.36704 0.0
p
0 0 0 0 0 0
0 0 0 0 0 0
0 0 0 0 0 0
10.0 10.0 10.0 10.0 10.0 10.0
10.0 10.0 10.0 10.0 10.0 10.0
10.0 10.0 10.0 10.0 10.0 10.0
10.0 10.0 10.0 10.0 10.0 10.0
10.0 10.0 10.0 10.0 10.0 10.0
10.0 10.0 10.0 10.0 10.0 10.0
10.0 10.0 10.0 10.0 10.0 10.0
10.0 10.0 10.0 10.0 10.0 10.0
10.0 10.0 10.0 10.0 10.0 10.0
10.0 10.0 10.0 10.0 10.0 10.0
10.0 10.0 10.0 10.0 10.0 10.0
10.0 10.0 10.0 10.0 10.0 10.0
10.0 10.0 10.0 10.0 10.0 10.0
10.0 10.0 10.0 10.0 10.0 10.0
10.0 10.0 10.0 10.0 10.0 10.0
10.0 10.0 10.0 10.0 10.0 10.0
10.0 10.0 10.0 10.0 10.0 10.0
10.0 10.0 10.0 10.0 10.0 10.0
10.0 10.0 10.0 10.0 10.0 10.0
10.0 10.0 10.0 10.0 10.0 10.0
10.0 10.0 10.0 10.0 10.0 10.0
10.0 10.0 10.0 10.0 10.0 10.0
10.0 10.0 10.0 10.0 10.0 10.0
10.0 10.0 10.0 10.0 10.0 10.0
10.0 10.0 10.0 10.0 10.0 10.0
10.0 10.0 10.0 10.0 10.0 10.0
10.0 10.0 10.0 10.0 10.0 10.0
10.0 10.0 10.0 10.0 10.0 10.0
10.0 10.0 10.0 10.0 10.0 10.0
10.0 10.0 10.0 10.0 10.0 10.0
0 0 0 0 0 0
0 0 0 0 0 0
0 0 0 0 0 0
mind
31 38 8 1 13 44 17 46 0 33 14 33
maxd
62 76 16 2 26 88 34 92 0 66 28 66
e
0  287 172 194 464 426 5 334 131 122 201 0
l
600  407 292 314 584 546 125 454 251 242 321 1000
