nbNodes
52
nbVehi
10
nbServi
6
r
1 1 1 1 1 1
0 0 0 1 0 0
1 0 0 0 0 0
0 0 0 1 0 0
1 0 0 0 0 0
0 0 0 0 1 0
0 0 0 0 1 0
0 1 0 0 0 0
0 0 0 0 1 0
0 0 0 1 0 0
0 0 0 0 1 0
0 1 0 0 0 0
0 0 0 0 0 1
0 0 0 1 0 0
1 0 0 0 0 0
0 0 0 1 0 0
1 0 0 0 0 0
0 0 0 0 1 0
0 1 0 0 0 0
0 1 0 0 0 0
0 0 0 0 1 0
0 0 0 0 0 1
0 1 0 0 0 0
0 0 0 1 0 0
0 0 1 0 0 0
0 0 0 0 0 1
0 1 0 0 0 0
0 0 1 0 0 0
0 0 1 0 0 0
0 0 1 0 0 0
0 0 1 0 0 0
0 0 1 0 0 0
0 0 1 0 0 0
1 0 0 0 0 0
0 0 1 0 0 0
0 1 0 0 0 0
0 0 0 1 1 0
0 0 0 0 1 1
0 0 0 0 1 1
0 0 0 1 1 0
0 0 0 1 0 1
0 0 0 1 0 1
0 0 0 0 1 1
0 0 1 1 0 0
0 0 1 0 0 1
0 0 1 0 0 1
1 0 0 0 0 1
1 0 0 0 0 1
1 0 0 0 0 1
0 1 0 0 1 0
1 0 0 0 1 0
1 1 1 1 1 1
DS
51 50 49 48 47 46 45 44 43 42 41 40 39 38 37
a
1  0  0  0  0  0
0  0  1  0  0  0
0  1  1  0  0  0
0  0  0  0  1  1
0  0  0  1  0  1
0  0  0  1  1  1
0  0  0  1  1  1
0  0  0  1  0  0
0  0  0  1  1  1
0  0  0  1  1  1
x
13 93 46 97 81 23 91 95 86 73 93 95 35 74 8 48 72 17 10 55 39 92 68 98 41 5 71 81 8 8 60 36 36 90 99 22 68 51 63 79 33 8 88 79 48 37 7 36 23 32 0 13
y
13 20 13 42 21 5 0 16 31 13 3 10 14 40 9 14 27 16 6 6 38 42 33 30 19 10 11 26 44 11 24 7 6 6 11 31 4 34 25 21 45 16 14 2 44 10 4 16 18 33 0 13
d
0.0 80.305664 33.0 88.86507 68.46897 12.806249 79.07591 82.05486 75.18643 60.0 80.622574 82.05486 22.022715 66.70832 6.4031243 35.014282 60.63827 5.0 7.615773 42.579338 36.069378 84.15462 58.5235 86.683334 28.635643 8.5440035 58.034473 69.2315 31.400637 5.3851647 48.270073 23.769728 24.04163 77.31753 86.023254 20.12461 55.7315 43.416588 51.41984 66.48308 37.735924 5.8309517 75.00667 66.910385 46.75468 24.186773 10.816654 23.194826 11.18034 27.58623 18.384777 0.0
80.305664 0.0 47.518417 22.36068 12.0415945 71.5891 20.09975 4.472136 13.038404 21.189621 17.0 10.198039 58.30952 27.58623 85.70881 45.39824 22.135944 76.105194 84.17244 40.496914 56.920998 22.022715 28.178005 11.18034 52.009613 88.56636 23.769728 13.416408 88.32327 85.47514 33.24154 58.463665 58.694122 14.3178215 10.816654 71.84706 29.681644 44.27189 30.413813 14.035668 65.0 85.09406 7.81025 22.803509 51.0 56.88585 87.47571 57.14018 70.028564 62.369865 95.12623 80.305664
33.0 47.518417 0.0 58.66856 35.902645 24.351591 46.840153 49.09175 43.863426 27.0 48.052055 49.09175 11.045361 38.8973 38.209946 2.236068 29.529646 29.15476 36.67424 11.401754 25.96151 54.378304 29.732138 54.708317 7.81025 41.109608 25.079872 37.336308 49.0408 38.052597 17.804493 11.661903 12.206555 44.553337 53.037724 30.0 23.769728 21.587032 20.808653 33.955853 34.539833 38.118237 42.0119 34.785053 31.06445 9.486833 40.024994 10.440307 23.537205 24.41311 47.801674 33.0
88.86507 22.36068 58.66856 0.0 26.400757 82.73451 42.426407 26.076809 15.556349 37.64306 39.20459 32.06244 68.0294 23.086792 94.92102 56.435802 29.15476 84.118965 94.15413 55.31727 58.137768 5.0 30.364452 12.0415945 60.53924 97.406364 40.459858 22.627417 89.02247 94.24436 41.14608 70.327805 70.83079 36.67424 31.06445 75.802376 47.801674 46.69047 38.013157 27.658634 64.070274 92.72001 29.410883 43.863426 49.0408 68.0 97.6934 66.309875 77.7946 65.62012 105.702415 88.86507
68.46897 12.0415945 35.902645 26.400757 0.0 60.166435 23.259407 14.866069 11.18034 11.313708 21.633308 17.804493 46.52956 20.248457 73.97973 33.734257 10.816654 64.195015 72.56721 30.016663 45.310043 23.70654 17.691807 19.235384 40.04997 76.79192 14.142136 5.0 76.537575 73.68175 21.213203 47.127487 47.434166 17.492855 20.59126 59.841457 21.400934 32.695564 18.439089 2.0 53.66563 73.171036 9.899495 19.104973 40.22437 45.35416 75.9276 45.276924 58.077534 50.447994 83.677956 68.46897
12.806249 71.5891 24.351591 82.73451 60.166435 0.0 68.18358 72.835434 68.154236 50.635956 70.028564 72.1734 15.0 61.854668 15.524175 26.57066 53.712196 12.529964 13.038404 32.01562 36.67424 78.29432 53.0 79.05694 22.803509 18.681541 48.373547 61.68468 41.785164 16.155495 41.59327 13.152946 13.038404 67.00746 76.23647 26.019224 45.01111 40.311287 44.72136 58.24088 41.231056 18.601076 65.62012 56.0803 46.32494 14.866069 16.03122 17.029387 13.0 29.410883 23.537205 12.806249
79.07591 20.09975 46.840153 42.426407 23.259407 68.18358 0.0 16.492422 31.400637 22.203604 3.6055512 10.770329 57.72348 43.462627 83.48653 45.221676 33.01515 75.70998 81.22192 36.496574 64.40497 42.0119 40.22437 30.805843 53.488316 86.579445 22.825424 27.856777 93.941475 83.725746 39.20459 55.443665 55.326305 6.0827627 13.601471 75.643906 23.345236 52.49762 37.536648 24.186773 73.409805 84.5281 14.3178215 12.165525 61.522354 54.91812 84.095184 57.280014 70.34202 67.601776 91.0 79.07591
82.05486 4.472136 49.09175 26.076809 14.866069 72.835434 16.492422 0.0 17.492855 22.203604 13.152946 6.0 60.033325 31.890438 87.28116 47.042534 25.495098 78.0 85.58621 41.231056 60.166435 26.172504 31.906113 14.3178215 54.08327 90.199776 24.5153 17.20465 91.394745 87.14356 35.902645 59.682495 59.841457 11.18034 6.4031243 74.52516 29.546574 47.539455 33.24154 16.763054 68.44706 87.0 7.28011 21.260292 54.708317 58.30952 88.814415 59.0 72.02777 65.25335 96.337944 82.05486
75.18643 13.038404 43.863426 15.556349 11.18034 68.154236 31.400637 17.492855 0.0 22.203604 28.86174 22.847319 53.75872 15.0 81.0432 41.62932 14.56022 70.61161 80.00625 39.824615 47.518417 12.529964 18.110771 12.0415945 46.572525 83.677956 25.0 7.071068 79.07591 80.523285 26.925823 55.461697 55.9017 25.317978 23.853722 64.0 32.449963 35.128338 23.769728 12.206555 54.81788 79.429214 17.117243 29.832869 40.16217 53.310413 83.48653 52.201534 64.327286 54.037025 91.416626 75.18643
60.0 21.189621 27.0 37.64306 11.313708 50.635956 22.203604 22.203604 22.203604 0.0 22.36068 22.203604 38.013157 27.018513 65.12296 25.019993 14.035668 56.0803 63.387695 19.313208 42.201897 34.669872 20.615528 30.232433 32.55764 68.06615 2.828427 15.264338 72.013885 65.03076 17.029387 37.48333 37.65634 18.384777 26.076809 54.08327 10.29563 30.413813 15.6205 10.0 51.224995 65.06919 15.033297 12.529964 39.824615 36.124783 66.61081 37.12142 50.24938 45.617977 74.1485 60.0
80.622574 17.0 48.052055 39.20459 21.633308 70.028564 3.6055512 13.152946 28.86174 22.36068 0.0 7.28011 59.03389 41.59327 85.2115 46.32494 31.890438 77.10383 83.0542 38.118237 64.3506 39.012817 39.051247 27.45906 54.405884 88.27797 23.409399 25.942244 94.371605 85.37564 39.115215 57.14018 57.07889 4.2426405 10.0 76.321686 25.019993 52.201534 37.202152 22.803509 73.239334 85.98837 12.083046 14.035668 60.876926 56.435802 86.00581 58.463665 71.5891 67.977936 93.04838 80.622574
82.05486 10.198039 49.09175 32.06244 17.804493 72.1734 10.770329 6.0 22.847319 22.203604 7.28011 0.0 60.133186 36.619667 87.005745 47.169907 28.600698 78.23043 85.09406 40.1995 62.609905 32.140316 35.468296 20.22375 54.74486 90.0 24.020824 21.260292 93.40771 87.005745 37.696156 59.07622 59.135437 6.4031243 4.1231055 75.96052 27.658634 50.119858 35.341194 19.416489 71.19691 87.20665 8.062258 17.888544 58.00862 58.0 88.20431 59.3043 72.443085 67.06713 95.524864 82.05486
22.022715 58.30952 11.045361 68.0294 46.52956 15.0 57.72348 60.033325 53.75872 38.013157 59.03389 60.133186 0.0 46.872166 27.45906 13.0 39.217342 18.110771 26.24881 21.540659 24.33105 63.505905 38.078865 65.0 7.81025 30.265491 36.124783 47.539455 40.36087 27.166155 26.925823 7.071068 8.062258 55.578773 64.070274 21.400934 34.48188 25.612497 30.083218 44.553337 31.06445 27.073973 53.0 45.607018 32.695564 4.472136 29.732138 2.236068 12.649111 19.235384 37.696156 22.022715
66.70832 27.58623 38.8973 23.086792 20.248457 61.854668 43.462627 31.890438 15.0 27.018513 41.59327 36.619667 46.872166 0.0 72.91776 36.769554 13.152946 61.846584 72.47068 38.948685 35.057095 18.110771 9.219544 26.0 39.115215 75.23962 29.15476 15.652476 66.1211 72.09022 21.260292 50.32892 50.990196 37.576588 38.28838 52.773098 36.496574 23.769728 18.601076 19.646883 41.303753 70.2282 29.529646 38.327538 26.305893 47.63402 76.05919 44.94441 55.542778 42.579338 84.118965 66.70832
6.4031243 85.70881 38.209946 94.92102 73.97973 15.524175 83.48653 87.28116 81.0432 65.12296 85.2115 87.005745 27.45906 72.91776 0.0 40.311287 66.48308 11.401754 3.6055512 47.095646 42.44997 90.24966 64.62198 92.417534 34.48188 3.1622777 63.03174 74.953316 35.0 2.0 54.120235 28.071337 28.160255 82.05486 91.02197 26.076809 60.207973 49.73932 57.280014 72.00694 43.829212 7.0 80.1561 71.34424 53.15073 29.017237 5.0990195 28.86174 17.492855 33.941124 12.0415945 6.4031243
35.014282 45.39824 2.236068 56.435802 33.734257 26.57066 45.221676 47.042534 41.62932 25.019993 46.32494 47.169907 13.0 36.769554 40.311287 0.0 27.294687 31.06445 38.832977 10.630146 25.632011 52.153618 27.58623 52.49762 8.602325 43.185646 23.194826 35.1141 50.0 40.112343 15.6205 13.892444 14.422205 42.755116 51.088158 31.06445 22.36068 20.22375 18.601076 31.780497 34.43835 40.04997 40.0 33.24154 30.0 11.7046995 42.201897 12.165525 25.317978 24.839485 50.0 35.014282
60.63827 22.135944 29.529646 29.15476 10.816654 53.712196 33.01515 25.495098 14.56022 14.035668 31.890438 28.600698 39.217342 13.152946 66.48308 27.294687 0.0 56.089214 65.459915 27.018513 34.785053 25.0 7.2111025 26.172504 32.01562 69.12308 16.03122 9.055386 66.21933 65.96969 12.369317 41.18252 41.677334 27.658634 31.38471 50.159744 23.345236 22.135944 9.219544 9.219544 42.953465 64.93843 20.615528 25.96151 29.410883 38.910152 68.94926 37.64306 49.819675 40.4475 76.896034 60.63827
5.0 76.105194 29.15476 84.118965 64.195015 12.529964 75.70998 78.0 70.61161 56.0803 77.10383 78.23043 18.110771 61.846584 11.401754 31.06445 56.089214 0.0 12.206555 39.293766 31.112698 79.37884 53.75872 82.20097 24.186773 13.416408 54.230988 64.77654 29.410883 10.29563 43.737854 21.023796 21.470911 73.68175 82.1523 15.811388 52.392746 38.470768 46.872166 62.201286 33.12099 9.0 71.02816 63.560993 41.773197 20.880613 15.6205 19.0 6.3245554 22.671568 23.345236 5.0
7.615773 84.17244 36.67424 94.15413 72.56721 13.038404 81.22192 85.58621 80.00625 63.387695 83.0542 85.09406 26.24881 72.47068 3.6055512 38.832977 65.459915 12.206555 0.0 45.0 43.185646 89.55445 63.97656 91.214035 33.61547 6.4031243 61.204575 73.76314 38.052597 5.3851647 53.14132 26.019224 26.0 80.0 89.140335 27.730848 58.034473 49.648766 56.302753 70.61161 45.276924 10.198039 78.40918 69.115845 53.740116 27.294687 3.6055512 27.856777 17.691807 34.828148 11.661903 7.615773
42.579338 40.496914 11.401754 55.31727 30.016663 32.01562 36.496574 41.231056 39.824615 19.313208 38.118237 40.1995 21.540659 38.948685 47.095646 10.630146 27.018513 39.293766 45.0 0.0 35.77709 51.62364 29.966648 49.24429 19.104973 50.159744 16.763054 32.80244 60.440052 47.26521 18.681541 19.026299 19.0 35.0 44.28318 41.400482 13.152946 28.284271 20.615528 28.301943 44.777225 48.052055 33.955853 24.33105 38.63936 18.439089 48.04165 21.470911 34.176014 35.468296 55.326305 42.579338
36.069378 56.920998 25.96151 58.137768 45.310043 36.67424 64.40497 60.166435 47.518417 42.201897 64.3506 62.609905 24.33105 35.057095 42.44997 25.632011 34.785053 31.112698 43.185646 35.77709 0.0 53.15073 29.427877 59.5399 19.104973 44.04543 41.868843 43.68066 31.575306 41.109608 25.23886 31.144823 32.140316 60.207973 65.795135 18.384777 44.687805 12.649111 27.294687 43.462627 9.219544 38.013157 54.56189 53.814495 10.816654 28.071337 46.69047 22.203604 25.612497 8.602325 54.451813 36.069378
84.15462 22.022715 54.378304 5.0 23.70654 78.29432 42.0119 26.172504 12.529964 34.669872 39.012817 32.140316 63.505905 18.110771 90.24966 52.153618 25.0 79.37884 89.55445 51.62364 53.15073 0.0 25.632011 13.416408 55.946404 92.69843 37.44329 19.416489 84.0238 89.537704 36.71512 66.037865 66.573265 36.05551 31.780497 70.85902 44.94441 41.773197 33.61547 24.698177 59.07622 87.93179 28.284271 42.059483 44.04543 63.631752 93.10747 61.741398 73.05477 60.671246 101.133575 84.15462
58.5235 28.178005 29.732138 30.364452 17.691807 53.0 40.22437 31.906113 18.110771 20.615528 39.051247 35.468296 38.078865 9.219544 64.62198 27.58623 7.2111025 53.75872 63.97656 29.966648 29.427877 25.632011 0.0 30.149628 30.413813 67.06713 22.203604 14.764823 61.0 63.90618 12.0415945 41.231056 41.868843 34.828148 38.013157 46.043457 29.0 17.029387 9.433981 16.27882 37.0 62.361847 27.58623 32.89377 22.825424 38.600517 67.54258 36.23534 47.434166 36.0 75.58439 58.5235
86.683334 11.18034 54.708317 12.0415945 19.235384 79.05694 30.805843 14.3178215 12.0415945 30.232433 27.45906 20.22375 65.0 26.0 92.417534 52.49762 26.172504 82.20097 91.214035 49.24429 59.5399 13.416408 30.149628 0.0 58.0517 95.12623 33.01515 17.464249 91.08238 91.983696 38.470768 66.12866 66.48308 25.298222 19.026299 76.00658 39.698868 47.169907 35.35534 21.023796 66.70832 91.08238 18.867962 33.83785 51.92302 64.195015 94.641426 63.560993 75.95393 66.068146 102.48902 86.683334
28.635643 52.009613 7.81025 60.53924 40.04997 22.803509 53.488316 54.08327 46.572525 32.55764 54.405884 54.74486 7.81025 39.115215 34.48188 8.602325 32.01562 24.186773 33.61547 19.104973 19.104973 55.946404 30.413813 58.0517 0.0 37.107952 31.04835 40.60788 41.400482 33.955853 19.646883 13.0 13.928389 50.695168 58.549126 22.472204 30.88689 18.027756 22.803509 38.052597 27.202942 33.13608 47.26521 41.62932 25.96151 9.848858 37.161808 5.8309517 18.027756 16.643316 45.188496 28.635643
8.5440035 88.56636 41.109608 97.406364 76.79192 18.681541 86.579445 90.199776 83.677956 68.06615 88.27797 90.0 30.265491 75.23962 3.1622777 43.185646 69.12308 13.416408 6.4031243 50.159744 44.04543 92.69843 67.06713 95.12623 37.107952 0.0 66.007576 77.665955 34.132095 3.1622777 56.753853 31.144823 31.257 85.09406 94.00532 27.018513 63.28507 51.884487 59.908264 74.8131 44.82187 6.708204 83.09633 74.431175 54.81788 32.0 6.3245554 31.575306 19.697716 35.468296 11.18034 8.5440035
58.034473 23.769728 25.079872 40.459858 14.142136 48.373547 22.825424 24.5153 25.0 2.828427 23.409399 24.020824 36.124783 29.15476 63.03174 23.194826 16.03122 54.230988 61.204575 16.763054 41.868843 37.44329 22.203604 33.01515 31.04835 66.007576 0.0 18.027756 71.11962 63.0 17.029387 35.22783 35.35534 19.646883 28.0 52.924473 7.615773 30.479502 16.124516 12.806249 50.990196 63.1981 17.262676 12.0415945 40.22437 34.0147 64.381676 35.35534 48.507732 44.777225 71.84706 58.034473
69.2315 13.416408 37.336308 22.627417 5.0 61.68468 27.856777 17.20465 7.071068 15.264338 25.942244 21.260292 47.539455 15.652476 74.953316 35.1141 9.055386 64.77654 73.76314 32.80244 43.68066 19.416489 14.764823 17.464249 40.60788 77.665955 18.027756 0.0 75.18643 74.52516 21.095022 48.8467 49.24429 21.931713 23.43075 59.211487 25.553865 31.04835 18.027756 5.3851647 51.62364 73.68175 13.892444 24.083189 37.589893 46.818798 77.201035 46.09772 58.549126 49.497475 85.07056 69.2315
31.400637 88.32327 49.0408 89.02247 76.537575 41.785164 93.941475 91.394745 79.07591 72.013885 94.371605 93.40771 40.36087 66.1211 35.0 50.0 66.21933 29.410883 38.052597 60.440052 31.575306 84.0238 61.0 91.08238 41.400482 34.132095 71.11962 75.18643 0.0 33.0 55.713554 46.400433 47.201694 90.37699 96.79876 19.104973 72.11102 44.14748 58.189346 74.63243 25.019993 28.0 85.44004 82.492424 40.0 44.687805 40.012497 39.59798 30.016663 26.400757 44.72136 31.400637
5.3851647 85.47514 38.052597 94.24436 73.68175 16.155495 83.725746 87.14356 80.523285 65.03076 85.37564 87.005745 27.166155 72.09022 2.0 40.112343 65.96969 10.29563 5.3851647 47.26521 41.109608 89.537704 63.90618 91.983696 33.955853 3.1622777 63.0 74.52516 33.0 0.0 53.600372 28.284271 28.442924 82.1523 91.0 24.41311 60.40695 48.76474 56.753853 71.70077 42.201897 5.0 80.05623 71.568146 51.855568 29.017237 7.071068 28.442924 16.552946 32.55764 13.601471 5.3851647
48.270073 33.24154 17.804493 41.14608 21.213203 41.59327 39.20459 35.902645 26.925823 17.029387 39.115215 37.696156 26.925823 21.260292 54.120235 15.6205 12.369317 43.737854 53.14132 18.681541 25.23886 36.71512 12.0415945 38.470768 19.646883 56.753853 17.029387 21.095022 55.713554 53.600372 0.0 29.410883 30.0 34.98571 41.109608 38.63936 21.540659 13.453624 3.1622777 19.235384 34.20526 52.611786 29.732138 29.068884 23.323807 26.925823 56.648037 25.298222 37.48333 29.410883 64.62198 48.270073
23.769728 58.463665 11.661903 70.327805 47.127487 13.152946 55.443665 59.682495 55.461697 37.48333 57.14018 59.07622 7.071068 50.32892 28.071337 13.892444 41.18252 21.023796 26.019224 19.026299 31.144823 66.037865 41.231056 66.12866 13.0 31.144823 35.22783 48.8467 46.400433 28.284271 29.410883 0.0 1.0 54.00926 63.126858 27.784887 32.140316 30.88689 32.449963 45.221676 38.118237 29.410883 52.46904 43.289722 38.8973 3.1622777 29.15476 9.0 17.029387 26.305893 36.67424 23.769728
24.04163 58.694122 12.206555 70.83079 47.434166 13.038404 55.326305 59.841457 55.9017 37.65634 57.07889 59.135437 8.062258 50.990196 28.160255 14.422205 41.677334 21.470911 26.0 19.0 32.140316 66.573265 41.868843 66.48308 13.928389 31.257 35.35534 49.24429 47.201694 28.442924 30.0 1.0 0.0 54.0 63.1981 28.653097 32.06244 31.764761 33.01515 45.54119 39.115215 29.732138 52.611786 43.185646 39.849716 4.1231055 29.068884 10.0 17.691807 27.294687 36.496574 24.04163
77.31753 14.3178215 44.553337 36.67424 17.492855 67.00746 6.0827627 11.18034 25.317978 18.384777 4.2426405 6.4031243 55.578773 37.576588 82.05486 42.755116 27.658634 73.68175 80.0 35.0 60.207973 36.05551 34.828148 25.298222 50.695168 85.09406 19.646883 21.931713 90.37699 82.1523 34.98571 54.00926 54.0 0.0 10.29563 72.44998 22.090721 48.010414 33.01515 18.601076 69.065186 82.607506 8.246211 11.7046995 56.63921 53.15073 83.02409 54.91812 68.06615 63.97656 90.199776 77.31753
86.023254 10.816654 53.037724 31.06445 20.59126 76.23647 13.601471 6.4031243 23.853722 26.076809 10.0 4.1231055 64.070274 38.28838 91.02197 51.088158 31.38471 82.1523 89.140335 44.28318 65.795135 31.780497 38.013157 19.026299 58.549126 94.00532 28.0 23.43075 96.79876 91.0 41.109608 63.126858 63.1981 10.29563 0.0 79.555016 31.780497 53.225933 38.626415 22.36068 74.24284 91.13726 11.401754 21.931713 60.74537 62.008064 92.26592 63.1981 76.321686 70.5195 99.60924 86.023254
20.12461 71.84706 30.0 75.802376 59.841457 26.019224 75.643906 74.52516 64.0 54.08327 76.321686 75.96052 21.400934 52.773098 26.076809 31.06445 50.159744 15.811388 27.730848 41.400482 18.384777 70.85902 46.043457 76.00658 22.472204 27.018513 52.924473 59.211487 19.104973 24.41311 38.63936 27.784887 28.653097 72.44998 79.555016 0.0 53.338543 29.15476 41.4367 57.870544 17.804493 20.518284 68.154236 63.953106 29.068884 25.806976 30.88689 20.518284 13.038404 10.198039 38.013157 20.12461
55.7315 29.681644 23.769728 47.801674 21.400934 45.01111 23.345236 29.546574 32.449963 10.29563 25.019993 27.658634 34.48188 36.496574 60.207973 22.36068 23.345236 52.392746 58.034473 13.152946 44.687805 44.94441 29.0 39.698868 30.88689 63.28507 7.615773 25.553865 72.11102 60.40695 21.540659 32.140316 32.06244 22.090721 31.780497 53.338543 0.0 34.48188 21.587032 20.248457 53.90733 61.188232 22.36068 11.18034 44.72136 31.575306 61.0 34.176014 47.127487 46.227695 68.117546 55.7315
43.416588 44.27189 21.587032 46.69047 32.695564 40.311287 52.49762 47.539455 35.128338 30.413813 52.201534 50.119858 25.612497 23.769728 49.73932 20.22375 22.135944 38.470768 49.648766 28.284271 12.649111 41.773197 17.029387 47.169907 18.027756 51.884487 30.479502 31.04835 44.14748 48.76474 13.453624 30.88689 31.764761 48.010414 53.225933 29.15476 34.48188 0.0 15.0 30.870699 21.095022 46.615448 42.059483 42.520584 10.440307 27.784887 53.25411 23.43075 32.24903 19.026299 61.294373 43.416588
51.41984 30.413813 20.808653 38.013157 18.439089 44.72136 37.536648 33.24154 23.769728 15.6205 37.202152 35.341194 30.083218 18.601076 57.280014 18.601076 9.219544 46.872166 56.302753 20.615528 27.294687 33.61547 9.433981 35.35534 22.803509 59.908264 16.124516 18.027756 58.189346 56.753853 3.1622777 32.449963 33.01515 33.01515 38.626415 41.4367 21.587032 15.0 0.0 16.492422 36.05551 55.7315 27.313 28.01785 24.207438 30.016663 59.808025 28.460499 40.60788 32.01562 67.77905 51.41984
66.48308 14.035668 33.955853 27.658634 2.0 58.24088 24.186773 16.763054 12.206555 10.0 22.803509 19.416489 44.553337 19.646883 72.00694 31.780497 9.219544 62.201286 70.61161 28.301943 43.462627 24.698177 16.27882 21.023796 38.052597 74.8131 12.806249 5.3851647 74.63243 71.70077 19.235384 45.221676 45.54119 18.601076 22.36068 57.870544 20.248457 30.870699 16.492422 0.0 51.884487 71.17584 11.401754 19.0 38.600517 43.416588 73.97973 43.289722 56.0803 48.507732 81.7435 66.48308
37.735924 65.0 34.539833 64.070274 53.66563 41.231056 73.409805 68.44706 54.81788 51.224995 73.239334 71.19691 31.06445 41.303753 43.829212 34.43835 42.953465 33.12099 45.276924 44.777225 9.219544 59.07622 37.0 66.70832 27.202942 44.82187 50.990196 51.62364 25.019993 42.201897 34.20526 38.118237 39.115215 69.065186 74.24284 17.804493 53.90733 21.095022 36.05551 51.884487 0.0 38.28838 63.134777 62.968246 15.033297 35.22783 48.548943 29.15476 28.79236 12.0415945 55.803226 37.735924
5.8309517 85.09406 38.118237 92.72001 73.171036 18.601076 84.5281 87.0 79.429214 65.06919 85.98837 87.20665 27.073973 70.2282 7.0 40.04997 64.93843 9.0 10.198039 48.052055 38.013157 87.93179 62.361847 91.08238 33.13608 6.708204 63.1981 73.68175 28.0 5.0 52.611786 29.410883 29.732138 82.607506 91.13726 20.518284 61.188232 46.615448 55.7315 71.17584 38.28838 0.0 80.024994 72.36712 48.82622 29.614185 12.0415945 28.0 15.132746 29.410883 17.888544 5.8309517
75.00667 7.81025 42.0119 29.410883 9.899495 65.62012 14.3178215 7.28011 17.117243 15.033297 12.083046 8.062258 53.0 29.529646 80.1561 40.0 20.615528 71.02816 78.40918 33.955853 54.56189 28.284271 27.58623 18.867962 47.26521 83.09633 17.262676 13.892444 85.44004 80.05623 29.732138 52.46904 52.611786 8.246211 11.401754 68.154236 22.36068 42.059483 27.313 11.401754 63.134777 80.024994 0.0 15.0 50.0 51.156624 81.61495 52.03845 65.12296 59.135437 89.106674 75.00667
66.910385 22.803509 34.785053 43.863426 19.104973 56.0803 12.165525 21.260292 29.832869 12.529964 14.035668 17.888544 45.607018 38.327538 71.34424 33.24154 25.96151 63.560993 69.115845 24.33105 53.814495 42.059483 32.89377 33.83785 41.62932 74.431175 12.0415945 24.083189 82.492424 71.568146 29.068884 43.289722 43.185646 11.7046995 21.931713 63.953106 11.18034 42.520584 28.01785 19.0 62.968246 72.36712 15.0 0.0 52.201534 42.755116 72.02777 45.221676 58.24088 56.302753 79.025314 66.910385
46.75468 51.0 31.06445 49.0408 40.22437 46.32494 61.522354 54.708317 40.16217 39.824615 60.876926 58.00862 32.695564 26.305893 53.15073 30.0 29.410883 41.773197 53.740116 38.63936 10.816654 44.04543 22.825424 51.92302 25.96151 54.81788 40.22437 37.589893 40.0 51.855568 23.323807 38.8973 39.849716 56.63921 60.74537 29.068884 44.72136 10.440307 24.207438 38.600517 15.033297 48.82622 50.0 52.201534 0.0 35.735138 57.280014 30.463093 36.069378 19.416489 65.11528 46.75468
24.186773 56.88585 9.486833 68.0 45.35416 14.866069 54.91812 58.30952 53.310413 36.124783 56.435802 58.0 4.472136 47.63402 29.017237 11.7046995 38.910152 20.880613 27.294687 18.439089 28.071337 63.631752 38.600517 64.195015 9.848858 32.0 34.0147 46.818798 44.687805 29.017237 26.925823 3.1622777 4.1231055 53.15073 62.008064 25.806976 31.575306 27.784887 30.016663 43.416588 35.22783 29.614185 51.156624 42.755116 35.735138 0.0 30.594116 6.0827627 16.124516 23.537205 38.327538 24.186773
10.816654 87.47571 40.024994 97.6934 75.9276 16.03122 84.095184 88.814415 83.48653 66.61081 86.00581 88.20431 29.732138 76.05919 5.0990195 42.201897 68.94926 15.6205 3.6055512 48.04165 46.69047 93.10747 67.54258 94.641426 37.161808 6.3245554 64.381676 77.201035 40.012497 7.071068 56.648037 29.15476 29.068884 83.02409 92.26592 30.88689 61.0 53.25411 59.808025 73.97973 48.548943 12.0415945 81.61495 72.02777 57.280014 30.594116 0.0 31.38471 21.260292 38.28838 8.062258 10.816654
23.194826 57.14018 10.440307 66.309875 45.276924 17.029387 57.280014 59.0 52.201534 37.12142 58.463665 59.3043 2.236068 44.94441 28.86174 12.165525 37.64306 19.0 27.856777 21.470911 22.203604 61.741398 36.23534 63.560993 5.8309517 31.575306 35.35534 46.09772 39.59798 28.442924 25.298222 9.0 10.0 54.91812 63.1981 20.518284 34.176014 23.43075 28.460499 43.289722 29.15476 28.0 52.03845 45.221676 30.463093 6.0827627 31.38471 0.0 13.152946 17.464249 39.39543 23.194826
11.18034 70.028564 23.537205 77.7946 58.077534 13.0 70.34202 72.02777 64.327286 50.24938 71.5891 72.443085 12.649111 55.542778 17.492855 25.317978 49.819675 6.3245554 17.691807 34.176014 25.612497 73.05477 47.434166 75.95393 18.027756 19.697716 48.507732 58.549126 30.016663 16.552946 37.48333 17.029387 17.691807 68.06615 76.321686 13.038404 47.127487 32.24903 40.60788 56.0803 28.79236 15.132746 65.12296 58.24088 36.069378 16.124516 21.260292 13.152946 0.0 17.492855 29.206163 11.18034
27.58623 62.369865 24.41311 65.62012 50.447994 29.410883 67.601776 65.25335 54.037025 45.617977 67.977936 67.06713 19.235384 42.579338 33.941124 24.839485 40.4475 22.671568 34.828148 35.468296 8.602325 60.671246 36.0 66.068146 16.643316 35.468296 44.777225 49.497475 26.400757 32.55764 29.410883 26.305893 27.294687 63.97656 70.5195 10.198039 46.227695 19.026299 32.01562 48.507732 12.0415945 29.410883 59.135437 56.302753 19.416489 23.537205 38.28838 17.464249 17.492855 0.0 45.96738 27.58623
18.384777 95.12623 47.801674 105.702415 83.677956 23.537205 91.0 96.337944 91.416626 74.1485 93.04838 95.524864 37.696156 84.118965 12.0415945 50.0 76.896034 23.345236 11.661903 55.326305 54.451813 101.133575 75.58439 102.48902 45.188496 11.18034 71.84706 85.07056 44.72136 13.601471 64.62198 36.67424 36.496574 90.199776 99.60924 38.013157 68.117546 61.294373 67.77905 81.7435 55.803226 17.888544 89.106674 79.025314 65.11528 38.327538 8.062258 39.39543 29.206163 45.96738 0.0 18.384777
0.0 80.305664 33.0 88.86507 68.46897 12.806249 79.07591 82.05486 75.18643 60.0 80.622574 82.05486 22.022715 66.70832 6.4031243 35.014282 60.63827 5.0 7.615773 42.579338 36.069378 84.15462 58.5235 86.683334 28.635643 8.5440035 58.034473 69.2315 31.400637 5.3851647 48.270073 23.769728 24.04163 77.31753 86.023254 20.12461 55.7315 43.416588 51.41984 66.48308 37.735924 5.8309517 75.00667 66.910385 46.75468 24.186773 10.816654 23.194826 11.18034 27.58623 18.384777 0.0
p
0 0 0 0 0 0
0 0 0 0 0 0
0 0 0 0 0 0
0 0 0 0 0 0
0 0 0 0 0 0
0 0 0 0 0 0
0 0 0 0 0 0
0 0 0 0 0 0
0 0 0 0 0 0
0 0 0 0 0 0
15.0 15.0 15.0 15.0 15.0 15.0
15.0 15.0 15.0 15.0 15.0 15.0
15.0 15.0 15.0 15.0 15.0 15.0
15.0 15.0 15.0 15.0 15.0 15.0
15.0 15.0 15.0 15.0 15.0 15.0
15.0 15.0 15.0 15.0 15.0 15.0
15.0 15.0 15.0 15.0 15.0 15.0
15.0 15.0 15.0 15.0 15.0 15.0
15.0 15.0 15.0 15.0 15.0 15.0
15.0 15.0 15.0 15.0 15.0 15.0
15.0 15.0 15.0 15.0 15.0 15.0
15.0 15.0 15.0 15.0 15.0 15.0
15.0 15.0 15.0 15.0 15.0 15.0
15.0 15.0 15.0 15.0 15.0 15.0
15.0 15.0 15.0 15.0 15.0 15.0
15.0 15.0 15.0 15.0 15.0 15.0
15.0 15.0 15.0 15.0 15.0 15.0
15.0 15.0 15.0 15.0 15.0 15.0
15.0 15.0 15.0 15.0 15.0 15.0
15.0 15.0 15.0 15.0 15.0 15.0
15.0 15.0 15.0 15.0 15.0 15.0
15.0 15.0 15.0 15.0 15.0 15.0
15.0 15.0 15.0 15.0 15.0 15.0
15.0 15.0 15.0 15.0 15.0 15.0
15.0 15.0 15.0 15.0 15.0 15.0
15.0 15.0 15.0 15.0 15.0 15.0
15.0 15.0 15.0 15.0 15.0 15.0
15.0 15.0 15.0 15.0 15.0 15.0
15.0 15.0 15.0 15.0 15.0 15.0
15.0 15.0 15.0 15.0 15.0 15.0
15.0 15.0 15.0 15.0 15.0 15.0
15.0 15.0 15.0 15.0 15.0 15.0
15.0 15.0 15.0 15.0 15.0 15.0
15.0 15.0 15.0 15.0 15.0 15.0
15.0 15.0 15.0 15.0 15.0 15.0
15.0 15.0 15.0 15.0 15.0 15.0
15.0 15.0 15.0 15.0 15.0 15.0
15.0 15.0 15.0 15.0 15.0 15.0
15.0 15.0 15.0 15.0 15.0 15.0
15.0 15.0 15.0 15.0 15.0 15.0
15.0 15.0 15.0 15.0 15.0 15.0
15.0 15.0 15.0 15.0 15.0 15.0
15.0 15.0 15.0 15.0 15.0 15.0
15.0 15.0 15.0 15.0 15.0 15.0
15.0 15.0 15.0 15.0 15.0 15.0
15.0 15.0 15.0 15.0 15.0 15.0
15.0 15.0 15.0 15.0 15.0 15.0
15.0 15.0 15.0 15.0 15.0 15.0
15.0 15.0 15.0 15.0 15.0 15.0
15.0 15.0 15.0 15.0 15.0 15.0
15.0 15.0 15.0 15.0 15.0 15.0
15.0 15.0 15.0 15.0 15.0 15.0
15.0 15.0 15.0 15.0 15.0 15.0
15.0 15.0 15.0 15.0 15.0 15.0
15.0 15.0 15.0 15.0 15.0 15.0
15.0 15.0 15.0 15.0 15.0 15.0
15.0 15.0 15.0 15.0 15.0 15.0
15.0 15.0 15.0 15.0 15.0 15.0
15.0 15.0 15.0 15.0 15.0 15.0
15.0 15.0 15.0 15.0 15.0 15.0
15.0 15.0 15.0 15.0 15.0 15.0
15.0 15.0 15.0 15.0 15.0 15.0
15.0 15.0 15.0 15.0 15.0 15.0
15.0 15.0 15.0 15.0 15.0 15.0
15.0 15.0 15.0 15.0 15.0 15.0
15.0 15.0 15.0 15.0 15.0 15.0
15.0 15.0 15.0 15.0 15.0 15.0
15.0 15.0 15.0 15.0 15.0 15.0
15.0 15.0 15.0 15.0 15.0 15.0
15.0 15.0 15.0 15.0 15.0 15.0
15.0 15.0 15.0 15.0 15.0 15.0
15.0 15.0 15.0 15.0 15.0 15.0
15.0 15.0 15.0 15.0 15.0 15.0
15.0 15.0 15.0 15.0 15.0 15.0
15.0 15.0 15.0 15.0 15.0 15.0
15.0 15.0 15.0 15.0 15.0 15.0
15.0 15.0 15.0 15.0 15.0 15.0
15.0 15.0 15.0 15.0 15.0 15.0
15.0 15.0 15.0 15.0 15.0 15.0
15.0 15.0 15.0 15.0 15.0 15.0
15.0 15.0 15.0 15.0 15.0 15.0
15.0 15.0 15.0 15.0 15.0 15.0
15.0 15.0 15.0 15.0 15.0 15.0
15.0 15.0 15.0 15.0 15.0 15.0
15.0 15.0 15.0 15.0 15.0 15.0
15.0 15.0 15.0 15.0 15.0 15.0
15.0 15.0 15.0 15.0 15.0 15.0
15.0 15.0 15.0 15.0 15.0 15.0
15.0 15.0 15.0 15.0 15.0 15.0
15.0 15.0 15.0 15.0 15.0 15.0
15.0 15.0 15.0 15.0 15.0 15.0
15.0 15.0 15.0 15.0 15.0 15.0
15.0 15.0 15.0 15.0 15.0 15.0
15.0 15.0 15.0 15.0 15.0 15.0
15.0 15.0 15.0 15.0 15.0 15.0
15.0 15.0 15.0 15.0 15.0 15.0
15.0 15.0 15.0 15.0 15.0 15.0
15.0 15.0 15.0 15.0 15.0 15.0
15.0 15.0 15.0 15.0 15.0 15.0
15.0 15.0 15.0 15.0 15.0 15.0
15.0 15.0 15.0 15.0 15.0 15.0
15.0 15.0 15.0 15.0 15.0 15.0
15.0 15.0 15.0 15.0 15.0 15.0
15.0 15.0 15.0 15.0 15.0 15.0
15.0 15.0 15.0 15.0 15.0 15.0
15.0 15.0 15.0 15.0 15.0 15.0
15.0 15.0 15.0 15.0 15.0 15.0
15.0 15.0 15.0 15.0 15.0 15.0
15.0 15.0 15.0 15.0 15.0 15.0
15.0 15.0 15.0 15.0 15.0 15.0
15.0 15.0 15.0 15.0 15.0 15.0
15.0 15.0 15.0 15.0 15.0 15.0
15.0 15.0 15.0 15.0 15.0 15.0
15.0 15.0 15.0 15.0 15.0 15.0
15.0 15.0 15.0 15.0 15.0 15.0
15.0 15.0 15.0 15.0 15.0 15.0
15.0 15.0 15.0 15.0 15.0 15.0
15.0 15.0 15.0 15.0 15.0 15.0
15.0 15.0 15.0 15.0 15.0 15.0
15.0 15.0 15.0 15.0 15.0 15.0
15.0 15.0 15.0 15.0 15.0 15.0
15.0 15.0 15.0 15.0 15.0 15.0
15.0 15.0 15.0 15.0 15.0 15.0
15.0 15.0 15.0 15.0 15.0 15.0
15.0 15.0 15.0 15.0 15.0 15.0
15.0 15.0 15.0 15.0 15.0 15.0
15.0 15.0 15.0 15.0 15.0 15.0
15.0 15.0 15.0 15.0 15.0 15.0
15.0 15.0 15.0 15.0 15.0 15.0
15.0 15.0 15.0 15.0 15.0 15.0
15.0 15.0 15.0 15.0 15.0 15.0
15.0 15.0 15.0 15.0 15.0 15.0
15.0 15.0 15.0 15.0 15.0 15.0
15.0 15.0 15.0 15.0 15.0 15.0
15.0 15.0 15.0 15.0 15.0 15.0
15.0 15.0 15.0 15.0 15.0 15.0
15.0 15.0 15.0 15.0 15.0 15.0
15.0 15.0 15.0 15.0 15.0 15.0
15.0 15.0 15.0 15.0 15.0 15.0
15.0 15.0 15.0 15.0 15.0 15.0
15.0 15.0 15.0 15.0 15.0 15.0
15.0 15.0 15.0 15.0 15.0 15.0
15.0 15.0 15.0 15.0 15.0 15.0
15.0 15.0 15.0 15.0 15.0 15.0
15.0 15.0 15.0 15.0 15.0 15.0
15.0 15.0 15.0 15.0 15.0 15.0
15.0 15.0 15.0 15.0 15.0 15.0
15.0 15.0 15.0 15.0 15.0 15.0
15.0 15.0 15.0 15.0 15.0 15.0
15.0 15.0 15.0 15.0 15.0 15.0
15.0 15.0 15.0 15.0 15.0 15.0
15.0 15.0 15.0 15.0 15.0 15.0
15.0 15.0 15.0 15.0 15.0 15.0
15.0 15.0 15.0 15.0 15.0 15.0
15.0 15.0 15.0 15.0 15.0 15.0
15.0 15.0 15.0 15.0 15.0 15.0
15.0 15.0 15.0 15.0 15.0 15.0
15.0 15.0 15.0 15.0 15.0 15.0
15.0 15.0 15.0 15.0 15.0 15.0
15.0 15.0 15.0 15.0 15.0 15.0
15.0 15.0 15.0 15.0 15.0 15.0
15.0 15.0 15.0 15.0 15.0 15.0
15.0 15.0 15.0 15.0 15.0 15.0
15.0 15.0 15.0 15.0 15.0 15.0
15.0 15.0 15.0 15.0 15.0 15.0
15.0 15.0 15.0 15.0 15.0 15.0
15.0 15.0 15.0 15.0 15.0 15.0
15.0 15.0 15.0 15.0 15.0 15.0
15.0 15.0 15.0 15.0 15.0 15.0
15.0 15.0 15.0 15.0 15.0 15.0
15.0 15.0 15.0 15.0 15.0 15.0
15.0 15.0 15.0 15.0 15.0 15.0
15.0 15.0 15.0 15.0 15.0 15.0
15.0 15.0 15.0 15.0 15.0 15.0
15.0 15.0 15.0 15.0 15.0 15.0
15.0 15.0 15.0 15.0 15.0 15.0
15.0 15.0 15.0 15.0 15.0 15.0
15.0 15.0 15.0 15.0 15.0 15.0
15.0 15.0 15.0 15.0 15.0 15.0
15.0 15.0 15.0 15.0 15.0 15.0
15.0 15.0 15.0 15.0 15.0 15.0
15.0 15.0 15.0 15.0 15.0 15.0
15.0 15.0 15.0 15.0 15.0 15.0
15.0 15.0 15.0 15.0 15.0 15.0
15.0 15.0 15.0 15.0 15.0 15.0
15.0 15.0 15.0 15.0 15.0 15.0
15.0 15.0 15.0 15.0 15.0 15.0
15.0 15.0 15.0 15.0 15.0 15.0
15.0 15.0 15.0 15.0 15.0 15.0
15.0 15.0 15.0 15.0 15.0 15.0
15.0 15.0 15.0 15.0 15.0 15.0
15.0 15.0 15.0 15.0 15.0 15.0
15.0 15.0 15.0 15.0 15.0 15.0
15.0 15.0 15.0 15.0 15.0 15.0
15.0 15.0 15.0 15.0 15.0 15.0
15.0 15.0 15.0 15.0 15.0 15.0
15.0 15.0 15.0 15.0 15.0 15.0
15.0 15.0 15.0 15.0 15.0 15.0
15.0 15.0 15.0 15.0 15.0 15.0
15.0 15.0 15.0 15.0 15.0 15.0
15.0 15.0 15.0 15.0 15.0 15.0
15.0 15.0 15.0 15.0 15.0 15.0
15.0 15.0 15.0 15.0 15.0 15.0
15.0 15.0 15.0 15.0 15.0 15.0
15.0 15.0 15.0 15.0 15.0 15.0
15.0 15.0 15.0 15.0 15.0 15.0
15.0 15.0 15.0 15.0 15.0 15.0
15.0 15.0 15.0 15.0 15.0 15.0
15.0 15.0 15.0 15.0 15.0 15.0
15.0 15.0 15.0 15.0 15.0 15.0
15.0 15.0 15.0 15.0 15.0 15.0
15.0 15.0 15.0 15.0 15.0 15.0
15.0 15.0 15.0 15.0 15.0 15.0
15.0 15.0 15.0 15.0 15.0 15.0
15.0 15.0 15.0 15.0 15.0 15.0
15.0 15.0 15.0 15.0 15.0 15.0
15.0 15.0 15.0 15.0 15.0 15.0
15.0 15.0 15.0 15.0 15.0 15.0
15.0 15.0 15.0 15.0 15.0 15.0
15.0 15.0 15.0 15.0 15.0 15.0
15.0 15.0 15.0 15.0 15.0 15.0
15.0 15.0 15.0 15.0 15.0 15.0
15.0 15.0 15.0 15.0 15.0 15.0
15.0 15.0 15.0 15.0 15.0 15.0
15.0 15.0 15.0 15.0 15.0 15.0
15.0 15.0 15.0 15.0 15.0 15.0
15.0 15.0 15.0 15.0 15.0 15.0
15.0 15.0 15.0 15.0 15.0 15.0
15.0 15.0 15.0 15.0 15.0 15.0
15.0 15.0 15.0 15.0 15.0 15.0
15.0 15.0 15.0 15.0 15.0 15.0
15.0 15.0 15.0 15.0 15.0 15.0
15.0 15.0 15.0 15.0 15.0 15.0
15.0 15.0 15.0 15.0 15.0 15.0
15.0 15.0 15.0 15.0 15.0 15.0
15.0 15.0 15.0 15.0 15.0 15.0
15.0 15.0 15.0 15.0 15.0 15.0
15.0 15.0 15.0 15.0 15.0 15.0
15.0 15.0 15.0 15.0 15.0 15.0
15.0 15.0 15.0 15.0 15.0 15.0
15.0 15.0 15.0 15.0 15.0 15.0
15.0 15.0 15.0 15.0 15.0 15.0
15.0 15.0 15.0 15.0 15.0 15.0
15.0 15.0 15.0 15.0 15.0 15.0
15.0 15.0 15.0 15.0 15.0 15.0
15.0 15.0 15.0 15.0 15.0 15.0
15.0 15.0 15.0 15.0 15.0 15.0
15.0 15.0 15.0 15.0 15.0 15.0
15.0 15.0 15.0 15.0 15.0 15.0
15.0 15.0 15.0 15.0 15.0 15.0
15.0 15.0 15.0 15.0 15.0 15.0
15.0 15.0 15.0 15.0 15.0 15.0
15.0 15.0 15.0 15.0 15.0 15.0
15.0 15.0 15.0 15.0 15.0 15.0
15.0 15.0 15.0 15.0 15.0 15.0
15.0 15.0 15.0 15.0 15.0 15.0
15.0 15.0 15.0 15.0 15.0 15.0
15.0 15.0 15.0 15.0 15.0 15.0
15.0 15.0 15.0 15.0 15.0 15.0
15.0 15.0 15.0 15.0 15.0 15.0
15.0 15.0 15.0 15.0 15.0 15.0
15.0 15.0 15.0 15.0 15.0 15.0
15.0 15.0 15.0 15.0 15.0 15.0
15.0 15.0 15.0 15.0 15.0 15.0
15.0 15.0 15.0 15.0 15.0 15.0
15.0 15.0 15.0 15.0 15.0 15.0
15.0 15.0 15.0 15.0 15.0 15.0
15.0 15.0 15.0 15.0 15.0 15.0
15.0 15.0 15.0 15.0 15.0 15.0
15.0 15.0 15.0 15.0 15.0 15.0
15.0 15.0 15.0 15.0 15.0 15.0
15.0 15.0 15.0 15.0 15.0 15.0
15.0 15.0 15.0 15.0 15.0 15.0
15.0 15.0 15.0 15.0 15.0 15.0
15.0 15.0 15.0 15.0 15.0 15.0
15.0 15.0 15.0 15.0 15.0 15.0
15.0 15.0 15.0 15.0 15.0 15.0
15.0 15.0 15.0 15.0 15.0 15.0
15.0 15.0 15.0 15.0 15.0 15.0
15.0 15.0 15.0 15.0 15.0 15.0
15.0 15.0 15.0 15.0 15.0 15.0
15.0 15.0 15.0 15.0 15.0 15.0
15.0 15.0 15.0 15.0 15.0 15.0
15.0 15.0 15.0 15.0 15.0 15.0
15.0 15.0 15.0 15.0 15.0 15.0
15.0 15.0 15.0 15.0 15.0 15.0
15.0 15.0 15.0 15.0 15.0 15.0
15.0 15.0 15.0 15.0 15.0 15.0
15.0 15.0 15.0 15.0 15.0 15.0
15.0 15.0 15.0 15.0 15.0 15.0
15.0 15.0 15.0 15.0 15.0 15.0
15.0 15.0 15.0 15.0 15.0 15.0
15.0 15.0 15.0 15.0 15.0 15.0
15.0 15.0 15.0 15.0 15.0 15.0
15.0 15.0 15.0 15.0 15.0 15.0
15.0 15.0 15.0 15.0 15.0 15.0
15.0 15.0 15.0 15.0 15.0 15.0
15.0 15.0 15.0 15.0 15.0 15.0
15.0 15.0 15.0 15.0 15.0 15.0
15.0 15.0 15.0 15.0 15.0 15.0
15.0 15.0 15.0 15.0 15.0 15.0
15.0 15.0 15.0 15.0 15.0 15.0
15.0 15.0 15.0 15.0 15.0 15.0
15.0 15.0 15.0 15.0 15.0 15.0
15.0 15.0 15.0 15.0 15.0 15.0
15.0 15.0 15.0 15.0 15.0 15.0
15.0 15.0 15.0 15.0 15.0 15.0
15.0 15.0 15.0 15.0 15.0 15.0
15.0 15.0 15.0 15.0 15.0 15.0
15.0 15.0 15.0 15.0 15.0 15.0
15.0 15.0 15.0 15.0 15.0 15.0
15.0 15.0 15.0 15.0 15.0 15.0
15.0 15.0 15.0 15.0 15.0 15.0
15.0 15.0 15.0 15.0 15.0 15.0
15.0 15.0 15.0 15.0 15.0 15.0
15.0 15.0 15.0 15.0 15.0 15.0
15.0 15.0 15.0 15.0 15.0 15.0
15.0 15.0 15.0 15.0 15.0 15.0
15.0 15.0 15.0 15.0 15.0 15.0
15.0 15.0 15.0 15.0 15.0 15.0
15.0 15.0 15.0 15.0 15.0 15.0
15.0 15.0 15.0 15.0 15.0 15.0
15.0 15.0 15.0 15.0 15.0 15.0
15.0 15.0 15.0 15.0 15.0 15.0
15.0 15.0 15.0 15.0 15.0 15.0
15.0 15.0 15.0 15.0 15.0 15.0
15.0 15.0 15.0 15.0 15.0 15.0
15.0 15.0 15.0 15.0 15.0 15.0
15.0 15.0 15.0 15.0 15.0 15.0
15.0 15.0 15.0 15.0 15.0 15.0
15.0 15.0 15.0 15.0 15.0 15.0
15.0 15.0 15.0 15.0 15.0 15.0
15.0 15.0 15.0 15.0 15.0 15.0
15.0 15.0 15.0 15.0 15.0 15.0
15.0 15.0 15.0 15.0 15.0 15.0
15.0 15.0 15.0 15.0 15.0 15.0
15.0 15.0 15.0 15.0 15.0 15.0
15.0 15.0 15.0 15.0 15.0 15.0
15.0 15.0 15.0 15.0 15.0 15.0
15.0 15.0 15.0 15.0 15.0 15.0
15.0 15.0 15.0 15.0 15.0 15.0
15.0 15.0 15.0 15.0 15.0 15.0
15.0 15.0 15.0 15.0 15.0 15.0
15.0 15.0 15.0 15.0 15.0 15.0
15.0 15.0 15.0 15.0 15.0 15.0
15.0 15.0 15.0 15.0 15.0 15.0
15.0 15.0 15.0 15.0 15.0 15.0
15.0 15.0 15.0 15.0 15.0 15.0
15.0 15.0 15.0 15.0 15.0 15.0
15.0 15.0 15.0 15.0 15.0 15.0
15.0 15.0 15.0 15.0 15.0 15.0
15.0 15.0 15.0 15.0 15.0 15.0
15.0 15.0 15.0 15.0 15.0 15.0
15.0 15.0 15.0 15.0 15.0 15.0
15.0 15.0 15.0 15.0 15.0 15.0
15.0 15.0 15.0 15.0 15.0 15.0
15.0 15.0 15.0 15.0 15.0 15.0
15.0 15.0 15.0 15.0 15.0 15.0
15.0 15.0 15.0 15.0 15.0 15.0
15.0 15.0 15.0 15.0 15.0 15.0
15.0 15.0 15.0 15.0 15.0 15.0
15.0 15.0 15.0 15.0 15.0 15.0
15.0 15.0 15.0 15.0 15.0 15.0
15.0 15.0 15.0 15.0 15.0 15.0
15.0 15.0 15.0 15.0 15.0 15.0
15.0 15.0 15.0 15.0 15.0 15.0
15.0 15.0 15.0 15.0 15.0 15.0
15.0 15.0 15.0 15.0 15.0 15.0
15.0 15.0 15.0 15.0 15.0 15.0
15.0 15.0 15.0 15.0 15.0 15.0
15.0 15.0 15.0 15.0 15.0 15.0
15.0 15.0 15.0 15.0 15.0 15.0
15.0 15.0 15.0 15.0 15.0 15.0
15.0 15.0 15.0 15.0 15.0 15.0
15.0 15.0 15.0 15.0 15.0 15.0
15.0 15.0 15.0 15.0 15.0 15.0
15.0 15.0 15.0 15.0 15.0 15.0
15.0 15.0 15.0 15.0 15.0 15.0
15.0 15.0 15.0 15.0 15.0 15.0
15.0 15.0 15.0 15.0 15.0 15.0
15.0 15.0 15.0 15.0 15.0 15.0
15.0 15.0 15.0 15.0 15.0 15.0
15.0 15.0 15.0 15.0 15.0 15.0
15.0 15.0 15.0 15.0 15.0 15.0
15.0 15.0 15.0 15.0 15.0 15.0
15.0 15.0 15.0 15.0 15.0 15.0
15.0 15.0 15.0 15.0 15.0 15.0
15.0 15.0 15.0 15.0 15.0 15.0
15.0 15.0 15.0 15.0 15.0 15.0
15.0 15.0 15.0 15.0 15.0 15.0
15.0 15.0 15.0 15.0 15.0 15.0
15.0 15.0 15.0 15.0 15.0 15.0
15.0 15.0 15.0 15.0 15.0 15.0
15.0 15.0 15.0 15.0 15.0 15.0
15.0 15.0 15.0 15.0 15.0 15.0
15.0 15.0 15.0 15.0 15.0 15.0
15.0 15.0 15.0 15.0 15.0 15.0
15.0 15.0 15.0 15.0 15.0 15.0
15.0 15.0 15.0 15.0 15.0 15.0
15.0 15.0 15.0 15.0 15.0 15.0
15.0 15.0 15.0 15.0 15.0 15.0
15.0 15.0 15.0 15.0 15.0 15.0
15.0 15.0 15.0 15.0 15.0 15.0
15.0 15.0 15.0 15.0 15.0 15.0
15.0 15.0 15.0 15.0 15.0 15.0
15.0 15.0 15.0 15.0 15.0 15.0
15.0 15.0 15.0 15.0 15.0 15.0
15.0 15.0 15.0 15.0 15.0 15.0
15.0 15.0 15.0 15.0 15.0 15.0
15.0 15.0 15.0 15.0 15.0 15.0
15.0 15.0 15.0 15.0 15.0 15.0
15.0 15.0 15.0 15.0 15.0 15.0
15.0 15.0 15.0 15.0 15.0 15.0
15.0 15.0 15.0 15.0 15.0 15.0
15.0 15.0 15.0 15.0 15.0 15.0
15.0 15.0 15.0 15.0 15.0 15.0
15.0 15.0 15.0 15.0 15.0 15.0
15.0 15.0 15.0 15.0 15.0 15.0
15.0 15.0 15.0 15.0 15.0 15.0
15.0 15.0 15.0 15.0 15.0 15.0
15.0 15.0 15.0 15.0 15.0 15.0
15.0 15.0 15.0 15.0 15.0 15.0
15.0 15.0 15.0 15.0 15.0 15.0
15.0 15.0 15.0 15.0 15.0 15.0
15.0 15.0 15.0 15.0 15.0 15.0
15.0 15.0 15.0 15.0 15.0 15.0
15.0 15.0 15.0 15.0 15.0 15.0
15.0 15.0 15.0 15.0 15.0 15.0
15.0 15.0 15.0 15.0 15.0 15.0
15.0 15.0 15.0 15.0 15.0 15.0
15.0 15.0 15.0 15.0 15.0 15.0
15.0 15.0 15.0 15.0 15.0 15.0
15.0 15.0 15.0 15.0 15.0 15.0
15.0 15.0 15.0 15.0 15.0 15.0
15.0 15.0 15.0 15.0 15.0 15.0
15.0 15.0 15.0 15.0 15.0 15.0
15.0 15.0 15.0 15.0 15.0 15.0
15.0 15.0 15.0 15.0 15.0 15.0
15.0 15.0 15.0 15.0 15.0 15.0
15.0 15.0 15.0 15.0 15.0 15.0
15.0 15.0 15.0 15.0 15.0 15.0
15.0 15.0 15.0 15.0 15.0 15.0
15.0 15.0 15.0 15.0 15.0 15.0
15.0 15.0 15.0 15.0 15.0 15.0
15.0 15.0 15.0 15.0 15.0 15.0
15.0 15.0 15.0 15.0 15.0 15.0
15.0 15.0 15.0 15.0 15.0 15.0
15.0 15.0 15.0 15.0 15.0 15.0
15.0 15.0 15.0 15.0 15.0 15.0
15.0 15.0 15.0 15.0 15.0 15.0
15.0 15.0 15.0 15.0 15.0 15.0
15.0 15.0 15.0 15.0 15.0 15.0
15.0 15.0 15.0 15.0 15.0 15.0
15.0 15.0 15.0 15.0 15.0 15.0
15.0 15.0 15.0 15.0 15.0 15.0
15.0 15.0 15.0 15.0 15.0 15.0
15.0 15.0 15.0 15.0 15.0 15.0
15.0 15.0 15.0 15.0 15.0 15.0
15.0 15.0 15.0 15.0 15.0 15.0
15.0 15.0 15.0 15.0 15.0 15.0
