nbNodes
52
nbVehi
10
nbServi
6
r
1 1 1 1 1 1
0 0 1 0 0 0
0 0 0 0 1 0
0 0 0 1 0 0
0 0 0 0 1 0
0 0 0 1 0 0
0 0 0 1 0 0
0 1 0 0 0 0
0 0 0 0 1 0
1 0 0 0 0 0
0 1 0 0 0 0
0 0 1 0 0 0
0 0 1 0 0 0
0 0 1 0 0 0
0 0 1 0 0 0
0 0 1 0 0 0
1 0 0 0 0 0
0 1 0 0 0 0
1 0 0 0 0 0
0 0 0 0 1 0
1 0 0 0 0 0
0 0 0 0 0 1
0 0 0 0 0 1
0 0 0 0 1 0
0 1 0 0 0 0
0 1 0 0 0 0
0 0 0 1 0 0
0 0 0 1 0 0
0 0 0 1 0 0
0 0 0 0 0 1
0 0 0 0 0 1
0 0 0 0 1 0
0 0 0 1 0 0
1 0 0 0 0 0
0 0 1 0 0 0
0 0 0 1 0 0
0 0 0 1 0 1
0 0 0 1 1 0
0 0 0 0 1 1
0 0 0 0 1 1
0 0 0 0 1 1
0 0 0 1 0 1
0 0 0 1 1 0
0 0 1 0 1 0
1 0 0 0 1 0
0 1 0 0 1 0
1 0 0 1 0 0
1 0 0 0 1 0
1 0 0 1 0 0
1 0 0 1 0 0
0 0 1 0 1 0
1 1 1 1 1 1
DS
51 50 49 48 47 46 45 44 43 42 41 40 39 38 37
a
1  1  1  0  0  0
1  1  0  0  0  0
1  0  0  0  0  0
0  0  0  0  0  1
0  0  0  1  1  1
0  0  0  1  1  0
0  0  0  1  1  1
0  0  0  1  1  0
0  0  0  1  1  1
0  0  0  0  0  1
x
62 3 67 11 62 92 52 62 69 62 75 22 39 33 69 82 94 45 82 84 28 95 61 6 64 44 53 73 58 86 86 26 9 77 36 27 47 59 75 98 45 11 76 98 82 1 94 63 84 23 0 62
y
36 36 16 46 20 42 43 26 49 45 29 48 10 17 38 45 47 7 33 22 16 6 16 9 8 26 36 6 9 24 26 23 3 35 5 41 29 26 33 17 2 31 33 26 20 31 25 18 8 34 0 36
d
0.0 59.0 20.615528 51.971146 16.0 30.594116 12.206555 10.0 14.764823 9.0 14.764823 41.761227 34.713108 34.669872 7.28011 21.931713 33.83785 33.61547 20.22375 26.076809 39.446167 44.598206 20.024984 62.169125 28.071337 20.59126 9.0 31.95309 27.294687 26.832815 26.0 38.27532 62.433964 15.033297 40.459858 35.35534 16.552946 10.440307 13.341664 40.706264 38.013157 51.24451 14.3178215 37.363083 25.612497 61.204575 33.83785 18.027756 35.608986 39.051247 71.693794 0.0
59.0 0.0 67.052216 12.806249 61.13101 89.20202 49.497475 59.841457 67.26812 59.682495 72.33948 22.472204 44.407207 35.510563 66.0303 79.51101 91.66242 51.0392 79.05694 82.20097 32.01562 96.76776 61.351448 27.166155 67.11929 42.201897 50.0 76.15773 61.269894 83.86298 83.60024 26.41969 33.54102 74.00676 45.276924 24.5153 44.553337 56.88585 72.06247 96.88137 54.037025 9.433981 73.061615 95.524864 80.60397 5.3851647 91.66242 62.641838 85.70297 20.09975 36.124783 59.0
20.615528 67.052216 0.0 63.529522 6.4031243 36.069378 30.88689 11.18034 33.06055 29.427877 15.264338 55.21775 28.635643 34.0147 22.090721 32.649654 41.109608 23.769728 22.671568 18.027756 39.0 29.732138 6.0 61.400326 8.5440035 25.079872 24.41311 11.661903 11.401754 20.615528 21.470911 41.59327 59.439045 21.470911 32.89377 47.169907 23.853722 12.806249 18.788294 31.016125 26.076809 57.974133 19.235384 32.572994 15.524175 67.68308 28.460499 4.472136 18.788294 47.539455 68.88396 20.615528
51.971146 12.806249 63.529522 0.0 57.245087 81.09871 41.109608 54.781384 58.077534 51.009804 66.21933 11.18034 45.607018 36.40055 58.549126 71.00704 83.00603 51.739735 72.18033 76.843994 34.48188 93.03763 58.30952 37.336308 65.21503 38.587563 43.174065 73.78347 59.816387 78.160095 77.62087 27.45906 43.046486 66.910385 48.02083 16.763054 39.812057 52.0 65.30697 91.706055 55.605755 15.0 66.287254 89.26926 75.61085 18.027756 85.61542 59.05929 82.29824 16.970562 47.296936 51.971146
16.0 61.13101 6.4031243 57.245087 0.0 37.202152 25.079872 6.0 29.832869 25.0 15.811388 48.82622 25.079872 29.15476 19.313208 32.01562 41.868843 21.400934 23.853722 22.090721 34.234486 35.846897 4.1231055 57.070133 12.165525 18.973665 18.35756 17.804493 11.7046995 24.33105 24.738634 36.124783 55.65968 21.213203 30.016663 40.81666 17.492855 6.708204 18.384777 36.124783 24.758837 52.17279 19.104973 36.496574 20.0 61.983868 32.38827 2.236068 25.059929 41.4367 65.14599 16.0
30.594116 89.20202 36.069378 81.09871 37.202152 0.0 40.012497 34.0 24.04163 30.149628 21.400934 70.256676 61.91123 64.07808 23.345236 10.440307 5.3851647 58.60034 13.453624 21.540659 69.079666 36.124783 40.459858 92.11406 44.04543 50.596443 39.45884 40.706264 47.38143 18.973665 17.088007 68.68042 91.706055 16.552946 67.11929 65.00769 46.840153 36.67424 19.235384 25.70992 61.7171 81.7435 18.35756 17.088007 24.166092 91.66242 17.117243 37.64306 34.928497 69.46222 101.133575 30.594116
12.206555 49.497475 30.88689 41.109608 25.079872 40.012497 0.0 19.723083 18.027756 10.198039 26.925823 30.413813 35.468296 32.202484 17.720045 30.066593 42.190044 36.67424 31.622776 38.27532 36.124783 56.727417 28.460499 57.201397 37.0 18.788294 7.071068 42.544094 34.525352 38.948685 38.013157 32.80244 58.728188 26.24881 41.231056 25.079872 14.866069 18.384777 25.079872 52.83938 41.59327 42.72002 26.0 49.0408 37.802116 52.392746 45.694637 27.313 47.423622 30.364452 67.47592 12.206555
10.0 59.841457 11.18034 54.781384 6.0 34.0 19.723083 0.0 24.04163 19.0 13.341664 45.65085 28.01785 30.364452 13.892444 27.58623 38.27532 25.495098 21.189621 22.36068 35.44009 38.587563 10.049875 58.5235 18.110771 18.0 13.453624 22.825424 17.464249 24.083189 24.0 36.124783 57.77543 17.492855 33.42155 38.078865 15.297058 3.0 14.764823 37.107952 29.410883 51.24451 15.652476 36.0 20.880613 61.204575 32.01562 8.062258 28.42534 39.812057 67.23094 10.0
14.764823 67.26812 33.06055 58.077534 29.832869 24.04163 18.027756 24.04163 0.0 8.062258 20.880613 47.010635 49.20366 48.166378 11.0 13.601471 25.079872 48.373547 20.615528 30.88689 52.63079 50.24938 33.955853 74.62573 41.303753 33.970577 20.615528 43.185646 41.484936 30.232433 28.600698 50.24938 75.60423 16.124516 55.0 42.755116 29.732138 25.079872 17.088007 43.185646 52.773098 60.728905 17.464249 37.01351 31.780497 70.34202 34.655445 31.575306 43.65776 48.38388 84.6286 14.764823
9.0 59.682495 29.427877 51.009804 25.0 30.149628 10.198039 19.0 8.062258 0.0 20.615528 40.112343 41.880783 40.311287 9.899495 20.0 32.06244 41.62932 23.323807 31.827662 44.687805 51.088158 29.017237 66.573265 37.054016 26.172504 12.727922 40.5216 36.221542 31.890438 30.610456 42.190044 67.62396 18.027756 47.707443 35.22783 21.931713 19.235384 17.691807 45.607018 46.238514 52.886673 18.439089 40.706264 32.01562 62.58594 37.735924 27.018513 43.046486 40.5216 76.6094 9.0
14.764823 72.33948 15.264338 66.21933 15.811388 21.400934 26.925823 13.341664 20.880613 20.615528 0.0 56.302753 40.706264 43.68066 10.816654 17.464249 26.172504 37.202152 8.062258 11.401754 48.76474 30.479502 19.104973 71.8401 23.70654 31.144823 23.086792 23.086792 26.24881 12.083046 11.401754 49.365982 70.93659 6.3245554 45.79301 49.47727 28.0 16.27882 4.0 25.942244 40.36087 64.03124 4.1231055 23.194826 11.401754 74.02702 19.416489 16.27882 22.847319 52.23983 80.411446 14.764823
41.761227 22.472204 55.21775 11.18034 48.82622 70.256676 30.413813 45.65085 47.010635 40.112343 56.302753 0.0 41.62932 32.89377 48.052055 60.074955 72.00694 47.010635 61.846584 67.23094 32.55764 84.21995 50.447994 42.154476 58.0 31.112698 33.24154 66.068146 53.075417 68.35203 67.6757 25.317978 46.840153 56.515484 45.221676 8.602325 31.400637 43.046486 55.081757 82.07923 51.42956 20.248457 56.044624 79.12016 66.211784 27.018513 75.58439 50.803543 73.78347 14.035668 52.801514 41.761227
34.713108 44.407207 28.635643 45.607018 25.079872 61.91123 35.468296 28.01785 49.20366 41.880783 40.706264 41.62932 0.0 9.219544 41.036568 55.443665 66.287254 6.708204 48.76474 46.572525 12.529964 56.142673 22.803509 33.01515 25.079872 16.763054 29.529646 34.234486 19.026299 49.0408 49.648766 18.384777 30.805843 45.486263 5.8309517 33.24154 20.615528 25.612497 42.72002 59.413803 10.0 35.0 43.56604 61.13101 44.14748 43.416588 57.00877 25.298222 45.044422 28.84441 40.261642 34.713108
34.669872 35.510563 34.0147 36.40055 29.15476 64.07808 32.202484 30.364452 48.166378 40.311287 43.68066 32.89377 9.219544 0.0 41.677334 56.435802 67.977936 15.6205 51.546097 51.24451 5.0990195 62.968246 28.01785 28.160255 32.280025 14.21267 27.58623 41.484936 26.24881 53.460266 53.75872 9.219544 27.784887 47.539455 12.369317 24.738634 18.439089 27.513634 44.94441 65.0 19.209373 26.076809 45.88028 65.62012 49.09175 34.928497 61.522354 30.016663 51.78803 19.723083 37.12142 34.669872
7.28011 66.0303 22.090721 58.549126 19.313208 23.345236 17.720045 13.892444 11.0 9.899495 10.816654 48.052055 41.036568 41.677334 0.0 14.764823 26.57066 39.20459 13.928389 21.931713 46.52956 41.231056 23.409399 69.354164 30.413813 27.730848 16.124516 32.24903 31.016125 22.022715 20.808653 45.54119 69.46222 8.5440035 46.66905 42.107006 23.769728 15.6205 7.81025 35.805027 43.266617 58.420887 8.602325 31.38471 22.203604 68.359344 28.178005 20.880613 33.54102 46.173584 78.77182 7.28011
21.931713 79.51101 32.649654 71.00704 32.01562 10.440307 30.066593 27.58623 13.601471 20.0 17.464249 60.074955 55.443665 56.435802 14.764823 0.0 12.165525 53.037724 12.0 23.086792 61.294373 41.109608 35.805027 84.095184 41.14608 42.48529 30.364452 40.024994 43.266617 21.377558 19.416489 60.166435 84.21995 11.18034 60.959003 55.145264 38.483765 29.832869 13.892444 32.24903 56.727417 72.36712 13.416408 24.839485 25.0 82.20097 23.323807 33.01515 37.054016 60.016663 93.53609 21.931713
33.83785 91.66242 41.109608 83.00603 41.868843 5.3851647 42.190044 38.27532 25.079872 32.06244 26.172504 72.00694 66.287254 67.977936 26.57066 12.165525 0.0 63.25346 18.439089 26.925823 72.91776 41.01219 45.276924 95.85406 49.20366 54.230988 42.44997 46.06517 52.34501 24.351591 22.472204 72.11102 95.71311 20.808653 71.610054 67.26812 50.32892 40.81666 23.600847 30.265491 66.52819 84.5281 22.803509 21.377558 29.546574 94.36631 22.0 42.44997 40.261642 72.18033 105.09519 33.83785
33.61547 51.0392 23.769728 51.739735 21.400934 58.60034 36.67424 25.495098 48.373547 41.62932 37.202152 47.010635 6.708204 15.6205 39.20459 53.037724 63.25346 0.0 45.221676 41.785164 19.235384 50.01 18.35756 39.051247 19.026299 19.026299 30.083218 28.01785 13.152946 44.38468 45.188496 24.839485 36.221542 42.520584 9.219544 38.470768 22.090721 23.600847 39.698868 53.935146 5.0 41.617306 40.459858 56.302753 39.217342 50.119858 52.201534 21.095022 39.012817 34.828148 45.54119 33.61547
20.22375 79.05694 22.671568 72.18033 23.853722 13.453624 31.622776 21.189621 20.615528 23.323807 8.062258 61.846584 48.76474 51.546097 13.928389 12.0 18.439089 45.221676 0.0 11.18034 56.61272 29.966648 27.018513 79.69943 30.805843 38.63936 29.15476 28.460499 33.941124 9.848858 8.062258 56.88585 78.92401 5.3851647 53.851646 55.578773 35.22783 24.04163 7.0 22.627417 48.270073 71.02816 6.0 17.464249 13.0 81.02469 14.422205 24.207438 25.079872 59.008472 88.391174 20.22375
26.076809 82.20097 18.027756 76.843994 22.090721 21.540659 38.27532 22.36068 30.88689 31.827662 11.401754 67.23094 46.572525 51.24451 21.931713 23.086792 26.925823 41.785164 11.18034 0.0 56.32051 19.416489 23.769728 79.07591 24.41311 40.1995 34.0147 19.416489 29.068884 2.828427 4.472136 58.00862 77.36925 14.764823 50.92151 60.083275 37.65634 25.317978 14.21267 14.866069 43.829212 73.552704 13.601471 14.56022 2.828427 83.48653 10.440307 21.377558 14.0 62.169125 86.833176 26.076809
39.446167 32.01562 39.0 34.48188 34.234486 69.079666 36.124783 35.44009 52.63079 44.687805 48.76474 32.55764 12.529964 5.0990195 46.52956 61.294373 72.91776 19.235384 56.61272 56.32051 0.0 67.74216 33.0 23.086792 36.878178 18.867962 32.01562 46.09772 30.805843 58.549126 58.855755 7.28011 23.021729 52.554733 13.601471 25.019993 23.021729 32.572994 49.979996 70.00714 22.022715 22.671568 50.92151 70.71068 54.147945 30.88689 66.61081 35.057095 56.568542 18.681541 32.24903 39.446167
44.598206 96.76776 29.732138 93.03763 35.846897 36.124783 56.727417 38.587563 50.24938 51.088158 30.479502 84.21995 56.142673 62.968246 41.231056 41.109608 41.01219 50.01 29.966648 19.416489 67.74216 0.0 35.44009 89.050545 31.06445 54.781384 51.613953 22.0 37.12142 20.12461 21.931713 71.063354 86.05231 34.132095 59.008472 76.47875 53.225933 41.18252 33.600594 11.401754 50.159744 87.64131 33.01515 20.22375 19.104973 97.26767 19.026299 34.176014 11.18034 77.25283 95.189285 44.598206
20.024984 61.351448 6.0 58.30952 4.1231055 40.459858 28.460499 10.049875 33.955853 29.017237 19.104973 50.447994 22.803509 28.01785 23.409399 35.805027 45.276924 18.35756 27.018513 23.769728 33.0 35.44009 0.0 55.443665 8.5440035 19.723083 21.540659 15.6205 7.615773 26.24881 26.925823 35.69314 53.600372 24.839485 27.313 42.201897 19.104973 10.198039 22.022715 37.01351 21.260292 52.201534 22.671568 38.327538 21.377558 61.846584 34.20526 2.828427 24.351591 42.047592 63.06346 20.024984
62.169125 27.166155 61.400326 37.336308 57.070133 92.11406 57.201397 58.5235 74.62573 66.573265 71.8401 42.154476 33.01515 28.160255 69.354164 84.095184 95.85406 39.051247 79.69943 79.07591 23.086792 89.050545 55.443665 0.0 58.00862 41.62932 54.20332 67.06713 52.0 81.394104 81.78631 24.41311 6.708204 75.61085 30.265491 38.27532 45.617977 55.65968 73.05477 92.34717 39.623226 22.561028 74.0 93.55747 76.79192 22.561028 89.44272 57.706154 78.00641 30.232433 10.816654 62.169125
28.071337 67.11929 8.5440035 65.21503 12.165525 44.04543 37.0 18.110771 41.303753 37.054016 23.70654 58.0 25.079872 32.280025 30.413813 41.14608 49.20366 19.026299 30.805843 24.41311 36.878178 31.06445 8.5440035 58.00862 0.0 26.907248 30.083218 9.219544 6.0827627 27.202942 28.42534 40.853397 55.226807 29.966648 28.160255 49.57822 27.018513 18.681541 27.313 35.17101 19.924858 57.77543 27.730848 38.470768 21.633308 67.06713 34.48188 10.049875 20.0 48.548943 64.49806 28.071337
20.59126 42.201897 25.079872 38.587563 18.973665 50.596443 18.788294 18.0 33.970577 26.172504 31.144823 31.112698 16.763054 14.21267 27.730848 42.48529 54.230988 19.026299 38.63936 40.1995 18.867962 54.781384 19.723083 41.62932 26.907248 0.0 13.453624 35.22783 22.022715 42.047592 42.0 18.248287 41.880783 34.20526 22.472204 22.671568 4.2426405 15.0 31.780497 54.74486 24.020824 33.37664 32.75668 54.0 38.470768 43.289722 50.01 20.615528 43.863426 22.472204 51.10773 20.59126
9.0 50.0 24.41311 43.174065 18.35756 39.45884 7.071068 13.453624 20.615528 12.727922 23.086792 33.24154 29.529646 27.58623 16.124516 30.364452 42.44997 30.083218 29.15476 34.0147 32.01562 51.613953 21.540659 54.20332 30.083218 13.453624 0.0 36.05551 27.45906 35.1141 34.48188 29.966648 55.0 24.020824 35.35534 26.476404 9.219544 11.661903 22.203604 48.8467 34.928497 42.296574 23.194826 46.09772 33.12099 52.23983 42.44997 20.59126 41.773197 30.066593 64.070274 9.0
31.95309 76.15773 11.661903 73.78347 17.804493 40.706264 42.544094 22.825424 43.185646 40.5216 23.086792 66.068146 34.234486 41.484936 32.24903 40.024994 46.06517 28.01785 28.460499 19.416489 46.09772 22.0 15.6205 67.06713 9.219544 35.22783 36.05551 0.0 15.297058 22.203604 23.853722 49.979996 64.070274 29.274563 37.01351 57.801384 34.713108 24.41311 27.073973 27.313 28.284271 66.85058 27.166155 32.01562 16.643316 76.2168 28.319605 15.6205 11.18034 57.306194 73.24616 31.95309
27.294687 61.269894 11.401754 59.816387 11.7046995 47.38143 34.525352 17.464249 41.484936 36.221542 26.24881 53.075417 19.026299 26.24881 31.016125 43.266617 52.34501 13.152946 33.941124 29.068884 30.805843 37.12142 7.615773 52.0 6.0827627 22.022715 27.45906 15.297058 0.0 31.764761 32.75668 34.928497 49.365982 32.202484 22.36068 44.553337 22.825424 17.029387 29.410883 40.792156 14.764823 51.894123 30.0 43.462627 26.400757 61.09828 39.39543 10.29563 26.019224 43.011627 58.694122 27.294687
26.832815 83.86298 20.615528 78.160095 24.33105 18.973665 38.948685 24.083189 30.232433 31.890438 12.083046 68.35203 49.0408 53.460266 22.022715 21.377558 24.351591 44.38468 9.848858 2.828427 58.549126 20.12461 26.24881 81.394104 27.202942 42.047592 35.1141 22.203604 31.764761 0.0 2.0 60.00833 79.81228 14.21267 53.488316 61.400326 39.319206 27.073973 14.21267 13.892444 46.52956 75.32596 13.453624 12.165525 5.656854 85.28775 8.062258 23.769728 16.124516 63.788715 89.28606 26.832815
26.0 83.60024 21.470911 77.62087 24.738634 17.088007 38.013157 24.0 28.600698 30.610456 11.401754 67.6757 49.648766 53.75872 20.808653 19.416489 22.472204 45.188496 8.062258 4.472136 58.855755 21.931713 26.925823 81.78631 28.42534 42.0 34.48188 23.853722 32.75668 2.0 0.0 60.074955 80.36168 12.727922 54.230988 60.876926 39.115215 27.0 13.038404 15.0 47.507893 75.16648 12.206555 12.0 7.2111025 85.146935 8.062258 24.351591 18.110771 63.505905 89.84431 26.0
38.27532 26.41969 41.59327 27.45906 36.124783 68.68042 32.80244 36.124783 50.24938 42.190044 49.365982 25.317978 18.384777 9.219544 45.54119 60.166435 72.11102 24.839485 56.88585 58.00862 7.28011 71.063354 35.69314 24.41311 40.853397 18.248287 29.966648 49.979996 34.928497 60.00833 60.074955 0.0 26.24881 52.392746 20.59126 18.027756 21.84033 33.13608 50.01 72.249565 28.319605 17.0 50.990196 72.06247 56.0803 26.24881 68.0294 37.336308 59.908264 11.401754 34.713108 38.27532
62.433964 33.54102 59.439045 43.046486 55.65968 91.706055 58.728188 57.77543 75.60423 67.62396 70.93659 46.840153 30.805843 27.784887 69.46222 84.21995 95.71311 36.221542 78.92401 77.36925 23.021729 86.05231 53.600372 6.708204 55.226807 41.880783 55.0 64.070274 49.365982 79.81228 80.36168 26.24881 0.0 75.153175 27.073973 42.047592 46.043457 55.03635 72.498276 90.0944 36.013885 28.071337 73.409805 91.92388 74.953316 29.12044 87.80091 56.044624 75.16648 34.0147 9.486833 62.433964
15.033297 74.00676 21.470911 66.910385 21.213203 16.552946 26.24881 17.492855 16.124516 18.027756 6.3245554 56.515484 45.486263 47.539455 8.5440035 11.18034 20.808653 42.520584 5.3851647 14.764823 52.554733 34.132095 24.839485 75.61085 29.966648 34.20526 24.020824 29.274563 32.202484 14.21267 12.727922 52.392746 75.153175 0.0 50.803543 50.358715 30.594116 20.12461 2.828427 27.658634 45.96738 66.1211 2.236068 22.847319 15.811388 76.105194 19.723083 22.022715 27.89265 54.00926 84.58132 15.033297
40.459858 45.276924 32.89377 48.02083 30.016663 67.11929 41.231056 33.42155 55.0 47.707443 45.79301 45.221676 5.8309517 12.369317 46.66905 60.959003 71.610054 9.219544 53.851646 50.92151 13.601471 59.008472 27.313 30.265491 28.160255 22.472204 35.35534 37.01351 22.36068 53.488316 54.230988 20.59126 27.073973 50.803543 0.0 37.107952 26.400757 31.144823 48.010414 63.15061 9.486833 36.069378 48.82622 65.459915 48.38388 43.60046 61.351448 29.966648 48.09366 31.780497 36.345562 40.459858
35.35534 24.5153 47.169907 16.763054 40.81666 65.00769 25.079872 38.078865 42.755116 35.22783 49.47727 8.602325 33.24154 24.738634 42.107006 55.145264 67.26812 38.470768 55.578773 60.083275 25.019993 76.47875 42.201897 38.27532 49.57822 22.671568 26.476404 57.801384 44.553337 61.400326 60.876926 18.027756 42.047592 50.358715 37.107952 0.0 23.323807 35.341194 48.6621 74.94665 42.953465 18.867962 49.648766 72.56721 58.872746 27.856777 68.88396 42.72002 65.863495 8.062258 49.09175 35.35534
16.552946 44.553337 23.853722 39.812057 17.492855 46.840153 14.866069 15.297058 29.732138 21.931713 28.0 31.400637 20.615528 18.439089 23.769728 38.483765 50.32892 22.090721 35.22783 37.65634 23.021729 53.225933 19.104973 45.617977 27.018513 4.2426405 9.219544 34.713108 22.825424 39.319206 39.115215 21.84033 46.043457 30.594116 26.400757 23.323807 0.0 12.369317 28.284271 52.392746 27.073973 36.05551 29.274563 51.088158 36.138622 46.043457 47.169907 19.416489 42.544094 24.5153 55.226807 16.552946
10.440307 56.88585 12.806249 52.0 6.708204 36.67424 18.384777 3.0 25.079872 19.235384 16.27882 43.046486 25.612497 27.513634 15.6205 29.832869 40.81666 23.600847 24.04163 25.317978 32.572994 41.18252 10.198039 55.65968 18.681541 15.0 11.661903 24.41311 17.029387 27.073973 27.0 33.13608 55.03635 20.12461 31.144823 35.341194 12.369317 0.0 17.464249 40.024994 27.784887 48.259712 18.384777 39.0 23.769728 58.21512 35.014282 8.944272 30.805843 36.878178 64.4748 10.440307
13.341664 72.06247 18.788294 65.30697 18.384777 19.235384 25.079872 14.764823 17.088007 17.691807 4.0 55.081757 42.72002 44.94441 7.81025 13.892444 23.600847 39.698868 7.0 14.21267 49.979996 33.600594 22.022715 73.05477 27.313 31.780497 22.203604 27.073973 29.410883 14.21267 13.038404 50.01 72.498276 2.828427 48.010414 48.6621 28.284271 17.464249 0.0 28.01785 43.13931 64.03124 1.0 24.04163 14.764823 74.02702 20.615528 19.209373 26.57066 52.009613 81.939 13.341664
40.706264 96.88137 31.016125 91.706055 36.124783 25.70992 52.83938 37.107952 43.185646 45.607018 25.942244 82.07923 59.413803 65.0 35.805027 32.24903 30.265491 53.935146 22.627417 14.866069 70.00714 11.401754 37.01351 92.34717 35.17101 54.74486 48.8467 27.313 40.792156 13.892444 15.0 72.249565 90.0944 27.658634 63.15061 74.94665 52.392746 40.024994 28.01785 0.0 55.081757 88.11924 27.202942 9.0 16.27882 98.005104 8.944272 35.014282 16.643316 76.902534 99.46356 40.706264
38.013157 54.037025 26.076809 55.605755 24.758837 61.7171 41.59327 29.410883 52.773098 46.238514 40.36087 51.42956 10.0 19.209373 43.266617 56.727417 66.52819 5.0 48.270073 43.829212 22.022715 50.159744 21.260292 39.623226 19.924858 24.020824 34.928497 28.284271 14.764823 46.52956 47.507893 28.319605 36.013885 45.96738 9.486833 42.953465 27.073973 27.784887 43.13931 55.081757 0.0 44.687805 43.840622 58.18075 41.14608 52.69725 54.129475 24.083189 39.45884 38.832977 45.044422 38.013157
51.24451 9.433981 57.974133 15.0 52.17279 81.7435 42.72002 51.24451 60.728905 52.886673 64.03124 20.248457 35.0 26.076809 58.420887 72.36712 84.5281 41.617306 71.02816 73.552704 22.671568 87.64131 52.201534 22.561028 57.77543 33.37664 42.296574 66.85058 51.894123 75.32596 75.16648 17.0 28.071337 66.1211 36.069378 18.867962 36.05551 48.259712 64.03124 88.11924 44.687805 0.0 65.03076 87.14356 71.84706 10.0 83.21658 53.600372 76.537575 12.369317 32.89377 51.24451
14.3178215 73.061615 19.235384 66.287254 19.104973 18.35756 26.0 15.652476 17.464249 18.439089 4.1231055 56.044624 43.56604 45.88028 8.602325 13.416408 22.803509 40.459858 6.0 13.601471 50.92151 33.01515 22.671568 74.0 27.730848 32.75668 23.194826 27.166155 30.0 13.453624 12.206555 50.990196 73.409805 2.236068 48.82622 49.648766 29.274563 18.384777 1.0 27.202942 43.840622 65.03076 0.0 23.086792 14.3178215 75.026665 19.697716 19.849434 26.24881 53.009434 82.85529 14.3178215
37.363083 95.524864 32.572994 89.26926 36.496574 17.088007 49.0408 36.0 37.01351 40.706264 23.194826 79.12016 61.13101 65.62012 31.38471 24.839485 21.377558 56.302753 17.464249 14.56022 70.71068 20.22375 38.327538 93.55747 38.470768 54.0 46.09772 32.01562 43.462627 12.165525 12.0 72.06247 91.92388 22.847319 65.459915 72.56721 51.088158 39.0 24.04163 9.0 58.18075 87.14356 23.086792 0.0 17.088007 97.128784 4.1231055 35.902645 22.803509 75.42546 101.390335 37.363083
25.612497 80.60397 15.524175 75.61085 20.0 24.166092 37.802116 20.880613 31.780497 32.01562 11.401754 66.211784 44.14748 49.09175 22.203604 25.0 29.546574 39.217342 13.0 2.828427 54.147945 19.104973 21.377558 76.79192 21.633308 38.470768 33.12099 16.643316 26.400757 5.656854 7.2111025 56.0803 74.953316 15.811388 48.38388 58.872746 36.138622 23.769728 14.764823 16.27882 41.14608 71.84706 14.3178215 17.088007 0.0 81.7435 13.0 19.104973 12.165525 60.63827 84.40379 25.612497
61.204575 5.3851647 67.68308 18.027756 61.983868 91.66242 52.392746 61.204575 70.34202 62.58594 74.02702 27.018513 43.416588 34.928497 68.359344 82.20097 94.36631 50.119858 81.02469 83.48653 30.88689 97.26767 61.846584 22.561028 67.06713 43.289722 52.23983 76.2168 61.09828 85.28775 85.146935 26.24881 29.12044 76.105194 43.60046 27.856777 46.043457 58.21512 74.02702 98.005104 52.69725 10.0 75.026665 97.128784 81.7435 0.0 93.193344 63.348244 86.127815 22.203604 31.016125 61.204575
33.83785 91.66242 28.460499 85.61542 32.38827 17.117243 45.694637 32.01562 34.655445 37.735924 19.416489 75.58439 57.00877 61.522354 28.178005 23.323807 22.0 52.201534 14.422205 10.440307 66.61081 19.026299 34.20526 89.44272 34.48188 50.01 42.44997 28.319605 39.39543 8.062258 8.062258 68.0294 87.80091 19.723083 61.351448 68.88396 47.169907 35.014282 20.615528 8.944272 54.129475 83.21658 19.697716 4.1231055 13.0 93.193344 0.0 31.780497 19.723083 71.568146 97.26767 33.83785
18.027756 62.641838 4.472136 59.05929 2.236068 37.64306 27.313 8.062258 31.575306 27.018513 16.27882 50.803543 25.298222 30.016663 20.880613 33.01515 42.44997 21.095022 24.207438 21.377558 35.057095 34.176014 2.828427 57.706154 10.049875 20.615528 20.59126 15.6205 10.29563 23.769728 24.351591 37.336308 56.044624 22.022715 29.966648 42.72002 19.416489 8.944272 19.209373 35.014282 24.083189 53.600372 19.849434 35.902645 19.104973 63.348244 31.780497 0.0 23.259407 43.081318 65.52099 18.027756
35.608986 85.70297 18.788294 82.29824 25.059929 34.928497 47.423622 28.42534 43.65776 43.046486 22.847319 73.78347 45.044422 51.78803 33.54102 37.054016 40.261642 39.012817 25.079872 14.0 56.568542 11.18034 24.351591 78.00641 20.0 43.863426 41.773197 11.18034 26.019224 16.124516 18.110771 59.908264 75.16648 27.89265 48.09366 65.863495 42.544094 30.805843 26.57066 16.643316 39.45884 76.537575 26.24881 22.803509 12.165525 86.127815 19.723083 23.259407 0.0 66.309875 84.38009 35.608986
39.051247 20.09975 47.539455 16.970562 41.4367 69.46222 30.364452 39.812057 48.38388 40.5216 52.23983 14.035668 28.84441 19.723083 46.173584 60.016663 72.18033 34.828148 59.008472 62.169125 18.681541 77.25283 42.047592 30.232433 48.548943 22.472204 30.066593 57.306194 43.011627 63.788715 63.505905 11.401754 34.0147 54.00926 31.780497 8.062258 24.5153 36.878178 52.009613 76.902534 38.832977 12.369317 53.009434 75.42546 60.63827 22.203604 71.568146 43.081318 66.309875 0.0 41.04875 39.051247
71.693794 36.124783 68.88396 47.296936 65.14599 101.133575 67.47592 67.23094 84.6286 76.6094 80.411446 52.801514 40.261642 37.12142 78.77182 93.53609 105.09519 45.54119 88.391174 86.833176 32.24903 95.189285 63.06346 10.816654 64.49806 51.10773 64.070274 73.24616 58.694122 89.28606 89.84431 34.713108 9.486833 84.58132 36.345562 49.09175 55.226807 64.4748 81.939 99.46356 45.044422 32.89377 82.85529 101.390335 84.40379 31.016125 97.26767 65.52099 84.38009 41.04875 0.0 71.693794
0.0 59.0 20.615528 51.971146 16.0 30.594116 12.206555 10.0 14.764823 9.0 14.764823 41.761227 34.713108 34.669872 7.28011 21.931713 33.83785 33.61547 20.22375 26.076809 39.446167 44.598206 20.024984 62.169125 28.071337 20.59126 9.0 31.95309 27.294687 26.832815 26.0 38.27532 62.433964 15.033297 40.459858 35.35534 16.552946 10.440307 13.341664 40.706264 38.013157 51.24451 14.3178215 37.363083 25.612497 61.204575 33.83785 18.027756 35.608986 39.051247 71.693794 0.0
p
0 0 0 0 0 0
0 0 0 0 0 0
0 0 0 0 0 0
0 0 0 0 0 0
0 0 0 0 0 0
0 0 0 0 0 0
0 0 0 0 0 0
0 0 0 0 0 0
0 0 0 0 0 0
0 0 0 0 0 0
17.0 17.0 17.0 17.0 17.0 17.0
17.0 17.0 17.0 17.0 17.0 17.0
17.0 17.0 17.0 17.0 17.0 17.0
17.0 17.0 17.0 17.0 17.0 17.0
17.0 17.0 17.0 17.0 17.0 17.0
17.0 17.0 17.0 17.0 17.0 17.0
17.0 17.0 17.0 17.0 17.0 17.0
17.0 17.0 17.0 17.0 17.0 17.0
17.0 17.0 17.0 17.0 17.0 17.0
17.0 17.0 17.0 17.0 17.0 17.0
17.0 17.0 17.0 17.0 17.0 17.0
17.0 17.0 17.0 17.0 17.0 17.0
17.0 17.0 17.0 17.0 17.0 17.0
17.0 17.0 17.0 17.0 17.0 17.0
17.0 17.0 17.0 17.0 17.0 17.0
17.0 17.0 17.0 17.0 17.0 17.0
17.0 17.0 17.0 17.0 17.0 17.0
17.0 17.0 17.0 17.0 17.0 17.0
17.0 17.0 17.0 17.0 17.0 17.0
17.0 17.0 17.0 17.0 17.0 17.0
17.0 17.0 17.0 17.0 17.0 17.0
17.0 17.0 17.0 17.0 17.0 17.0
17.0 17.0 17.0 17.0 17.0 17.0
17.0 17.0 17.0 17.0 17.0 17.0
17.0 17.0 17.0 17.0 17.0 17.0
17.0 17.0 17.0 17.0 17.0 17.0
17.0 17.0 17.0 17.0 17.0 17.0
17.0 17.0 17.0 17.0 17.0 17.0
17.0 17.0 17.0 17.0 17.0 17.0
17.0 17.0 17.0 17.0 17.0 17.0
17.0 17.0 17.0 17.0 17.0 17.0
17.0 17.0 17.0 17.0 17.0 17.0
17.0 17.0 17.0 17.0 17.0 17.0
17.0 17.0 17.0 17.0 17.0 17.0
17.0 17.0 17.0 17.0 17.0 17.0
17.0 17.0 17.0 17.0 17.0 17.0
17.0 17.0 17.0 17.0 17.0 17.0
17.0 17.0 17.0 17.0 17.0 17.0
17.0 17.0 17.0 17.0 17.0 17.0
17.0 17.0 17.0 17.0 17.0 17.0
17.0 17.0 17.0 17.0 17.0 17.0
17.0 17.0 17.0 17.0 17.0 17.0
17.0 17.0 17.0 17.0 17.0 17.0
17.0 17.0 17.0 17.0 17.0 17.0
17.0 17.0 17.0 17.0 17.0 17.0
17.0 17.0 17.0 17.0 17.0 17.0
17.0 17.0 17.0 17.0 17.0 17.0
17.0 17.0 17.0 17.0 17.0 17.0
17.0 17.0 17.0 17.0 17.0 17.0
17.0 17.0 17.0 17.0 17.0 17.0
17.0 17.0 17.0 17.0 17.0 17.0
17.0 17.0 17.0 17.0 17.0 17.0
17.0 17.0 17.0 17.0 17.0 17.0
17.0 17.0 17.0 17.0 17.0 17.0
17.0 17.0 17.0 17.0 17.0 17.0
17.0 17.0 17.0 17.0 17.0 17.0
17.0 17.0 17.0 17.0 17.0 17.0
17.0 17.0 17.0 17.0 17.0 17.0
17.0 17.0 17.0 17.0 17.0 17.0
17.0 17.0 17.0 17.0 17.0 17.0
17.0 17.0 17.0 17.0 17.0 17.0
17.0 17.0 17.0 17.0 17.0 17.0
17.0 17.0 17.0 17.0 17.0 17.0
17.0 17.0 17.0 17.0 17.0 17.0
17.0 17.0 17.0 17.0 17.0 17.0
17.0 17.0 17.0 17.0 17.0 17.0
17.0 17.0 17.0 17.0 17.0 17.0
17.0 17.0 17.0 17.0 17.0 17.0
17.0 17.0 17.0 17.0 17.0 17.0
17.0 17.0 17.0 17.0 17.0 17.0
17.0 17.0 17.0 17.0 17.0 17.0
17.0 17.0 17.0 17.0 17.0 17.0
17.0 17.0 17.0 17.0 17.0 17.0
17.0 17.0 17.0 17.0 17.0 17.0
17.0 17.0 17.0 17.0 17.0 17.0
17.0 17.0 17.0 17.0 17.0 17.0
17.0 17.0 17.0 17.0 17.0 17.0
17.0 17.0 17.0 17.0 17.0 17.0
17.0 17.0 17.0 17.0 17.0 17.0
17.0 17.0 17.0 17.0 17.0 17.0
17.0 17.0 17.0 17.0 17.0 17.0
17.0 17.0 17.0 17.0 17.0 17.0
17.0 17.0 17.0 17.0 17.0 17.0
17.0 17.0 17.0 17.0 17.0 17.0
17.0 17.0 17.0 17.0 17.0 17.0
17.0 17.0 17.0 17.0 17.0 17.0
17.0 17.0 17.0 17.0 17.0 17.0
17.0 17.0 17.0 17.0 17.0 17.0
17.0 17.0 17.0 17.0 17.0 17.0
17.0 17.0 17.0 17.0 17.0 17.0
17.0 17.0 17.0 17.0 17.0 17.0
17.0 17.0 17.0 17.0 17.0 17.0
17.0 17.0 17.0 17.0 17.0 17.0
17.0 17.0 17.0 17.0 17.0 17.0
17.0 17.0 17.0 17.0 17.0 17.0
17.0 17.0 17.0 17.0 17.0 17.0
17.0 17.0 17.0 17.0 17.0 17.0
17.0 17.0 17.0 17.0 17.0 17.0
17.0 17.0 17.0 17.0 17.0 17.0
17.0 17.0 17.0 17.0 17.0 17.0
17.0 17.0 17.0 17.0 17.0 17.0
17.0 17.0 17.0 17.0 17.0 17.0
17.0 17.0 17.0 17.0 17.0 17.0
17.0 17.0 17.0 17.0 17.0 17.0
17.0 17.0 17.0 17.0 17.0 17.0
17.0 17.0 17.0 17.0 17.0 17.0
17.0 17.0 17.0 17.0 17.0 17.0
17.0 17.0 17.0 17.0 17.0 17.0
17.0 17.0 17.0 17.0 17.0 17.0
17.0 17.0 17.0 17.0 17.0 17.0
17.0 17.0 17.0 17.0 17.0 17.0
17.0 17.0 17.0 17.0 17.0 17.0
17.0 17.0 17.0 17.0 17.0 17.0
17.0 17.0 17.0 17.0 17.0 17.0
17.0 17.0 17.0 17.0 17.0 17.0
17.0 17.0 17.0 17.0 17.0 17.0
17.0 17.0 17.0 17.0 17.0 17.0
17.0 17.0 17.0 17.0 17.0 17.0
17.0 17.0 17.0 17.0 17.0 17.0
17.0 17.0 17.0 17.0 17.0 17.0
17.0 17.0 17.0 17.0 17.0 17.0
17.0 17.0 17.0 17.0 17.0 17.0
17.0 17.0 17.0 17.0 17.0 17.0
17.0 17.0 17.0 17.0 17.0 17.0
17.0 17.0 17.0 17.0 17.0 17.0
17.0 17.0 17.0 17.0 17.0 17.0
17.0 17.0 17.0 17.0 17.0 17.0
17.0 17.0 17.0 17.0 17.0 17.0
17.0 17.0 17.0 17.0 17.0 17.0
17.0 17.0 17.0 17.0 17.0 17.0
17.0 17.0 17.0 17.0 17.0 17.0
17.0 17.0 17.0 17.0 17.0 17.0
17.0 17.0 17.0 17.0 17.0 17.0
17.0 17.0 17.0 17.0 17.0 17.0
17.0 17.0 17.0 17.0 17.0 17.0
17.0 17.0 17.0 17.0 17.0 17.0
17.0 17.0 17.0 17.0 17.0 17.0
17.0 17.0 17.0 17.0 17.0 17.0
17.0 17.0 17.0 17.0 17.0 17.0
17.0 17.0 17.0 17.0 17.0 17.0
17.0 17.0 17.0 17.0 17.0 17.0
17.0 17.0 17.0 17.0 17.0 17.0
17.0 17.0 17.0 17.0 17.0 17.0
17.0 17.0 17.0 17.0 17.0 17.0
17.0 17.0 17.0 17.0 17.0 17.0
17.0 17.0 17.0 17.0 17.0 17.0
17.0 17.0 17.0 17.0 17.0 17.0
17.0 17.0 17.0 17.0 17.0 17.0
17.0 17.0 17.0 17.0 17.0 17.0
17.0 17.0 17.0 17.0 17.0 17.0
17.0 17.0 17.0 17.0 17.0 17.0
17.0 17.0 17.0 17.0 17.0 17.0
17.0 17.0 17.0 17.0 17.0 17.0
17.0 17.0 17.0 17.0 17.0 17.0
17.0 17.0 17.0 17.0 17.0 17.0
17.0 17.0 17.0 17.0 17.0 17.0
17.0 17.0 17.0 17.0 17.0 17.0
17.0 17.0 17.0 17.0 17.0 17.0
17.0 17.0 17.0 17.0 17.0 17.0
17.0 17.0 17.0 17.0 17.0 17.0
17.0 17.0 17.0 17.0 17.0 17.0
17.0 17.0 17.0 17.0 17.0 17.0
17.0 17.0 17.0 17.0 17.0 17.0
17.0 17.0 17.0 17.0 17.0 17.0
17.0 17.0 17.0 17.0 17.0 17.0
17.0 17.0 17.0 17.0 17.0 17.0
17.0 17.0 17.0 17.0 17.0 17.0
17.0 17.0 17.0 17.0 17.0 17.0
17.0 17.0 17.0 17.0 17.0 17.0
17.0 17.0 17.0 17.0 17.0 17.0
17.0 17.0 17.0 17.0 17.0 17.0
17.0 17.0 17.0 17.0 17.0 17.0
17.0 17.0 17.0 17.0 17.0 17.0
17.0 17.0 17.0 17.0 17.0 17.0
17.0 17.0 17.0 17.0 17.0 17.0
17.0 17.0 17.0 17.0 17.0 17.0
17.0 17.0 17.0 17.0 17.0 17.0
17.0 17.0 17.0 17.0 17.0 17.0
17.0 17.0 17.0 17.0 17.0 17.0
17.0 17.0 17.0 17.0 17.0 17.0
17.0 17.0 17.0 17.0 17.0 17.0
17.0 17.0 17.0 17.0 17.0 17.0
17.0 17.0 17.0 17.0 17.0 17.0
17.0 17.0 17.0 17.0 17.0 17.0
17.0 17.0 17.0 17.0 17.0 17.0
17.0 17.0 17.0 17.0 17.0 17.0
17.0 17.0 17.0 17.0 17.0 17.0
17.0 17.0 17.0 17.0 17.0 17.0
17.0 17.0 17.0 17.0 17.0 17.0
17.0 17.0 17.0 17.0 17.0 17.0
17.0 17.0 17.0 17.0 17.0 17.0
17.0 17.0 17.0 17.0 17.0 17.0
17.0 17.0 17.0 17.0 17.0 17.0
17.0 17.0 17.0 17.0 17.0 17.0
17.0 17.0 17.0 17.0 17.0 17.0
17.0 17.0 17.0 17.0 17.0 17.0
17.0 17.0 17.0 17.0 17.0 17.0
17.0 17.0 17.0 17.0 17.0 17.0
17.0 17.0 17.0 17.0 17.0 17.0
17.0 17.0 17.0 17.0 17.0 17.0
17.0 17.0 17.0 17.0 17.0 17.0
17.0 17.0 17.0 17.0 17.0 17.0
17.0 17.0 17.0 17.0 17.0 17.0
17.0 17.0 17.0 17.0 17.0 17.0
17.0 17.0 17.0 17.0 17.0 17.0
17.0 17.0 17.0 17.0 17.0 17.0
17.0 17.0 17.0 17.0 17.0 17.0
17.0 17.0 17.0 17.0 17.0 17.0
17.0 17.0 17.0 17.0 17.0 17.0
17.0 17.0 17.0 17.0 17.0 17.0
17.0 17.0 17.0 17.0 17.0 17.0
17.0 17.0 17.0 17.0 17.0 17.0
17.0 17.0 17.0 17.0 17.0 17.0
17.0 17.0 17.0 17.0 17.0 17.0
17.0 17.0 17.0 17.0 17.0 17.0
17.0 17.0 17.0 17.0 17.0 17.0
17.0 17.0 17.0 17.0 17.0 17.0
17.0 17.0 17.0 17.0 17.0 17.0
17.0 17.0 17.0 17.0 17.0 17.0
17.0 17.0 17.0 17.0 17.0 17.0
17.0 17.0 17.0 17.0 17.0 17.0
17.0 17.0 17.0 17.0 17.0 17.0
17.0 17.0 17.0 17.0 17.0 17.0
17.0 17.0 17.0 17.0 17.0 17.0
17.0 17.0 17.0 17.0 17.0 17.0
17.0 17.0 17.0 17.0 17.0 17.0
17.0 17.0 17.0 17.0 17.0 17.0
17.0 17.0 17.0 17.0 17.0 17.0
17.0 17.0 17.0 17.0 17.0 17.0
17.0 17.0 17.0 17.0 17.0 17.0
17.0 17.0 17.0 17.0 17.0 17.0
17.0 17.0 17.0 17.0 17.0 17.0
17.0 17.0 17.0 17.0 17.0 17.0
17.0 17.0 17.0 17.0 17.0 17.0
17.0 17.0 17.0 17.0 17.0 17.0
17.0 17.0 17.0 17.0 17.0 17.0
17.0 17.0 17.0 17.0 17.0 17.0
17.0 17.0 17.0 17.0 17.0 17.0
17.0 17.0 17.0 17.0 17.0 17.0
17.0 17.0 17.0 17.0 17.0 17.0
17.0 17.0 17.0 17.0 17.0 17.0
17.0 17.0 17.0 17.0 17.0 17.0
17.0 17.0 17.0 17.0 17.0 17.0
17.0 17.0 17.0 17.0 17.0 17.0
17.0 17.0 17.0 17.0 17.0 17.0
17.0 17.0 17.0 17.0 17.0 17.0
17.0 17.0 17.0 17.0 17.0 17.0
17.0 17.0 17.0 17.0 17.0 17.0
17.0 17.0 17.0 17.0 17.0 17.0
17.0 17.0 17.0 17.0 17.0 17.0
17.0 17.0 17.0 17.0 17.0 17.0
17.0 17.0 17.0 17.0 17.0 17.0
17.0 17.0 17.0 17.0 17.0 17.0
17.0 17.0 17.0 17.0 17.0 17.0
17.0 17.0 17.0 17.0 17.0 17.0
17.0 17.0 17.0 17.0 17.0 17.0
17.0 17.0 17.0 17.0 17.0 17.0
17.0 17.0 17.0 17.0 17.0 17.0
17.0 17.0 17.0 17.0 17.0 17.0
17.0 17.0 17.0 17.0 17.0 17.0
17.0 17.0 17.0 17.0 17.0 17.0
17.0 17.0 17.0 17.0 17.0 17.0
17.0 17.0 17.0 17.0 17.0 17.0
17.0 17.0 17.0 17.0 17.0 17.0
17.0 17.0 17.0 17.0 17.0 17.0
17.0 17.0 17.0 17.0 17.0 17.0
17.0 17.0 17.0 17.0 17.0 17.0
17.0 17.0 17.0 17.0 17.0 17.0
17.0 17.0 17.0 17.0 17.0 17.0
17.0 17.0 17.0 17.0 17.0 17.0
17.0 17.0 17.0 17.0 17.0 17.0
17.0 17.0 17.0 17.0 17.0 17.0
17.0 17.0 17.0 17.0 17.0 17.0
17.0 17.0 17.0 17.0 17.0 17.0
17.0 17.0 17.0 17.0 17.0 17.0
17.0 17.0 17.0 17.0 17.0 17.0
17.0 17.0 17.0 17.0 17.0 17.0
17.0 17.0 17.0 17.0 17.0 17.0
17.0 17.0 17.0 17.0 17.0 17.0
17.0 17.0 17.0 17.0 17.0 17.0
17.0 17.0 17.0 17.0 17.0 17.0
17.0 17.0 17.0 17.0 17.0 17.0
17.0 17.0 17.0 17.0 17.0 17.0
17.0 17.0 17.0 17.0 17.0 17.0
17.0 17.0 17.0 17.0 17.0 17.0
17.0 17.0 17.0 17.0 17.0 17.0
17.0 17.0 17.0 17.0 17.0 17.0
17.0 17.0 17.0 17.0 17.0 17.0
17.0 17.0 17.0 17.0 17.0 17.0
17.0 17.0 17.0 17.0 17.0 17.0
17.0 17.0 17.0 17.0 17.0 17.0
17.0 17.0 17.0 17.0 17.0 17.0
17.0 17.0 17.0 17.0 17.0 17.0
17.0 17.0 17.0 17.0 17.0 17.0
17.0 17.0 17.0 17.0 17.0 17.0
17.0 17.0 17.0 17.0 17.0 17.0
17.0 17.0 17.0 17.0 17.0 17.0
17.0 17.0 17.0 17.0 17.0 17.0
17.0 17.0 17.0 17.0 17.0 17.0
17.0 17.0 17.0 17.0 17.0 17.0
17.0 17.0 17.0 17.0 17.0 17.0
17.0 17.0 17.0 17.0 17.0 17.0
17.0 17.0 17.0 17.0 17.0 17.0
17.0 17.0 17.0 17.0 17.0 17.0
17.0 17.0 17.0 17.0 17.0 17.0
17.0 17.0 17.0 17.0 17.0 17.0
17.0 17.0 17.0 17.0 17.0 17.0
17.0 17.0 17.0 17.0 17.0 17.0
17.0 17.0 17.0 17.0 17.0 17.0
17.0 17.0 17.0 17.0 17.0 17.0
17.0 17.0 17.0 17.0 17.0 17.0
17.0 17.0 17.0 17.0 17.0 17.0
17.0 17.0 17.0 17.0 17.0 17.0
17.0 17.0 17.0 17.0 17.0 17.0
17.0 17.0 17.0 17.0 17.0 17.0
17.0 17.0 17.0 17.0 17.0 17.0
17.0 17.0 17.0 17.0 17.0 17.0
17.0 17.0 17.0 17.0 17.0 17.0
17.0 17.0 17.0 17.0 17.0 17.0
17.0 17.0 17.0 17.0 17.0 17.0
17.0 17.0 17.0 17.0 17.0 17.0
17.0 17.0 17.0 17.0 17.0 17.0
17.0 17.0 17.0 17.0 17.0 17.0
17.0 17.0 17.0 17.0 17.0 17.0
17.0 17.0 17.0 17.0 17.0 17.0
17.0 17.0 17.0 17.0 17.0 17.0
17.0 17.0 17.0 17.0 17.0 17.0
17.0 17.0 17.0 17.0 17.0 17.0
17.0 17.0 17.0 17.0 17.0 17.0
17.0 17.0 17.0 17.0 17.0 17.0
17.0 17.0 17.0 17.0 17.0 17.0
17.0 17.0 17.0 17.0 17.0 17.0
17.0 17.0 17.0 17.0 17.0 17.0
17.0 17.0 17.0 17.0 17.0 17.0
17.0 17.0 17.0 17.0 17.0 17.0
17.0 17.0 17.0 17.0 17.0 17.0
17.0 17.0 17.0 17.0 17.0 17.0
17.0 17.0 17.0 17.0 17.0 17.0
17.0 17.0 17.0 17.0 17.0 17.0
17.0 17.0 17.0 17.0 17.0 17.0
17.0 17.0 17.0 17.0 17.0 17.0
17.0 17.0 17.0 17.0 17.0 17.0
17.0 17.0 17.0 17.0 17.0 17.0
17.0 17.0 17.0 17.0 17.0 17.0
17.0 17.0 17.0 17.0 17.0 17.0
17.0 17.0 17.0 17.0 17.0 17.0
17.0 17.0 17.0 17.0 17.0 17.0
17.0 17.0 17.0 17.0 17.0 17.0
17.0 17.0 17.0 17.0 17.0 17.0
17.0 17.0 17.0 17.0 17.0 17.0
17.0 17.0 17.0 17.0 17.0 17.0
17.0 17.0 17.0 17.0 17.0 17.0
17.0 17.0 17.0 17.0 17.0 17.0
17.0 17.0 17.0 17.0 17.0 17.0
17.0 17.0 17.0 17.0 17.0 17.0
17.0 17.0 17.0 17.0 17.0 17.0
17.0 17.0 17.0 17.0 17.0 17.0
17.0 17.0 17.0 17.0 17.0 17.0
17.0 17.0 17.0 17.0 17.0 17.0
17.0 17.0 17.0 17.0 17.0 17.0
17.0 17.0 17.0 17.0 17.0 17.0
17.0 17.0 17.0 17.0 17.0 17.0
17.0 17.0 17.0 17.0 17.0 17.0
17.0 17.0 17.0 17.0 17.0 17.0
17.0 17.0 17.0 17.0 17.0 17.0
17.0 17.0 17.0 17.0 17.0 17.0
17.0 17.0 17.0 17.0 17.0 17.0
17.0 17.0 17.0 17.0 17.0 17.0
17.0 17.0 17.0 17.0 17.0 17.0
17.0 17.0 17.0 17.0 17.0 17.0
17.0 17.0 17.0 17.0 17.0 17.0
17.0 17.0 17.0 17.0 17.0 17.0
17.0 17.0 17.0 17.0 17.0 17.0
17.0 17.0 17.0 17.0 17.0 17.0
17.0 17.0 17.0 17.0 17.0 17.0
17.0 17.0 17.0 17.0 17.0 17.0
17.0 17.0 17.0 17.0 17.0 17.0
17.0 17.0 17.0 17.0 17.0 17.0
17.0 17.0 17.0 17.0 17.0 17.0
17.0 17.0 17.0 17.0 17.0 17.0
17.0 17.0 17.0 17.0 17.0 17.0
17.0 17.0 17.0 17.0 17.0 17.0
17.0 17.0 17.0 17.0 17.0 17.0
17.0 17.0 17.0 17.0 17.0 17.0
17.0 17.0 17.0 17.0 17.0 17.0
17.0 17.0 17.0 17.0 17.0 17.0
17.0 17.0 17.0 17.0 17.0 17.0
17.0 17.0 17.0 17.0 17.0 17.0
17.0 17.0 17.0 17.0 17.0 17.0
17.0 17.0 17.0 17.0 17.0 17.0
17.0 17.0 17.0 17.0 17.0 17.0
17.0 17.0 17.0 17.0 17.0 17.0
17.0 17.0 17.0 17.0 17.0 17.0
17.0 17.0 17.0 17.0 17.0 17.0
17.0 17.0 17.0 17.0 17.0 17.0
17.0 17.0 17.0 17.0 17.0 17.0
17.0 17.0 17.0 17.0 17.0 17.0
17.0 17.0 17.0 17.0 17.0 17.0
17.0 17.0 17.0 17.0 17.0 17.0
17.0 17.0 17.0 17.0 17.0 17.0
17.0 17.0 17.0 17.0 17.0 17.0
17.0 17.0 17.0 17.0 17.0 17.0
17.0 17.0 17.0 17.0 17.0 17.0
17.0 17.0 17.0 17.0 17.0 17.0
17.0 17.0 17.0 17.0 17.0 17.0
17.0 17.0 17.0 17.0 17.0 17.0
17.0 17.0 17.0 17.0 17.0 17.0
17.0 17.0 17.0 17.0 17.0 17.0
17.0 17.0 17.0 17.0 17.0 17.0
17.0 17.0 17.0 17.0 17.0 17.0
17.0 17.0 17.0 17.0 17.0 17.0
17.0 17.0 17.0 17.0 17.0 17.0
17.0 17.0 17.0 17.0 17.0 17.0
17.0 17.0 17.0 17.0 17.0 17.0
17.0 17.0 17.0 17.0 17.0 17.0
17.0 17.0 17.0 17.0 17.0 17.0
17.0 17.0 17.0 17.0 17.0 17.0
17.0 17.0 17.0 17.0 17.0 17.0
17.0 17.0 17.0 17.0 17.0 17.0
17.0 17.0 17.0 17.0 17.0 17.0
17.0 17.0 17.0 17.0 17.0 17.0
17.0 17.0 17.0 17.0 17.0 17.0
17.0 17.0 17.0 17.0 17.0 17.0
17.0 17.0 17.0 17.0 17.0 17.0
17.0 17.0 17.0 17.0 17.0 17.0
17.0 17.0 17.0 17.0 17.0 17.0
17.0 17.0 17.0 17.0 17.0 17.0
17.0 17.0 17.0 17.0 17.0 17.0
17.0 17.0 17.0 17.0 17.0 17.0
17.0 17.0 17.0 17.0 17.0 17.0
17.0 17.0 17.0 17.0 17.0 17.0
17.0 17.0 17.0 17.0 17.0 17.0
17.0 17.0 17.0 17.0 17.0 17.0
17.0 17.0 17.0 17.0 17.0 17.0
17.0 17.0 17.0 17.0 17.0 17.0
17.0 17.0 17.0 17.0 17.0 17.0
17.0 17.0 17.0 17.0 17.0 17.0
17.0 17.0 17.0 17.0 17.0 17.0
17.0 17.0 17.0 17.0 17.0 17.0
17.0 17.0 17.0 17.0 17.0 17.0
17.0 17.0 17.0 17.0 17.0 17.0
17.0 17.0 17.0 17.0 17.0 17.0
17.0 17.0 17.0 17.0 17.0 17.0
17.0 17.0 17.0 17.0 17.0 17.0
17.0 17.0 17.0 17.0 17.0 17.0
17.0 17.0 17.0 17.0 17.0 17.0
17.0 17.0 17.0 17.0 17.0 17.0
17.0 17.0 17.0 17.0 17.0 17.0
17.0 17.0 17.0 17.0 17.0 17.0
17.0 17.0 17.0 17.0 17.0 17.0
17.0 17.0 17.0 17.0 17.0 17.0
17.0 17.0 17.0 17.0 17.0 17.0
17.0 17.0 17.0 17.0 17.0 17.0
17.0 17.0 17.0 17.0 17.0 17.0
17.0 17.0 17.0 17.0 17.0 17.0
17.0 17.0 17.0 17.0 17.0 17.0
