nbNodes
102
nbVehi
20
nbServi
6
r
1 1 1 1 1 1 
0 0 0 0 1 0 
0 0 1 0 0 0 
0 0 0 1 0 0 
0 0 0 0 1 0 
0 0 0 0 1 0 
0 0 0 0 1 0 
0 0 0 0 1 0 
0 0 0 0 0 1 
1 0 0 0 0 0 
1 0 0 0 0 0 
1 0 0 0 0 0 
1 0 0 0 0 0 
1 0 0 0 0 0 
0 1 0 0 0 0 
0 1 0 0 0 0 
0 0 0 0 1 0 
0 0 0 1 0 0 
1 0 0 0 0 0 
0 0 0 1 0 0 
0 0 0 1 0 0 
0 0 0 0 1 0 
0 0 1 0 0 0 
0 0 0 1 0 0 
0 1 0 0 0 0 
0 0 1 0 0 0 
0 0 1 0 0 0 
0 0 0 1 0 0 
0 0 0 0 1 0 
1 0 0 0 0 0 
0 0 0 0 0 1 
0 0 0 1 0 0 
0 0 0 1 0 0 
0 1 0 0 0 0 
0 0 0 1 0 0 
0 0 0 1 0 0 
0 0 1 0 0 0 
0 0 0 0 1 0 
1 0 0 0 0 0 
1 0 0 0 0 0 
0 0 1 0 0 0 
0 0 0 0 0 1 
0 0 1 0 0 0 
0 0 0 1 0 0 
0 0 0 1 0 0 
0 1 0 0 0 0 
0 1 0 0 0 0 
0 0 0 0 1 0 
0 0 0 1 0 0 
0 0 0 0 1 0 
1 0 0 0 0 0 
1 0 0 0 0 0 
0 0 0 1 0 0 
1 0 0 0 0 0 
0 0 1 0 0 0 
0 0 0 0 1 0 
0 0 0 0 1 0 
1 0 0 0 0 0 
0 0 0 1 0 0 
1 0 0 0 0 0 
0 0 0 1 0 0 
0 0 0 0 1 0 
0 0 0 1 0 0 
1 0 0 0 0 0 
0 1 0 0 0 0 
0 0 1 0 0 0 
0 0 0 1 0 0 
0 0 1 0 0 0 
0 1 0 0 0 0 
0 0 0 0 0 1 
0 0 0 0 0 1 
0 0 0 1 1 0 
0 0 0 1 1 0 
0 0 0 1 0 1 
0 0 0 1 1 0 
0 0 0 0 1 1 
0 0 0 1 1 0 
0 0 0 1 1 0 
0 0 0 0 1 1 
0 0 0 1 1 0 
0 0 0 1 1 0 
0 0 0 0 1 1 
0 0 0 1 1 0 
0 0 0 1 0 1 
0 0 0 1 1 0 
0 0 0 0 1 1 
0 1 0 1 0 0 
0 0 1 0 0 1 
0 0 1 0 1 0 
0 0 1 1 0 0 
1 0 0 1 0 0 
1 0 0 0 1 0 
0 0 1 1 0 0 
1 0 0 1 0 0 
0 1 0 0 0 1 
0 0 1 1 0 0 
1 0 0 0 0 1 
0 0 1 0 0 1 
0 1 0 0 1 0 
0 0 1 1 0 0 
0 1 0 0 1 0 
1 1 1 1 1 1 
DS
72 73 74 75 76 77 78 79 80 81 82 83 84 85 86 87 88 89 90 91 92 93 94 95 96 97 98 99 100 101 
a
1 1 1 0 0 0 
1 1 1 0 0 0 
1 1 0 0 0 0 
0 0 1 0 0 0 
0 1 1 0 0 0 
0 0 1 0 0 0 
1 0 1 0 0 0 
0 0 0 1 1 1 
0 0 0 1 1 1 
0 0 0 1 1 0 
0 0 0 1 1 1 
0 0 0 1 1 0 
0 0 0 1 1 0 
0 0 0 1 0 1 
0 0 0 1 1 1 
0 0 0 1 0 1 
0 0 0 1 0 1 
0 0 0 1 1 1 
0 0 0 1 1 0 
0 0 0 1 1 0 
x
36 85 80 68 50 0 8 95 61 7 42 83 18 39 76 23 79 35 18 46 25 73 33 12 76 12 94 44 8 26 74 96 72 20 29 54 37 14 80 31 76 87 97 8 25 6 87 26 40 45 48 91 95 15 34 92 57 78 7 23 31 57 77 48 67 76 1 1 90 61 81 92 35 10 52 61 42 89 87 95 84 54 20 9 36 85 19 59 81 35 68 95 28 8 82 82 84 11 31 7 0 36 
y
9 10 8 18 30 22 27 18 9 23 33 31 26 27 3 33 43 22 23 24 49 23 17 12 31 15 45 10 48 47 25 49 21 29 28 30 28 21 18 29 16 16 7 0 8 30 24 27 22 32 49 40 0 1 30 25 38 10 23 49 4 49 33 16 38 44 17 35 46 0 37 19 10 15 15 0 36 22 22 12 47 6 49 13 6 35 22 35 2 33 21 40 2 41 36 42 38 46 23 1 0 9 
d
0.00000 49.01020 44.01136 33.24154 25.23886 38.27532 33.28663 59.68249 25.00000 32.20248 24.73863 51.89412 24.75884 18.24829 40.44750 27.29469 54.81788 13.03840 22.80351 18.02776 41.48494 39.56008 8.54400 24.18677 45.65085 24.73863 68.26419 8.06226 48.01042 39.29377 41.23106 72.11103 37.94733 25.61250 20.24846 27.65863 19.02630 25.05993 44.91102 20.61553 40.60788 51.47815 61.03278 29.41088 11.04536 36.61967 53.16014 20.59126 13.60147 24.69818 41.76123 63.13478 59.68249 22.47221 21.09502 58.24088 35.80503 42.01190 32.20248 42.05948 7.07107 45.17743 47.50789 13.89244 42.44997 53.15073 35.90265 43.60046 65.45991 26.57066 53.00000 56.88585 1.41421 26.68333 17.08801 26.57066 27.65863 54.57105 52.63079 59.07622 61.22091 18.24829 43.08132 27.29469 3.00000 55.47071 21.40093 34.71311 45.54119 24.02082 34.17601 66.64833 10.63015 42.52058 53.33854 56.61272 56.08030 44.65423 14.86607 30.08322 37.10795 0.00000 
49.01020 0.00000 5.38516 18.78829 40.31129 85.84288 78.85430 12.80625 24.02082 79.07591 48.76474 21.09502 68.88396 49.04080 11.40175 66.12866 33.54102 51.41984 68.24954 41.43670 71.56116 17.69181 52.46904 73.02739 22.84732 73.17103 36.13862 41.00000 85.86617 69.64194 18.60108 40.52160 17.02939 67.72001 58.82176 36.89173 51.26402 71.84706 9.43398 57.24509 10.81665 6.32456 12.36932 77.64664 60.03332 81.49233 14.14214 61.40033 46.57252 45.65085 53.75872 30.59412 14.14214 70.57620 54.78138 16.55295 39.59798 7.00000 79.07591 73.24616 54.33231 48.01042 24.35159 37.48333 33.28663 35.17101 84.29116 87.64131 36.34556 26.00000 27.29469 11.40175 50.00000 75.16648 33.37664 26.00000 50.24938 12.64911 12.16553 10.19804 37.01351 31.25700 75.80237 76.05919 49.16299 25.00000 67.08204 36.06938 8.94427 55.03635 20.24846 31.62278 57.55867 83.00602 26.17250 32.14032 28.01785 82.29216 55.54278 78.51751 85.58621 49.01020 
44.01136 5.38516 0.00000 15.62050 37.20215 81.21576 74.46476 18.02776 19.02630 74.52516 45.48626 23.19483 64.56005 45.18849 6.40312 62.24147 35.01428 47.12749 63.78871 37.57659 68.60029 16.55295 47.85394 68.11755 23.34524 68.35934 39.56008 36.05551 82.36504 66.61081 18.02776 44.01136 15.26434 63.56886 54.78138 34.05877 47.42362 67.26812 10.00000 53.31041 8.94427 10.63015 17.02939 72.44308 55.00000 77.20104 17.46425 57.24509 42.37924 42.43819 52.00961 33.83785 17.00000 65.37584 50.99020 20.80865 37.80212 2.82843 74.52516 70.21396 49.16299 47.01064 25.17936 32.98485 32.69557 36.22154 79.51101 83.48653 39.29377 20.61553 29.01724 16.27882 45.04442 70.34913 28.86174 20.61553 47.20169 16.64332 15.65248 15.52417 39.20459 26.07681 72.67049 71.17584 44.04543 27.45906 62.58594 34.20526 6.08276 51.47815 17.69181 35.34119 52.34501 79.20227 28.07134 34.05877 30.26549 78.77182 51.24451 73.33485 80.39900 44.01136 
33.24154 18.78829 15.62050 0.00000 21.63331 68.11755 60.67125 27.00000 11.40175 61.20457 30.01666 19.84943 50.63596 30.36445 17.00000 47.43416 27.31300 33.24154 50.24938 22.80351 53.00943 7.07107 35.01428 56.32051 15.26434 56.08030 37.48333 25.29822 67.08204 51.03920 9.21954 41.77320 5.00000 49.24429 40.26164 18.43909 32.57299 54.08327 12.00000 38.60052 8.24621 19.10497 31.01612 62.64184 44.14748 63.15061 19.92486 42.95346 28.28427 26.92582 36.89173 31.82766 32.44996 55.65968 36.05551 25.00000 22.82542 12.80625 61.20457 54.64430 39.56008 32.89377 17.49286 20.09975 20.02498 27.20294 67.00746 69.12308 35.60899 19.31321 23.02173 24.02082 33.95585 58.07753 16.27882 19.31321 31.62278 21.37756 19.41649 27.65863 33.12099 18.43909 57.14018 59.21149 34.17601 24.04163 49.16299 19.23538 20.61553 36.24914 3.00000 34.82815 43.08132 64.25730 22.80351 27.78489 25.61250 63.50591 37.33631 63.32456 70.34202 33.24154 
25.23886 40.31129 37.20215 21.63331 0.00000 50.63596 42.10701 46.57252 23.70654 43.56604 8.54400 33.01515 32.24903 11.40175 37.48333 27.16616 31.78050 17.00000 32.75668 7.21110 31.40064 24.04163 21.40093 42.04759 26.01922 40.85340 46.48656 20.88061 45.69464 29.41088 24.51530 49.76947 23.76973 30.01666 21.09502 4.00000 13.15295 37.10795 32.31099 19.02630 29.52965 39.56008 52.32590 51.61395 33.30165 44.00000 37.48333 24.18677 12.80625 5.38516 19.10497 42.20190 54.08327 45.45327 16.00000 42.29657 10.63015 34.40930 43.56604 33.01515 32.20248 20.24846 27.16616 14.14214 18.78829 29.52965 50.69517 49.25444 43.08132 31.95309 31.78050 43.41659 25.00000 42.72002 15.13275 31.95309 10.00000 39.81206 37.85499 48.46648 38.01316 24.33105 35.51056 44.38468 27.78489 35.35534 32.01562 10.29563 41.77320 15.29706 20.12461 46.09772 35.60899 43.41659 32.55764 34.17601 34.92850 42.15448 20.24846 51.86521 58.30952 25.23886 
38.27532 85.84288 81.21576 68.11755 50.63596 0.00000 9.43398 95.08417 62.36986 7.07107 43.41659 83.48653 18.43909 39.31921 78.33901 25.49510 81.74350 35.00000 18.02776 46.04346 36.79674 73.00685 33.37664 15.62050 76.53104 13.89244 96.77293 45.60702 27.20294 36.06938 74.06079 99.72462 72.00694 21.18962 29.61419 54.58938 37.48333 14.03567 80.09994 31.78050 76.23647 87.20665 98.15294 23.40940 28.65310 10.00000 87.02299 26.47640 40.00000 46.09772 55.07268 92.76314 97.51410 25.80698 34.92850 92.04890 59.20304 78.91768 7.07107 35.46830 35.84690 63.07139 77.78175 48.37355 68.88396 79.12016 5.09902 13.03840 93.14505 64.84597 82.37718 92.04890 37.00000 12.20656 52.46904 64.84597 44.27189 89.00000 87.00000 95.52487 87.64131 56.32051 33.60060 12.72792 39.39543 85.98837 19.00000 60.41523 83.43261 36.68787 68.00735 96.69023 34.40930 20.61553 83.18654 84.40379 85.51023 26.40076 31.01612 22.13594 22.00000 38.27532 
33.28663 78.85430 74.46476 60.67125 42.10701 9.43398 0.00000 87.46428 55.97321 4.12311 34.52535 75.10659 10.04988 31.00000 72.11103 16.15549 72.78049 27.45906 10.77033 38.11824 27.80288 65.12296 26.92582 15.52417 68.11755 12.64911 87.86353 39.81206 21.00000 26.90725 66.03030 90.70832 64.28063 12.16553 21.02380 46.09772 29.01724 8.48528 72.56032 23.08679 68.88396 79.76215 91.21952 27.00000 25.49510 3.60555 79.05694 18.00000 32.38827 37.33631 45.65085 84.01190 91.09336 26.92582 26.17250 84.02381 50.21952 72.03471 4.12311 26.62705 32.52691 53.71220 69.26038 41.48494 60.01666 70.09280 12.20656 10.63015 84.17244 59.48109 73.68175 84.38009 31.90611 12.16553 45.60702 59.48109 35.17101 81.15417 79.15807 88.28363 78.58753 50.56679 25.05993 14.03567 35.00000 77.41447 12.08305 51.62364 77.16217 27.65863 60.29925 87.96590 32.01562 14.00000 74.54529 75.50497 76.79193 19.23538 23.34524 26.01922 28.16026 33.28663 
59.68249 12.80625 18.02776 27.00000 46.57252 95.08417 87.46428 0.00000 35.17101 88.14193 55.08176 17.69181 77.41447 56.71860 24.20744 73.54590 29.68164 60.13319 77.16217 49.36598 76.55717 22.56103 62.00806 83.21658 23.02173 83.05420 27.01851 51.62364 92.02717 74.84651 22.13594 31.01612 23.19483 75.80237 66.75328 42.72002 58.85576 81.05554 15.00000 64.93843 19.10497 8.24621 11.18034 88.84256 70.71068 89.80535 10.00000 69.58448 55.14526 51.92302 56.30275 22.36068 18.00000 81.78631 62.16912 7.61577 42.94182 18.78829 88.14193 78.39005 65.51336 49.04080 23.43075 47.04253 34.40930 32.20248 94.00532 95.52487 28.44293 38.47077 23.60085 3.16228 60.53098 85.05292 43.10452 38.47077 55.97321 7.21110 8.94427 6.00000 31.01612 42.72002 81.15417 86.14523 60.20797 19.72308 76.10519 39.81206 21.26029 61.84658 27.16616 22.00000 68.88396 89.98889 22.20360 27.29469 22.82542 88.54377 64.19502 89.62700 96.69023 59.68249 
25.00000 24.02082 19.02630 11.40175 23.70654 62.36986 55.97321 35.17101 0.00000 55.78530 30.61046 31.11270 46.23851 28.42534 16.15549 44.94441 38.47077 29.06888 45.22168 21.21320 53.81450 18.43909 29.12044 49.09175 26.62705 49.36598 48.83646 17.02939 65.80274 51.66237 20.61553 53.15073 16.27882 45.61798 37.21559 22.13594 30.61046 48.50773 21.02380 36.05551 16.55295 26.92582 36.05551 53.75872 36.01389 58.87274 30.01666 39.35734 24.69818 28.01785 42.05948 43.13931 35.17101 46.69047 34.20526 34.88553 29.27456 17.02939 55.78530 55.17246 30.41381 40.19950 28.84441 14.76482 29.61419 38.07887 60.53098 65.39113 47.01064 9.00000 34.40930 32.57299 26.01922 51.35173 10.81665 9.00000 33.01515 30.87070 29.06888 34.13210 44.41846 7.61577 57.28001 52.15362 25.17936 35.38361 43.96590 26.07681 21.18962 35.38361 13.89244 46.01087 33.73426 61.91123 34.20526 39.11521 37.01351 62.20129 33.10589 54.58938 61.66036 25.00000 
32.20248 79.07591 74.52516 61.20457 43.56604 7.07107 4.12311 88.14193 55.78530 0.00000 36.40055 76.41989 11.40175 32.24903 71.84010 18.86796 74.72617 28.01785 11.00000 39.01282 31.62278 66.00000 26.68333 12.08305 69.46222 9.43398 89.73851 39.21734 25.01999 30.61046 67.02984 92.72001 65.03076 14.31782 22.56103 47.51842 30.41381 7.28011 73.17103 24.73863 69.35416 80.30567 91.41116 23.02173 23.43075 7.07107 80.00625 19.41649 33.01515 39.05125 48.54894 85.70298 90.95603 23.40940 27.89265 85.02353 52.20153 72.18033 0.00000 30.52868 30.61046 56.35601 70.71068 41.59327 61.84658 72.12489 8.48528 13.41641 86.12781 58.69412 75.31268 85.09407 30.87070 8.54400 45.70558 58.69412 37.33631 82.00610 80.00625 88.68484 80.65358 49.98000 29.06888 10.19804 33.61547 78.91768 12.04159 53.36666 76.92204 29.73214 61.03278 89.62700 29.69848 18.02776 76.11833 77.36924 78.44743 23.34524 24.00000 22.00000 24.04163 32.20248 
24.73863 48.76474 45.48626 30.01666 8.54400 43.41659 34.52535 55.08176 30.61046 36.40055 0.00000 41.04875 25.00000 6.70820 45.34314 19.00000 38.32754 13.03840 26.00000 9.84886 23.34524 32.57299 18.35756 36.61967 34.05877 34.98571 53.36666 23.08679 37.16181 21.26029 32.98485 56.32051 32.31099 22.36068 13.92839 12.36932 7.07107 30.46309 40.85340 11.70470 38.01316 48.10405 60.83584 47.38143 30.23243 36.12478 45.89118 17.08801 11.18034 3.16228 17.08801 49.49747 62.43397 41.86884 8.54400 50.63596 15.81139 42.72002 36.40055 24.83948 31.01612 21.93171 35.00000 18.02776 25.49510 35.73514 44.01136 41.04875 49.72927 38.07887 39.20459 51.92302 24.04163 36.71512 20.59126 38.07887 3.00000 48.27007 46.32494 57.00877 44.27189 29.54657 27.20294 38.58756 27.65863 43.04649 25.49510 17.11724 49.81967 7.00000 28.63564 53.46027 34.01470 34.92850 40.11234 41.00000 42.29657 33.61547 14.86607 47.42362 53.41348 24.73863 
51.89412 21.09502 23.19483 19.84943 33.01515 83.48653 75.10659 17.69181 31.11270 76.41989 41.04875 0.00000 65.19202 44.18144 28.86174 60.03332 12.64911 48.83646 65.49046 37.65634 60.72891 12.80625 51.92302 73.49830 7.00000 72.78049 17.80449 44.29447 76.90254 59.20304 10.81665 22.20360 14.86607 63.03174 54.08327 29.01724 46.09772 69.72087 13.34166 52.03845 16.55295 15.52417 27.78489 81.15417 62.39391 77.00649 8.06226 57.14018 43.93177 38.01316 39.35734 12.04159 33.24154 74.32362 49.01020 10.81665 26.92582 21.58703 76.41989 62.64184 58.59181 31.62278 6.32456 38.07887 17.46425 14.76482 83.18654 82.09750 16.55295 38.01316 6.32456 15.00000 52.39275 74.73286 34.88553 38.01316 41.30375 10.81665 9.84886 22.47221 16.03122 38.28838 65.52099 76.15773 53.23533 4.47214 64.62971 24.33105 29.06888 48.04165 18.02776 15.00000 62.17717 75.66373 5.09902 11.04536 7.07107 73.54590 52.61179 81.70679 88.60023 51.89412 
24.75884 68.88396 64.56005 50.63596 32.24903 18.43909 10.04988 77.41447 46.23851 11.40175 25.00000 65.19202 0.00000 21.02380 62.39391 8.60233 63.32456 17.46425 3.00000 28.07134 24.04163 55.08176 17.49286 15.23155 58.21512 12.52996 78.33901 30.52868 24.16609 22.47221 56.00893 81.32035 54.23099 3.60555 11.18034 36.22154 19.10497 6.40312 62.51400 13.34166 58.85576 69.72087 81.25269 27.85678 19.31321 12.64911 69.02898 8.06226 22.36068 27.65863 37.80212 74.33034 81.27115 25.17936 16.49242 74.00676 40.80441 62.09670 11.40175 23.53720 25.55386 45.27693 59.41380 31.62278 50.44799 60.72891 19.23538 19.23538 74.72617 50.24938 63.95311 74.33034 23.34524 13.60147 35.73514 50.24938 26.00000 71.11259 69.11584 78.26238 69.26038 41.18252 23.08679 15.81139 26.90725 67.60178 4.12311 41.97618 67.41662 18.38478 50.24938 78.26238 26.00000 18.02776 64.77654 65.96969 67.08204 21.18962 13.34166 27.31300 31.62278 24.75884 
18.24829 49.04080 45.18849 30.36445 11.40175 39.31921 31.00000 56.71860 28.42534 32.24903 6.70820 44.18144 21.02380 0.00000 44.10215 17.08801 43.08132 6.40312 21.37756 7.61577 26.07681 34.23449 11.66190 30.88689 37.21559 29.54657 57.87055 17.72005 37.44329 23.85372 35.05710 61.09828 33.54102 19.10497 10.04988 15.29706 2.23607 25.70992 41.97618 8.24621 38.60052 49.24429 61.35145 41.10961 23.60085 33.13608 48.09366 13.00000 5.09902 7.81025 23.76973 53.60037 62.16912 35.38361 5.83095 53.03772 21.09502 42.54409 32.24903 27.20294 24.35159 28.42534 38.47077 14.21267 30.08322 40.71855 39.29377 38.83298 54.42426 34.82815 43.17407 53.60037 17.46425 31.38471 17.69181 34.82815 9.48683 50.24938 48.25971 57.97413 49.24429 25.80698 29.06888 33.10589 21.21320 46.69047 20.61553 21.54066 48.87740 7.21110 29.61419 57.48913 27.31300 34.01470 43.93177 45.54119 46.32494 33.83785 8.94427 41.23106 47.43416 18.24829 
40.44750 11.40175 6.40312 17.00000 37.48333 78.33901 72.11103 24.20744 16.15549 71.84010 45.34314 28.86174 62.39391 44.10215 0.00000 60.90156 40.11234 45.18849 61.35145 36.61967 68.68042 20.22375 45.22168 64.62971 28.00000 65.11528 45.69464 32.75668 81.54140 66.60330 22.09072 50.15974 18.43909 61.74140 53.23533 34.82815 46.32494 64.56005 15.52417 51.97115 13.00000 17.02939 21.37756 68.06614 51.24451 75.02666 23.70654 55.46170 40.70626 42.44997 53.85165 39.92493 19.23538 61.03278 49.92995 27.20294 39.82462 7.28011 71.84010 70.17834 45.01111 49.76947 30.01666 30.87070 36.13862 41.00000 76.29548 81.54140 45.22168 15.29706 34.36568 22.62742 41.59327 67.08204 26.83282 15.29706 47.38143 23.02173 21.95450 21.02380 44.72136 22.20360 72.47068 67.74216 40.11234 33.24154 60.08328 36.23534 5.09902 50.80354 19.69772 41.59327 48.01042 77.89737 33.54102 39.45884 35.90265 77.93587 49.24429 69.02898 76.05919 40.44750 
27.29469 66.12866 62.24147 47.43416 27.16616 25.49510 16.15549 73.54590 44.94441 18.86796 19.00000 60.03332 8.60233 17.08801 60.90156 0.00000 56.88585 16.27882 11.18034 24.69818 16.12452 50.99020 18.86796 23.70654 53.03772 21.09502 72.00694 31.14482 21.21320 14.31782 51.62364 74.73286 50.44799 5.00000 7.81025 31.14482 14.86607 15.00000 58.94065 8.94427 55.65968 66.21933 78.43469 36.24914 25.07987 17.26268 64.62971 6.70820 20.24846 22.02272 29.68164 68.35934 79.20227 32.98485 11.40175 69.46222 34.36568 59.61543 18.86796 16.00000 30.08322 37.57659 54.00000 30.23243 44.28318 54.12947 27.20294 22.09072 68.24954 50.32892 58.13777 70.40597 25.94224 22.20360 34.13210 50.32892 19.23538 66.91039 64.93843 75.00000 62.58594 41.10961 16.27882 24.41311 29.96665 62.03225 11.70470 36.05551 65.76473 12.00000 46.57252 72.33948 31.40064 17.00000 59.07622 59.68249 61.20457 17.69181 12.80625 35.77709 40.22437 27.29469 
54.81788 33.54102 35.01428 27.31300 31.78050 81.74350 72.78049 29.68164 38.47077 74.72617 38.32754 12.64911 63.32456 43.08132 40.11234 56.88585 0.00000 48.75449 64.19502 38.07887 54.33231 20.88061 52.83938 73.82412 12.36932 72.61543 15.13275 48.10405 71.17584 53.15073 18.68154 18.02776 23.08679 60.63827 52.20153 28.17801 44.59821 68.62215 25.01999 50.00000 27.16616 28.16026 40.24922 83.00602 64.35060 74.14850 20.61553 55.36244 44.29447 35.73514 31.57531 12.36932 45.88028 76.55064 46.84015 22.20360 22.56103 33.01515 74.72617 56.32051 61.84658 22.80351 10.19804 41.10961 13.00000 3.16228 82.21922 78.40918 11.40175 46.61545 6.32456 27.29469 55.00000 74.46476 38.89730 46.61545 37.65634 23.25941 22.47221 34.88553 6.40312 44.65423 59.30430 76.15773 56.72742 10.00000 63.56886 21.54066 41.04875 45.12206 24.59675 16.27882 65.43699 71.02816 7.61577 3.16228 7.07107 68.06614 52.00000 83.35466 89.94443 54.81788 
13.03840 51.41984 47.12749 33.24154 17.00000 35.00000 27.45906 60.13319 29.06888 28.01785 13.03840 48.83646 17.46425 6.40312 45.18849 16.27882 48.75449 0.00000 17.02939 11.18034 28.79236 38.01316 5.38516 25.07987 41.97618 24.04163 63.32456 15.00000 37.48333 26.57066 39.11521 66.70832 37.01351 16.55295 8.48528 20.61553 6.32456 21.02380 45.17743 8.06226 41.43670 52.34501 63.78871 34.82815 17.20465 30.08322 52.03845 10.29563 5.00000 14.14214 29.96665 58.82176 63.90618 29.00000 8.06226 57.07889 27.20294 44.64303 28.01785 29.54657 18.43909 34.82815 43.41659 14.31782 35.77709 46.52956 34.36568 36.40055 60.00833 34.05877 48.38388 57.07889 12.00000 25.96151 18.38478 34.05877 15.65248 54.00000 52.00000 60.82763 55.00909 24.83948 30.88689 27.51363 16.03122 51.66237 16.00000 27.29469 50.15974 11.00000 33.01515 62.64184 21.18962 33.01515 49.04080 51.07837 51.54610 33.94113 4.12311 35.00000 41.34005 13.03840 
22.80351 68.24954 63.78871 50.24938 32.75668 18.02776 10.77033 77.16217 45.22168 11.00000 26.00000 65.49046 3.00000 21.37756 61.35145 11.18034 64.19502 17.02939 0.00000 28.01785 26.92582 55.00000 16.15549 12.52996 58.54912 10.00000 79.12016 29.06888 26.92582 25.29822 56.03570 82.21922 54.03702 6.32456 12.08305 36.67424 19.64688 4.47214 62.20129 14.31782 58.42089 69.35416 80.60397 25.07987 16.55295 13.89244 69.00725 8.94427 22.02272 28.46050 39.69887 74.95332 80.36168 22.20360 17.46425 74.02702 41.78516 61.39218 11.00000 26.47640 23.02173 46.87217 59.84146 30.80584 51.24451 61.68468 18.02776 20.80865 75.58439 48.76474 64.53681 74.10803 21.40093 11.31371 34.92850 48.76474 27.29469 71.00704 69.00725 77.78175 70.22820 39.81206 26.07681 13.45362 24.75884 68.06614 1.41421 42.72002 66.40783 19.72308 50.03998 78.85430 23.25941 20.59126 65.30697 66.76077 67.68309 24.04163 13.00000 24.59675 29.20616 22.80351 
18.02776 41.43670 37.57659 22.80351 7.21110 46.04346 38.11824 49.36598 21.21320 39.01282 9.84886 37.65634 28.07134 7.61577 36.61967 24.69818 38.07887 11.18034 28.01785 0.00000 32.64966 27.01851 14.76482 36.05551 30.80584 35.17101 52.39275 14.14214 44.94441 30.47950 28.01785 55.90170 26.17250 26.47640 17.46425 10.00000 9.84886 32.14032 34.52535 15.81139 31.04835 41.77320 53.75872 44.94441 26.40076 40.44750 41.00000 20.22375 6.32456 8.06226 25.07987 47.75982 54.56189 38.60052 13.41641 46.01087 17.80449 34.92850 39.01282 33.97058 25.00000 27.31300 32.28002 8.24621 25.23886 36.05551 45.54119 46.32494 49.19350 28.30194 37.33631 46.27094 17.80449 37.10795 10.81665 28.30194 12.64911 43.04649 41.04875 50.44799 44.41846 19.69772 36.06938 38.60052 20.59126 40.52160 27.07397 17.02939 41.34005 14.21267 22.20360 51.54610 28.42534 41.62932 37.94733 40.24922 40.49691 41.34005 15.03330 45.27693 51.88449 18.02776 
41.48494 71.56116 68.60029 53.00943 31.40064 36.79674 27.80288 76.55717 53.81450 31.62278 23.34524 60.72891 24.04163 26.07681 68.68042 16.12452 54.33231 28.79236 26.92582 32.64966 0.00000 54.58938 32.98485 39.21734 54.08327 36.40055 69.11584 43.38202 17.02939 2.23607 54.56189 71.00000 54.70832 20.61553 21.37756 34.66987 24.18677 30.08322 63.13478 20.88061 60.74537 70.23532 83.35466 51.86521 41.00000 26.87006 66.85058 22.02272 30.88689 26.24881 23.00000 66.61081 85.44589 49.03060 21.02380 71.16881 33.83785 65.80274 31.62278 2.00000 45.39824 32.00000 54.40588 40.22437 43.41659 51.24451 40.00000 27.78489 65.06919 60.80296 57.27128 73.40981 40.26164 37.16181 43.41659 60.80296 21.40093 69.46222 67.62396 79.17702 59.03389 51.86521 5.00000 39.39543 44.38468 61.61169 27.65863 36.76955 73.10951 18.86796 51.31277 70.57620 47.09565 18.78829 58.46366 57.42822 60.01666 14.31782 26.68333 51.26402 55.00909 41.48494 
39.56008 17.69181 16.55295 7.07107 24.04163 73.00685 65.12296 22.56103 18.43909 66.00000 32.57299 12.80625 55.08176 34.23449 20.22375 50.99020 20.88061 38.01316 55.00000 27.01851 54.58938 0.00000 40.44750 61.98387 8.54400 61.52235 30.41381 31.78050 69.64194 52.77310 2.23607 34.71311 2.23607 53.33854 44.28318 20.24846 36.34556 59.03389 8.60233 42.42641 7.61577 15.65248 28.84441 68.94926 50.28916 67.36468 14.03567 47.16991 33.01515 29.41088 36.06938 24.75884 31.82766 62.03225 39.62323 19.10497 21.93171 13.92839 66.00000 56.35601 46.09772 30.52868 10.77033 25.96151 16.15549 21.21320 72.24957 72.99315 28.60070 25.94224 16.12452 19.41649 40.16217 63.50591 22.47221 25.94224 33.61547 16.03122 14.03567 24.59675 26.40076 25.49510 59.03389 64.77654 40.71855 16.97056 54.00926 18.43909 22.47221 39.29377 5.38516 27.80288 49.65884 67.44627 15.81139 21.02380 18.60108 66.12866 42.00000 69.57011 76.53757 39.56008 
8.54400 52.46904 47.85394 35.01428 21.40093 33.37664 26.92582 62.00806 29.12044 26.68333 18.35756 51.92302 17.49286 11.66190 45.22168 18.86796 52.83938 5.38516 16.15549 14.76482 32.98485 40.44750 0.00000 21.58703 45.22168 21.09502 67.11930 13.03840 39.82462 30.80584 41.77320 70.66116 39.20459 17.69181 11.70470 24.69818 11.70470 19.41649 47.01064 12.16553 43.01163 54.00926 64.77654 30.23243 12.04159 29.96665 54.45181 12.20656 8.60233 19.20937 35.34119 62.39391 64.28841 24.08319 13.03840 59.53990 31.89044 45.54119 26.68333 33.52611 13.15295 40.00000 46.81880 15.03330 39.96248 50.77401 32.00000 36.71512 63.95311 32.75668 52.00000 59.03389 7.28011 23.08679 19.10497 32.75668 21.02380 56.22277 54.23099 62.20129 59.16925 23.70654 34.53983 24.33105 11.40175 55.02727 14.86607 31.62278 50.28916 16.12452 35.22783 66.12866 15.81139 34.65545 52.55473 55.00909 55.15433 36.40055 6.32456 30.52868 37.12142 8.54400 
24.18677 73.02739 68.11755 56.32051 42.04759 15.62050 15.52417 83.21658 49.09175 12.08305 36.61967 73.49830 15.23155 30.88689 64.62971 23.70654 73.82412 25.07987 12.52996 36.05551 39.21734 61.98387 21.58703 0.00000 66.76077 3.00000 88.39118 32.06244 36.22154 37.69615 63.34824 91.78780 60.67125 18.78829 23.34524 45.69464 29.68164 9.21954 68.26419 25.49510 64.12488 75.10659 85.14693 12.64911 13.60147 18.97367 75.95393 20.51828 29.73214 38.58756 51.62364 83.81527 83.86298 11.40175 28.42534 81.04937 51.97115 66.03030 12.08305 38.60052 20.61553 58.25805 68.30813 36.22154 60.83584 71.55418 12.08305 25.49510 85.08819 50.44799 73.38937 80.30567 23.08679 3.60555 40.11234 50.44799 38.41875 77.64664 75.66373 83.00000 80.05623 42.42641 37.85499 3.16228 24.73863 76.53757 12.20656 52.32590 69.72087 31.14482 56.71860 87.59566 18.86796 29.27456 74.00000 76.15773 76.55064 34.01470 21.95450 12.08305 16.97056 24.18677 
45.65085 22.84732 23.34524 15.26434 26.01922 76.53104 68.11755 23.02173 26.62705 69.46222 34.05877 7.00000 58.21512 37.21559 28.00000 53.03772 12.36932 41.97618 58.54912 30.80584 54.08327 8.54400 45.22168 66.76077 0.00000 65.96969 22.80351 38.27532 70.09280 52.49762 6.32456 26.90725 10.77033 56.03570 47.09565 22.02272 39.11521 62.80127 13.60147 45.04442 15.00000 18.60108 31.89044 74.73286 55.94640 70.00714 13.03840 50.15974 37.10795 31.01612 33.28663 17.49286 36.35932 67.97794 42.01190 17.08801 20.24846 21.09502 69.46222 55.97321 52.47857 26.17250 2.23607 31.76476 11.40175 13.00000 76.29548 75.10659 20.51828 34.43835 7.81025 20.00000 46.06517 67.91171 28.84441 34.43835 34.36568 15.81139 14.21267 26.87006 17.88854 33.30165 58.82176 69.37579 47.16991 9.84886 57.70615 17.46425 29.42788 41.04875 12.80625 21.02380 56.08030 68.73136 7.81025 12.52996 10.63015 66.70832 45.70558 75.23962 82.07923 45.65085 
24.73863 73.17103 68.35934 56.08030 40.85340 13.89244 12.64911 83.05420 49.36598 9.43398 34.98571 72.78049 12.52996 29.54657 65.11528 21.09502 72.61543 24.04163 10.00000 35.17101 36.40055 61.52235 21.09502 3.00000 65.96969 0.00000 87.31552 32.38827 33.24154 34.92850 62.80127 90.62009 60.29925 16.12452 21.40093 44.59821 28.17801 6.32456 68.06614 23.60085 64.00781 75.00667 85.37564 15.52417 14.76482 16.15549 75.53807 18.43909 28.86174 37.12142 49.51767 82.86133 84.34453 14.31782 26.62705 80.62258 50.53712 66.18912 9.43398 35.73514 21.95450 56.40035 67.44627 36.01389 59.61543 70.26379 11.18034 22.82542 83.93450 51.24451 72.42237 80.09994 23.53720 2.00000 40.00000 51.24451 36.61967 77.31753 75.32596 83.05420 78.79086 42.95346 34.92850 3.60555 25.63201 75.69016 9.89949 51.07837 70.21396 29.20616 56.32051 86.68333 20.61553 26.30589 73.08215 75.02666 75.58439 31.01612 20.61553 14.86607 19.20937 24.73863 
68.26419 36.13862 39.56008 37.48333 46.48656 96.77293 87.86353 27.01851 48.83646 89.73851 53.36666 17.80449 78.33901 57.87055 45.69464 72.00694 15.13275 63.32456 79.12016 52.39275 69.11584 30.41381 67.11930 88.39118 22.80351 87.31552 0.00000 61.03278 86.05231 68.02941 28.28427 4.47214 32.55764 75.70997 67.18631 42.72002 59.48109 83.52245 30.41381 65.00000 34.13210 29.83287 38.11824 97.06184 78.29432 89.26926 22.13594 70.34202 58.69412 50.69517 46.17359 5.83095 45.01111 90.42677 61.84658 20.09975 37.65634 38.48376 89.73851 71.11259 75.16648 37.21559 20.80865 54.37830 27.89265 18.02776 97.12363 93.53609 4.12311 55.80323 15.26434 26.07681 68.60029 89.19641 51.61395 55.80323 52.77310 23.53720 24.04163 33.01515 10.19804 55.86591 74.10803 90.82401 69.89278 13.45362 78.44743 36.40055 44.92215 60.20797 35.38361 5.09902 78.77182 86.09297 15.00000 12.36932 12.20656 83.00602 66.73080 97.49359 104.21612 68.26419 
8.06226 41.00000 36.05551 25.29822 20.88061 45.60702 39.81206 51.62364 17.02939 39.21734 23.08679 44.29447 30.52868 17.72005 32.75668 31.14482 48.10405 15.00000 29.06888 14.14214 43.38202 31.78050 13.03840 32.06244 38.27532 32.38827 61.03278 0.00000 52.34501 41.14608 33.54102 65.00000 30.08322 30.61046 23.43075 22.36068 19.31321 31.95309 36.87818 23.02173 32.55764 43.41659 53.08484 37.36308 19.10497 42.94182 45.22168 24.75884 12.64911 22.02272 39.20459 55.75841 51.97115 30.36445 22.36068 50.28916 30.87070 34.00000 39.21734 44.29447 14.31782 41.10961 40.22437 7.21110 36.23534 46.69047 43.56604 49.73932 58.41233 19.72308 45.80393 48.83646 9.00000 34.36568 9.43398 19.72308 26.07681 46.57252 44.64303 51.03920 54.48853 10.77033 45.79301 35.12834 8.94427 48.02083 27.73085 29.15476 37.85499 24.69818 26.40076 59.16925 17.88854 47.50789 46.04346 49.67897 48.82622 48.83646 18.38478 38.07887 45.12206 8.06226 
48.01042 85.86617 82.36504 67.08204 45.69464 27.20294 21.00000 92.02717 65.80274 25.01999 37.16181 76.90254 24.16609 37.44329 81.54140 21.21320 71.17584 37.48333 26.92582 44.94441 17.02939 69.64194 39.82462 36.22154 70.09280 33.24154 86.05231 52.34501 0.00000 18.02776 69.89278 88.00568 69.46222 22.47221 29.00000 49.39636 35.22783 27.65863 78.00000 29.83287 75.15318 85.23497 97.98980 48.00000 43.46263 18.11077 82.56513 27.65863 41.23106 40.31129 40.01250 83.38465 99.36297 47.51842 31.62278 87.09191 50.01000 79.64923 25.01999 15.03330 49.64877 49.01020 70.61161 51.22499 59.84146 68.11755 31.78050 14.76482 82.02439 71.50524 73.82412 88.86507 46.61545 33.06055 55.00000 71.50524 36.05551 85.07056 83.16850 94.15413 76.00658 62.28965 12.04159 35.01428 50.47772 78.08969 28.23119 52.63079 86.28441 30.88689 65.79514 87.36704 50.15974 7.00000 74.96666 74.24284 76.65507 3.60555 33.97058 47.01064 48.66210 48.01042 
39.29377 69.64194 66.61081 51.03920 29.41088 36.06938 26.90725 74.84651 51.66237 30.61046 21.26029 59.20304 22.47221 23.85372 66.60330 14.31782 53.15073 26.57066 25.29822 30.47950 2.23607 52.77310 30.80584 37.69615 52.49762 34.92850 68.02941 41.14608 18.02776 0.00000 52.80152 70.02857 52.83938 18.97367 19.23538 32.75668 21.95450 28.63564 61.29437 18.68154 58.83026 68.42514 81.49233 50.32892 39.01282 26.24881 65.19202 20.00000 28.65310 24.20744 22.09072 65.37584 83.48653 47.29693 18.78829 69.57011 32.28002 63.82006 30.61046 3.60555 43.28972 31.06445 52.88667 38.01316 41.97618 50.08992 39.05125 27.73085 64.00781 58.60034 55.90170 71.69379 38.07887 35.77709 41.23106 58.60034 19.41649 67.77905 65.92420 77.36924 58.00000 49.64877 6.32456 38.01316 42.20190 60.20797 25.96151 35.11410 71.06335 16.64332 49.39636 69.35416 45.04442 18.97367 57.07013 56.22277 58.69412 15.03330 24.51530 49.76947 53.71220 39.29377 
41.23106 18.60108 18.02776 9.21954 24.51530 74.06079 66.03030 22.13594 20.61553 67.02984 32.98485 10.81665 56.00893 35.05710 22.09072 51.62364 18.68154 39.11521 56.03570 28.01785 54.56189 2.23607 41.77320 63.34824 6.32456 62.80127 28.28427 33.54102 69.89278 52.80152 0.00000 32.55764 4.47214 54.14795 45.09989 20.61553 37.12142 60.13319 9.21954 43.18565 9.21954 15.81139 29.20616 70.57620 51.86521 68.18358 13.03840 48.04165 34.13210 29.83287 35.38361 22.67157 32.64966 63.69458 40.31129 18.00000 21.40093 15.52417 67.02984 56.36488 47.85394 29.41088 8.54400 27.51363 14.76482 19.10497 73.43705 73.68175 26.40076 28.17801 13.89244 18.97367 41.78516 64.77654 24.16609 28.17801 33.83785 15.29706 13.34166 24.69818 24.16609 27.58623 59.09315 66.09841 42.48529 14.86607 55.08176 18.02776 24.04163 39.81206 7.21110 25.80698 51.42956 67.91171 13.60147 18.78829 16.40122 66.40783 43.04649 71.16881 78.10890 41.23106 
72.11103 40.52160 44.01136 41.77320 49.76947 99.72462 90.70832 31.01612 53.15073 92.72001 56.32051 22.20360 81.32035 61.09828 50.15974 74.73286 18.02776 66.70832 82.21922 55.90170 71.00000 34.71311 70.66116 91.78780 26.90725 90.62009 4.47214 65.00000 88.00568 70.02857 32.55764 0.00000 36.87818 78.58753 70.21396 46.09772 62.62587 86.64872 34.88553 68.00735 38.58756 34.20526 42.01190 100.72239 81.98780 91.98369 26.57066 73.37575 62.16912 53.75872 48.00000 10.29563 49.01020 94.15413 64.84597 24.33105 40.52160 42.95346 92.72001 73.00000 79.05694 39.00000 24.83948 58.24946 31.01612 20.61553 100.24470 96.02604 6.70820 60.21628 19.20937 30.26549 72.40166 92.47702 55.60576 60.21628 55.54278 27.89265 28.46050 37.01351 12.16553 60.10824 76.00000 94.15413 73.81734 17.80449 81.59657 39.56008 49.33559 63.06346 39.59798 9.05539 82.66196 88.36289 19.10497 15.65248 16.27882 85.05292 70.00714 101.11874 107.78219 72.11103 
37.94733 17.02939 15.26434 5.00000 23.76973 72.00694 64.28063 23.19483 16.27882 65.03076 32.31099 14.86607 54.23099 33.54102 18.43909 50.44799 23.08679 37.01351 54.03702 26.17250 54.70832 2.23607 39.20459 60.67125 10.77033 60.29925 32.55764 30.08322 69.46222 52.83938 4.47214 36.87818 0.00000 52.61179 43.56604 20.12461 35.69314 58.00000 8.54400 41.77320 6.40312 15.81139 28.65310 67.35726 48.76474 66.61081 15.29706 46.38965 32.01562 29.15476 36.87818 26.87006 31.14482 60.40695 39.05125 20.39608 22.67157 12.52996 65.03076 56.43580 44.38468 31.76476 13.00000 24.51530 17.72005 23.34524 71.11259 72.36712 30.80584 23.70654 18.35756 20.09975 38.60052 62.28965 20.88061 23.70654 33.54102 17.02939 15.03330 24.69818 28.63564 23.43075 59.05929 63.50591 39.00000 19.10497 53.00943 19.10497 21.02380 38.89730 4.00000 29.83287 47.92703 67.05222 18.02776 23.25941 20.80865 65.92420 41.04875 68.00735 75.00000 37.94733 
25.61250 67.72001 63.56886 49.24429 30.01666 21.18962 12.16553 75.80237 45.61798 14.31782 22.36068 63.03174 3.60555 19.10497 61.74140 5.00000 60.63827 16.55295 6.32456 26.47640 20.61553 53.33854 17.69181 18.78829 56.03570 16.12452 75.70997 30.61046 22.47221 18.97367 54.14795 78.58753 52.61179 0.00000 9.05539 34.01470 17.02939 10.00000 61.00000 11.00000 57.48913 68.24954 80.08121 31.38471 21.58703 14.03567 67.18631 6.32456 21.18962 25.17936 34.40930 71.84706 80.41144 28.44293 14.03567 72.11103 38.07887 61.03278 14.31782 20.22375 27.31300 42.05948 57.14018 30.87070 47.85394 57.97413 22.47221 19.92486 72.03471 50.21952 61.52235 72.69113 24.20744 17.20465 34.92850 50.21952 23.08679 69.35416 67.36468 76.90254 66.48308 41.04875 20.00000 19.41649 28.01785 65.27634 7.07107 39.45884 66.70832 15.52417 48.66210 75.80237 28.16026 16.97056 62.39391 63.34824 64.62971 19.23538 12.52996 30.87070 35.22783 25.61250 
20.24846 58.82176 54.78138 40.26164 21.09502 29.61419 21.02380 66.75328 37.21559 22.56103 13.92839 54.08327 11.18034 10.04988 53.23533 7.81025 52.20153 8.48528 12.08305 17.46425 21.37756 44.28318 11.70470 23.34524 47.09565 21.40093 67.18631 23.43075 29.00000 19.23538 45.09989 70.21396 43.56604 9.05539 0.00000 25.07987 8.00000 16.55295 51.97115 2.23607 48.50773 59.22837 71.16881 35.00000 20.39608 23.08679 58.13777 3.16228 12.52996 16.49242 28.31960 63.15061 71.69379 30.41381 5.38516 63.07139 29.73214 52.20153 22.56103 21.84033 24.08319 35.00000 48.25971 22.47221 39.29377 49.64877 30.08322 28.86174 63.60031 42.52058 52.77310 63.63961 18.97367 23.02173 26.41969 42.52058 15.26434 60.29925 58.30952 67.91171 58.18935 33.30165 22.84732 25.00000 23.08679 56.43580 11.66190 30.80584 58.13777 7.81025 39.62323 67.08204 26.01922 24.69818 53.60037 54.81788 55.90170 25.45584 5.38516 34.82815 40.31129 20.24846 
27.65863 36.89173 34.05877 18.43909 4.00000 54.58938 46.09772 42.72002 22.13594 47.51842 12.36932 29.01724 36.22154 15.29706 34.82815 31.14482 28.17801 20.61553 36.67424 10.00000 34.66987 20.24846 24.69818 45.69464 22.02272 44.59821 42.72002 22.36068 49.39636 32.75668 20.61553 46.09772 20.12461 34.01470 25.07987 0.00000 17.11724 41.00000 28.63564 23.02173 26.07681 35.84690 48.76474 54.91812 36.40055 48.00000 33.54102 28.16026 16.12452 9.21954 19.92486 38.32754 50.80354 48.60041 20.00000 38.32754 8.54400 31.24100 47.51842 36.35932 34.71311 19.23538 23.19483 15.23155 15.26434 26.07681 54.57105 53.23533 39.39543 30.80584 27.89265 39.56008 27.58623 46.48656 15.13275 30.80584 13.41641 35.90265 33.95585 44.77723 34.48188 24.00000 38.94868 48.10405 30.00000 31.40064 35.90265 7.07107 38.89730 19.23538 16.64332 42.20190 38.20995 47.29693 28.63564 30.46309 31.04835 45.88028 24.04163 55.22681 61.77378 27.65863 
19.02630 51.26402 47.42362 32.57299 13.15295 37.48333 29.01724 58.85576 30.61046 30.41381 7.07107 46.09772 19.10497 2.23607 46.32494 14.86607 44.59821 6.32456 19.64688 9.84886 24.18677 36.34556 11.70470 29.68164 39.11521 28.17801 59.48109 19.31321 35.22783 21.95450 37.12142 62.62587 35.69314 17.02939 8.00000 17.11724 0.00000 24.04163 44.14748 6.08276 40.80441 51.41984 63.56886 40.31129 23.32381 31.06445 50.15974 11.04536 6.70820 8.94427 23.70654 55.31727 64.40497 34.82815 3.60555 55.08176 22.36068 44.77723 30.41381 25.23886 24.73863 29.00000 40.31129 16.27882 31.62278 42.15448 37.64306 36.67424 55.97321 36.87818 44.91102 55.73150 18.11077 29.96665 19.84943 36.87818 9.43398 52.34501 50.35871 60.16644 50.69517 27.80288 27.01851 31.76476 22.02272 48.50773 18.97367 23.08679 51.10773 5.38516 31.78050 59.22837 27.51363 31.78050 45.70558 47.12749 48.05206 31.62278 7.81025 40.36087 46.40043 19.02630 
25.05993 71.84706 67.26812 54.08327 37.10795 14.03567 8.48528 81.05554 48.50773 7.28011 30.46309 69.72087 6.40312 25.70992 64.56005 15.00000 68.62215 21.02380 4.47214 32.14032 30.08322 59.03389 19.41649 9.21954 62.80127 6.32456 83.52245 31.95309 27.65863 28.63564 60.13319 86.64872 58.00000 10.00000 16.55295 41.00000 24.04163 0.00000 66.06815 18.78829 62.20129 73.17103 84.17244 21.84033 17.02939 12.04159 73.06162 13.41641 26.01922 32.89377 44.04543 79.30952 83.67795 20.02498 21.93171 78.10250 46.23851 64.93843 7.28011 29.41088 24.04163 51.31277 64.13267 34.36568 55.65968 66.12866 13.60147 19.10497 80.00625 51.47815 68.88396 78.02564 23.70654 7.21110 38.47077 51.47815 31.76476 75.00667 73.00685 81.49847 74.67262 42.72002 28.63564 9.43398 26.62705 72.36712 5.09902 47.12749 69.64194 24.18677 54.00000 83.19856 23.60085 20.88061 69.63476 71.16881 72.03471 25.17936 17.11724 21.18962 25.23886 25.05993 
44.91102 9.43398 10.00000 12.00000 32.31099 80.09994 72.56032 15.00000 21.02380 73.17103 40.85340 13.34166 62.51400 41.97618 15.52417 58.94065 25.01999 45.17743 62.20129 34.52535 63.13478 8.60233 47.01064 68.26419 13.60147 68.06614 30.41381 36.87818 78.00000 61.29437 9.21954 34.88553 8.54400 61.00000 51.97115 28.63564 44.14748 66.06815 0.00000 50.21952 4.47214 7.28011 20.24846 74.21590 55.90170 74.96666 9.21954 54.74486 40.19950 37.69615 44.55334 24.59675 23.43075 67.18631 47.53946 13.89244 30.47950 8.24621 73.17103 64.88451 50.96077 38.60052 15.29706 32.06244 23.85372 26.30589 79.00633 80.80842 29.73214 26.17250 19.02630 12.04159 45.70558 70.06426 28.16026 26.17250 42.04759 9.84886 8.06226 16.15549 29.27456 28.63564 67.53518 71.17584 45.60702 17.72005 61.13101 27.01851 16.03122 47.43416 12.36932 26.62705 54.40588 75.58439 18.11077 24.08319 20.39608 74.46476 49.25444 74.95332 82.00000 44.91102 
20.61553 57.24509 53.31041 38.60052 19.02630 31.78050 23.08679 64.93843 36.05551 24.73863 11.70470 52.03845 13.34166 8.24621 51.97115 8.94427 50.00000 8.06226 14.31782 15.81139 20.88061 42.42641 12.16553 25.49510 45.04442 23.60085 65.00000 23.02173 29.83287 18.68154 43.18565 68.00735 41.77320 11.00000 2.23607 23.02173 6.08276 18.78829 50.21952 0.00000 46.84015 57.48913 69.57011 37.01351 21.84033 25.01999 56.22277 5.38516 11.40175 14.31782 26.24881 61.00000 70.26379 32.24903 3.16228 61.13101 27.51363 50.69517 24.73863 21.54066 25.00000 32.80244 46.17359 21.40093 37.10795 47.43416 32.31099 30.59412 61.40033 41.72529 50.63596 61.81424 19.41649 25.23886 25.23886 41.72529 13.03840 58.42089 56.43580 66.21933 55.97321 32.52691 22.82542 27.20294 23.53720 54.33231 13.89244 28.63564 56.82429 5.65685 37.85499 64.93843 27.16616 25.94224 51.47815 52.63079 53.75872 26.24881 6.00000 36.87818 42.44997 20.61553 
40.60788 10.81665 8.94427 8.24621 29.52965 76.23647 68.88396 19.10497 16.55295 69.35416 38.01316 16.55295 58.85576 38.60052 13.00000 55.65968 27.16616 41.43670 58.42089 31.04835 60.74537 7.61577 43.01163 64.12488 15.00000 64.00781 34.13210 32.55764 75.15318 58.83026 9.21954 38.58756 6.40312 57.48913 48.50773 26.07681 40.80441 62.20129 4.47214 46.84015 0.00000 11.00000 22.84732 69.85700 51.62364 71.38627 13.60147 51.19570 36.49658 34.88553 43.27817 28.30194 24.83948 62.81720 44.27189 18.35756 29.06888 6.32456 69.35416 62.43397 46.57252 38.07887 17.02939 28.00000 23.76973 28.00000 75.00667 77.36924 33.10589 21.93171 21.58703 16.27882 41.43670 66.00758 24.02082 21.93171 39.44617 14.31782 12.52996 19.41649 32.01562 24.16609 65.00000 67.06713 41.23106 21.02380 57.31492 25.49510 14.86607 44.38468 9.43398 30.61046 50.00000 72.44998 20.88061 26.68333 23.40940 71.58911 45.54119 70.61161 77.66595 40.60788 
