nbNodes
202
nbVehi
30
nbServi
6
r
1 1 1 1 1 1 
0 1 0 0 0 0 
0 0 0 0 1 0 
0 0 0 0 1 0 
0 1 0 0 0 0 
0 0 0 0 0 1 
0 0 0 1 0 0 
0 0 0 0 0 1 
1 0 0 0 0 0 
0 1 0 0 0 0 
0 1 0 0 0 0 
0 0 1 0 0 0 
0 0 0 0 1 0 
0 0 0 0 1 0 
0 0 0 0 1 0 
0 0 0 0 0 1 
0 0 1 0 0 0 
0 0 0 0 0 1 
0 0 1 0 0 0 
0 0 0 0 0 1 
1 0 0 0 0 0 
0 1 0 0 0 0 
0 0 0 0 1 0 
0 0 1 0 0 0 
0 0 0 0 1 0 
0 0 0 0 0 1 
1 0 0 0 0 0 
1 0 0 0 0 0 
0 0 1 0 0 0 
0 0 0 1 0 0 
0 1 0 0 0 0 
1 0 0 0 0 0 
1 0 0 0 0 0 
1 0 0 0 0 0 
0 0 0 0 1 0 
0 0 1 0 0 0 
0 0 1 0 0 0 
0 0 0 0 0 1 
0 0 0 1 0 0 
0 0 0 1 0 0 
0 0 0 0 0 1 
0 0 0 0 1 0 
0 0 1 0 0 0 
1 0 0 0 0 0 
0 0 1 0 0 0 
0 0 1 0 0 0 
0 0 0 0 0 1 
0 0 1 0 0 0 
0 0 0 0 0 1 
0 0 0 0 0 1 
0 1 0 0 0 0 
0 0 0 0 1 0 
0 0 0 0 1 0 
1 0 0 0 0 0 
0 1 0 0 0 0 
1 0 0 0 0 0 
1 0 0 0 0 0 
0 0 1 0 0 0 
0 0 1 0 0 0 
0 0 1 0 0 0 
0 0 1 0 0 0 
1 0 0 0 0 0 
0 0 0 1 0 0 
0 0 0 0 1 0 
0 0 1 0 0 0 
0 0 0 0 0 1 
0 0 0 1 0 0 
0 0 0 0 0 1 
0 0 0 0 1 0 
1 0 0 0 0 0 
0 0 0 0 0 1 
1 0 0 0 0 0 
0 0 1 0 0 0 
1 0 0 0 0 0 
0 1 0 0 0 0 
0 0 0 0 0 1 
0 0 0 1 0 0 
0 0 1 0 0 0 
0 1 0 0 0 0 
1 0 0 0 0 0 
1 0 0 0 0 0 
1 0 0 0 0 0 
0 1 0 0 0 0 
1 0 0 0 0 0 
0 0 1 0 0 0 
0 1 0 0 0 0 
0 1 0 0 0 0 
0 0 1 0 0 0 
0 0 0 0 1 0 
0 1 0 0 0 0 
1 0 0 0 0 0 
0 0 0 1 0 0 
0 0 0 0 1 0 
0 0 1 0 0 0 
0 0 0 0 1 0 
0 0 1 0 0 0 
0 1 0 0 0 0 
0 1 0 0 0 0 
0 1 0 0 0 0 
0 0 0 0 1 0 
0 0 0 0 0 1 
0 1 0 0 0 0 
0 0 0 1 0 0 
0 0 0 0 0 1 
0 0 0 0 1 0 
0 1 0 0 0 0 
0 0 0 1 0 0 
0 0 0 0 0 1 
0 0 0 0 0 1 
0 0 0 1 0 0 
0 0 0 1 0 0 
0 0 1 0 0 0 
0 0 1 0 0 0 
0 0 0 1 0 0 
0 0 0 0 1 0 
0 0 0 1 0 0 
0 0 1 0 0 0 
0 1 0 0 0 0 
0 0 0 1 0 0 
0 0 0 1 0 0 
0 0 0 0 1 0 
0 0 0 0 1 0 
0 1 0 0 0 0 
1 0 0 0 0 0 
0 0 1 0 0 0 
0 1 0 0 0 0 
0 0 1 0 0 0 
0 0 1 0 0 0 
0 0 0 0 0 1 
0 0 0 0 0 1 
0 0 0 0 1 0 
0 0 0 0 0 1 
0 0 0 1 0 0 
0 0 0 1 0 0 
0 1 0 0 0 0 
0 1 0 0 0 0 
0 0 0 1 0 0 
0 1 0 0 0 0 
0 1 0 0 0 0 
0 0 1 0 0 0 
1 0 0 0 0 0 
0 0 0 1 1 0 
0 0 0 1 1 0 
0 0 0 0 1 1 
0 0 0 1 1 0 
0 0 0 0 1 1 
0 0 0 1 1 0 
0 0 0 1 1 0 
0 0 0 0 1 1 
0 0 0 1 1 0 
0 0 0 1 0 1 
0 0 0 1 1 0 
0 0 0 1 0 1 
0 0 0 0 1 1 
0 0 0 1 1 0 
0 0 0 1 0 1 
0 0 0 0 1 1 
0 0 0 1 0 1 
0 0 0 1 0 1 
0 0 0 1 1 0 
0 0 0 1 0 1 
0 0 0 1 0 1 
0 0 0 1 0 1 
0 0 0 1 1 0 
0 0 0 0 1 1 
0 0 0 1 1 0 
0 0 0 1 0 1 
0 0 0 1 1 0 
0 0 0 0 1 1 
0 0 0 1 1 0 
0 0 0 0 1 1 
1 0 0 0 1 0 
1 0 0 0 1 0 
0 0 1 0 0 1 
0 0 1 1 0 0 
0 0 1 0 1 0 
0 0 1 1 0 0 
1 0 0 0 0 1 
1 0 0 0 0 1 
0 1 0 0 1 0 
1 0 0 0 0 1 
0 1 0 0 0 1 
1 0 0 0 0 1 
0 0 1 1 0 0 
0 0 1 0 1 0 
0 0 1 0 0 1 
0 1 0 1 0 0 
0 0 1 1 0 0 
1 0 0 0 0 1 
1 0 0 0 0 1 
1 0 0 1 0 0 
0 1 0 1 0 0 
1 0 0 0 0 1 
0 1 0 0 0 1 
1 0 0 0 0 1 
0 0 1 1 0 0 
0 0 1 0 0 1 
1 0 0 0 0 1 
0 1 0 0 1 0 
0 0 1 0 0 1 
1 0 0 0 0 1 
1 1 1 1 1 1 
DS
142 143 144 145 146 147 148 149 150 151 152 153 154 155 156 157 158 159 160 161 162 163 164 165 166 167 168 169 170 171 192 172 173 174 175 176 177 178 179 180 181 182 183 184 185 186 187 188 189 190 191 193 194 195 196 197 198 199 200 201 
a
1 0 0 0 0 0 
0 0 1 0 0 0 
1 1 0 0 0 0 
1 1 0 0 0 0 
1 1 0 0 0 0 
1 0 1 0 0 0 
1 0 0 0 0 0 
1 0 1 0 0 0 
1 1 1 0 0 0 
0 1 1 0 0 0 
0 0 0 0 1 1 
0 0 0 1 1 1 
0 0 0 1 1 1 
0 0 0 1 1 1 
0 0 0 0 1 1 
0 0 0 1 1 0 
0 0 0 1 1 1 
0 0 0 1 0 1 
0 0 0 1 1 1 
0 0 0 1 1 0 
0 0 0 1 1 1 
0 0 0 1 1 1 
0 0 0 1 1 1 
0 0 0 1 1 1 
0 0 0 1 0 1 
0 0 0 1 1 1 
0 0 0 1 1 1 
0 0 0 1 1 1 
0 0 0 0 1 1 
0 0 0 0 1 1 
x
89 48 59 73 13 46 26 95 11 39 91 6 1 62 93 26 66 50 3 15 52 10 4 84 5 98 48 18 60 42 46 76 99 59 70 38 0 39 46 76 42 78 79 98 71 21 78 46 53 72 25 35 47 85 77 66 23 39 47 89 98 58 13 26 69 71 59 21 19 42 8 87 2 98 36 8 49 4 30 5 41 42 81 14 26 63 0 47 16 49 51 82 12 94 73 6 78 80 82 99 98 89 64 65 33 58 19 52 83 65 35 39 23 52 98 43 44 75 56 10 97 76 61 46 33 58 83 65 70 36 54 0 8 85 29 90 19 3 36 11 76 66 81 87 34 64 17 3 38 95 22 96 45 84 72 4 78 79 22 70 11 18 24 59 54 97 12 21 13 61 86 69 73 31 73 18 16 48 10 37 88 80 46 69 65 88 53 46 43 77 39 7 38 0 75 37 16 86 84 71 0 89 
y
11 15 16 49 40 8 43 35 7 45 19 5 22 42 42 26 22 48 37 0 24 8 32 2 26 21 18 33 1 30 13 36 8 42 1 38 29 43 47 31 6 4 39 48 40 22 40 48 21 31 19 36 20 29 18 3 48 28 18 38 24 3 12 37 11 26 0 49 21 37 43 49 12 40 36 45 6 6 33 22 35 38 12 44 44 3 37 32 3 48 48 15 38 3 44 33 8 4 34 24 18 24 13 17 41 23 4 4 7 13 27 20 39 21 5 38 28 33 34 35 4 16 18 5 45 27 2 2 12 37 48 20 10 15 27 29 10 7 37 1 37 35 40 5 45 14 23 36 14 41 23 22 24 13 16 27 0 11 7 2 4 25 48 20 37 17 45 20 25 10 16 19 19 23 2 49 37 16 25 22 0 41 9 29 15 26 17 37 6 24 16 3 10 6 41 39 31 20 41 10 0 11 
d
0.00000 41.19466 30.41381 41.23106 81.34494 43.10452 70.66116 24.73863 78.10250 60.46487 8.24621 83.21658 88.68484 41.10961 31.25700 64.76110 25.49510 53.75872 89.84431 74.81310 39.21734 79.05694 87.55570 10.29563 85.32878 13.45362 41.59327 74.33034 30.67572 50.69517 43.04649 28.17801 10.44031 43.13931 21.47091 57.70615 90.80198 59.36329 56.08030 23.85372 47.26521 13.03840 29.73214 38.07887 34.13210 68.88396 31.01612 56.72742 37.36308 26.24881 64.49806 59.50630 42.95346 18.43909 13.89244 24.35159 75.66373 52.81098 42.57934 27.00000 15.81139 32.01562 76.00658 68.15424 20.00000 23.43075 31.95309 77.89737 70.71068 53.71220 87.09191 38.05260 87.00575 30.36445 58.60034 87.84646 40.31129 85.14693 62.96825 84.71718 53.66563 54.20332 8.06226 81.93900 71.11962 27.20294 92.72001 46.95743 73.43705 54.48853 53.03772 8.06226 81.59657 9.43398 36.67424 85.86617 11.40175 11.40175 24.04163 16.40122 11.40175 13.00000 25.07987 24.73863 63.52952 33.24154 70.34913 37.65634 7.21110 24.08319 56.32051 50.80354 71.69379 38.32754 10.81665 53.33854 48.10405 26.07681 40.22437 82.56513 10.63015 13.92839 28.86174 43.41659 65.51336 34.88553 10.81665 25.63201 19.02630 59.03389 50.93133 89.45390 81.00617 5.65685 62.09670 18.02776 70.00714 86.09297 59.03389 78.63841 29.06888 33.24154 30.08322 6.32456 64.66065 25.17936 72.99315 89.56004 51.08816 30.59412 68.06614 13.03840 45.88028 5.38516 17.72005 86.49277 15.55635 10.00000 67.11930 21.02380 78.31347 72.36712 74.79305 31.32092 43.60046 10.00000 84.17244 68.59300 77.27872 28.01785 5.83095 21.54066 17.88854 59.22837 18.35756 80.52950 77.49194 41.30375 80.23092 53.15073 11.04536 31.32092 43.04649 26.90725 24.33105 15.03330 36.49658 50.24938 46.27094 17.69181 50.24938 82.38932 51.00980 89.14034 33.10589 59.05929 75.69016 9.48683 30.41381 18.02776 89.67720 0.00000 
41.19466 0.00000 11.04536 42.20190 43.01163 7.28011 35.60899 51.07837 37.85499 31.32092 43.18565 43.17407 47.51842 30.41381 52.47857 24.59675 19.31321 33.06055 50.08992 36.24914 9.84886 38.63936 47.16991 38.27532 44.38468 50.35871 3.00000 34.98571 18.43909 16.15549 2.82843 35.00000 51.47815 29.15476 26.07681 25.07987 50.00000 29.41088 32.06244 32.24903 10.81665 31.95309 39.20459 59.90826 33.97058 27.89265 39.05125 33.06055 7.81025 28.84441 23.34524 24.69818 5.09902 39.56008 29.15476 21.63331 41.40048 15.81139 3.16228 47.01064 50.80354 15.62050 35.12834 31.11270 21.37756 25.49510 18.60108 43.41659 29.61419 22.80351 48.82622 51.73973 46.09772 55.90170 24.18677 50.00000 9.05539 44.91102 25.45584 43.56604 21.18962 23.76973 33.13608 44.68781 36.40055 19.20937 52.80152 17.02939 34.17601 33.01515 33.13608 34.00000 42.72002 47.53946 38.28838 45.69464 30.80584 33.83785 38.94868 51.78803 50.08992 41.97618 16.12452 17.11724 30.01666 12.80625 31.01612 11.70470 35.90265 17.11724 17.69181 10.29563 34.65545 7.21110 50.99020 23.53720 13.60147 32.44996 20.61553 42.94182 50.21952 28.01785 13.34166 10.19804 33.54102 15.62050 37.33631 21.40093 22.20360 25.05993 33.54102 48.25971 40.31129 37.00000 22.47221 44.27189 29.42788 45.70558 25.05993 39.56008 35.60899 26.90725 41.40048 40.26164 33.10589 16.03122 32.01562 49.65884 10.04988 53.71220 27.20294 48.50773 9.48683 36.05551 24.02082 45.60702 33.54102 31.25700 27.20294 25.55386 38.60052 31.62278 40.80441 12.08305 22.80351 49.04080 46.86150 27.45906 36.40055 13.92839 38.01316 21.37756 25.31798 18.78829 28.17801 45.34314 38.83298 1.00000 39.29377 13.03840 42.72002 41.23106 6.32456 25.23886 17.00000 41.48494 5.38516 22.09072 10.29563 30.36445 9.05539 42.72002 11.18034 48.83646 37.48333 26.40076 35.77709 38.32754 44.40721 23.53720 50.28916 41.19466 
30.41381 11.04536 0.00000 35.84690 51.88449 15.26434 42.63801 40.70626 48.83646 35.22783 32.14032 54.12947 58.30952 26.17250 42.80187 34.48188 9.21954 33.24154 59.80803 46.81880 10.63015 49.64877 57.28001 28.65310 54.91812 39.31921 11.18034 44.38468 15.03330 22.02272 13.34166 26.24881 40.79216 26.00000 18.60108 30.41381 60.41523 33.60060 33.61547 22.67157 19.72308 22.47221 30.47950 50.44799 26.83282 38.47077 30.61046 34.53983 7.81025 19.84943 34.13210 31.24100 12.64911 29.06888 18.11077 14.76482 48.16638 23.32381 12.16553 37.20215 39.81206 13.03840 46.17359 39.11521 11.18034 15.62050 16.00000 50.32892 40.31129 27.01851 57.70615 43.27817 57.14018 45.79301 30.47950 58.66856 14.14214 55.90170 33.61547 54.33231 26.17250 27.80288 22.36068 53.00000 43.27817 13.60147 62.62587 20.00000 44.92215 33.52611 32.98485 23.02173 51.89412 37.33631 31.30495 55.65968 20.61553 24.18677 29.20616 40.79216 39.05125 31.04835 5.83095 6.08276 36.06938 7.07107 41.76123 13.89244 25.63201 6.70820 26.40076 20.39608 42.72002 8.60233 40.52160 27.20294 19.20937 23.34524 18.24829 52.55473 39.84972 17.00000 2.82843 17.02939 38.94868 11.04536 27.78489 15.23155 11.70470 31.14482 32.38827 59.13544 51.35173 26.01922 31.95309 33.61547 40.44750 56.71860 31.14482 50.28916 27.01851 20.24846 32.55764 30.08322 38.28838 5.38516 42.57934 59.46427 21.09502 43.82921 37.65634 37.48333 16.12452 25.17936 13.00000 56.08921 24.83948 20.61553 38.07887 17.80449 49.47727 41.97618 47.42362 4.00000 21.58703 38.01316 55.22681 38.20995 46.87217 6.32456 27.00000 10.44031 14.31782 28.86174 19.79899 52.63079 47.85394 11.00000 49.81967 22.80351 33.12099 32.64966 14.76482 16.40122 6.08276 30.67572 6.08276 24.69818 18.86796 19.69772 20.00000 53.60037 21.84033 59.84146 29.68164 31.82766 45.54119 27.29469 35.35534 13.41641 61.13101 30.41381 
41.23106 42.20190 35.84690 0.00000 60.67125 49.09175 47.38143 26.07681 74.88658 34.23449 34.98571 80.15610 76.89603 13.03840 21.18962 52.32590 27.89265 23.02173 71.02112 75.92760 32.64966 75.16648 71.06335 48.27007 71.78440 37.53665 39.82462 57.28001 49.72927 36.35932 45.00000 13.34166 48.54894 15.65248 48.09366 36.68787 75.69016 34.52535 27.07397 18.24829 53.00943 45.27693 11.66190 25.01999 9.21954 58.59181 10.29563 27.01851 34.40930 18.02776 56.60389 40.16217 38.94868 23.32381 31.25700 46.52956 50.01000 39.96248 40.45986 19.41649 35.35534 48.38388 70.49113 48.50773 38.20995 23.08679 50.96077 52.00000 60.82763 33.24154 65.27634 14.00000 80.06248 26.57066 39.21734 65.12296 49.24429 81.30191 45.88028 73.16420 34.92850 32.89377 37.85499 59.21149 47.26521 47.07441 73.97973 31.06445 73.24616 24.02082 22.02272 35.17101 61.98387 50.56679 5.00000 68.88396 41.30375 45.54119 17.49286 36.06938 39.82462 29.68164 37.10795 32.98485 40.79216 30.01666 70.29225 49.65884 43.17407 36.87818 43.90900 44.68781 50.99020 35.00000 50.60632 31.95309 35.80503 16.12452 22.67157 64.53681 51.00000 33.13608 33.24154 51.62364 40.19950 26.62705 48.05206 47.67599 37.12142 38.89730 19.02630 78.54935 75.80237 36.05551 49.19350 26.24881 66.61081 81.63333 38.89730 78.40918 12.36932 15.65248 12.04159 46.17359 39.20459 36.13862 61.74140 71.19691 49.49747 23.40940 57.24509 35.46830 37.53665 37.64306 33.01515 72.42237 49.25444 38.47077 66.06815 47.09565 76.60940 60.00833 49.01020 32.20248 22.47221 40.00000 61.13101 59.53990 64.62198 40.80441 35.46830 30.26549 30.00000 49.39636 47.00000 55.00000 58.24946 41.40048 67.41662 45.00000 51.24451 10.63015 48.25971 20.39608 34.92850 27.45906 37.73592 29.54657 52.43091 25.31798 47.38143 80.44874 52.40229 84.72308 8.24621 37.36308 59.77458 31.78050 13.60147 39.05125 87.92042 41.23106 
81.34494 43.01163 51.88449 60.67125 0.00000 45.96738 13.34166 82.15230 33.06055 26.47640 80.77747 35.69314 21.63331 49.04080 80.02500 19.10497 55.97321 37.85499 10.44031 40.04997 42.15448 32.14032 12.04159 80.52950 16.12452 87.09765 41.34005 8.60233 61.07373 30.67572 42.63801 63.12686 91.76056 46.04346 69.06519 25.07987 17.02939 26.17250 33.73426 63.63961 44.68781 74.30343 66.00758 85.37564 58.00000 19.69772 65.00000 33.95585 44.28318 59.68249 24.18677 22.36068 39.44617 72.83543 67.67570 64.63745 12.80625 28.63564 40.49691 76.02631 86.49277 58.25805 28.00000 13.34166 63.06346 59.66574 60.95900 12.04159 19.92486 29.15476 5.83095 74.54529 30.08322 85.00000 23.34524 7.07107 49.51767 35.17101 18.38478 19.69772 28.44293 29.06888 73.53911 4.12311 13.60147 62.20129 13.34166 34.92850 37.12142 36.87818 38.83298 73.38937 2.23607 89.05055 60.13319 9.89949 72.44998 76.05919 69.26038 87.47571 87.80091 77.66595 57.70615 56.85948 20.02498 48.10405 36.49658 53.07542 77.38863 58.59181 25.55386 32.80244 10.04988 43.38202 91.92388 30.06659 33.24154 62.39391 43.41659 5.83095 91.38928 67.41662 52.80152 48.10405 20.61553 46.84015 79.64923 64.40497 63.50591 23.19483 41.77320 23.85372 30.41381 76.21680 20.61553 77.78175 30.59412 34.48188 23.19483 39.05125 63.07139 53.23533 68.00000 81.85964 21.58703 57.24509 17.46425 10.77033 36.06938 82.00610 19.23538 84.92938 35.77709 75.96052 63.69458 15.81139 76.32169 72.09022 34.20526 68.50547 36.05551 15.81139 13.60147 50.15974 41.10961 87.09191 5.09902 21.54066 15.00000 56.60389 76.84400 59.80803 63.56886 24.75884 71.02112 10.29563 4.24264 42.43819 15.29706 30.00000 85.00000 67.00746 45.27693 57.07013 57.69749 76.29548 46.14109 33.13608 45.34314 65.96969 35.38361 37.48333 39.05125 36.40055 62.00806 24.02082 9.48683 75.69016 71.00704 65.29931 42.05948 81.34494 
43.10452 7.28011 15.26434 49.09175 45.96738 0.00000 40.31129 55.94640 35.01428 37.65634 46.32494 40.11234 47.12749 37.57659 58.00862 26.90725 24.41311 40.19950 51.86521 32.01562 17.08801 36.00000 48.37355 38.47077 44.77723 53.60037 10.19804 37.53665 15.65248 22.36068 5.00000 41.03657 53.00000 36.40055 25.00000 31.04835 50.56679 35.69314 39.00000 37.80212 4.47214 32.24903 45.27693 65.60488 40.60788 28.65310 45.25483 40.00000 14.76482 34.71311 23.70654 30.08322 12.04159 44.29447 32.57299 20.61553 46.14109 21.18962 10.04988 52.43091 54.40588 13.00000 33.24154 35.22783 23.19483 30.80584 15.26434 48.02083 29.96665 29.27456 51.66237 57.98276 44.18144 61.05735 29.73214 53.03772 3.60555 42.04759 29.68164 43.32436 27.45906 30.26549 35.22783 48.16638 41.18252 17.72005 54.37830 24.02082 30.41381 40.11234 40.31129 36.67424 45.34314 48.25971 45.00000 47.16991 32.00000 34.23449 44.40721 55.36244 52.95281 45.88028 18.68154 21.02380 35.46830 19.20937 27.29469 7.21110 37.01351 19.64688 21.95450 13.89244 38.60052 14.31782 52.08647 30.14963 20.09975 38.28838 27.85678 45.00000 51.15662 31.04835 18.02776 3.00000 39.21734 22.47221 37.48333 19.92486 24.33105 30.67572 40.79216 47.53946 38.05260 39.62323 25.49510 48.75449 27.07397 43.01163 30.67572 35.69314 41.72529 33.60060 47.42362 41.10961 38.89730 18.97367 32.64966 51.31277 10.00000 59.07622 28.30194 51.92302 16.03122 38.32754 27.20294 46.09772 32.98485 33.13608 24.02082 24.73863 35.22783 32.75668 45.65085 17.69181 30.08322 51.78803 50.24938 27.73085 37.12142 15.13275 40.79216 25.49510 29.15476 21.21320 27.65863 49.64877 41.72529 8.24621 39.81206 16.64332 42.75512 47.38143 1.00000 31.14482 20.24846 45.69464 11.40175 29.00000 3.60555 34.88553 10.63015 39.31921 8.24621 46.04346 43.93177 32.28002 37.80212 41.76123 50.32892 25.07987 46.69047 43.10452 
70.66116 35.60899 42.63801 47.38143 13.34166 40.31129 0.00000 69.46222 39.00000 13.15295 69.28925 42.94182 32.64966 36.01389 67.00746 17.00000 45.17743 24.51530 23.76973 44.38468 32.20248 38.48376 24.59675 71.02816 27.01851 75.28612 33.30165 12.80625 54.03702 20.61553 36.05551 50.48762 80.95678 33.01515 60.82763 13.00000 29.52965 13.00000 20.39608 51.41984 40.31129 65.00000 53.15073 72.17340 45.09989 21.58703 52.08647 20.61553 34.82815 47.53946 24.02082 11.40175 31.14482 60.63827 56.79789 56.56854 5.83095 19.84943 32.64966 63.19810 74.46476 51.22499 33.61547 6.00000 53.60037 48.10405 54.20332 7.81025 23.08679 17.08801 18.00000 61.29437 39.20459 72.06247 12.20656 18.11077 43.56604 43.04649 10.77033 29.69848 17.00000 16.76305 63.13478 12.04159 1.00000 54.48853 26.68333 23.70654 41.23106 23.53720 25.49510 62.60990 14.86607 78.89233 47.01064 22.36068 62.68174 66.61081 56.71860 75.43209 76.21680 65.80274 48.41487 46.87217 7.28011 37.73592 39.62323 46.87217 67.41662 49.20366 18.35756 26.41969 5.00000 34.05877 81.41253 17.72005 23.43075 50.01000 31.32092 17.88854 81.00617 56.82429 43.01163 42.94182 7.28011 35.77709 70.21396 56.58622 53.82379 11.66190 28.44293 34.71311 37.58989 65.30697 16.27882 65.51336 33.73426 42.72002 11.66190 44.59821 50.35871 40.79216 55.08176 71.86793 8.24621 47.80167 21.93171 24.04163 31.38471 69.02898 20.39608 73.08215 26.87006 65.29931 53.33854 27.20294 67.47592 61.91123 36.22154 60.14150 41.78516 19.69772 5.38516 40.22437 28.63564 75.61085 14.14214 23.53720 22.20360 48.10405 65.79514 49.24429 52.77310 20.61553 62.36986 10.00000 11.66190 34.82815 24.08319 23.70654 75.45197 54.03702 39.44617 45.22168 48.01042 64.28841 37.48333 20.88061 40.71855 54.42426 29.96665 44.28318 35.11410 45.22168 49.04080 11.70470 15.62050 64.25730 58.03447 55.80323 50.24938 70.66116 
24.73863 51.07837 40.70626 26.07681 82.15230 55.94640 69.46222 0.00000 88.54377 56.88585 16.49242 93.92018 94.89468 33.73426 7.28011 69.58448 31.78050 46.84015 92.02174 87.32125 44.38468 89.18520 91.04944 34.78505 90.44888 14.31782 49.98000 77.02597 48.79549 53.23533 53.71220 19.02630 27.29469 36.67424 42.20190 57.07889 95.18929 56.56854 50.44799 19.41649 60.41523 35.35534 16.49242 13.34166 24.51530 75.13322 17.72005 50.69517 44.27189 23.34524 71.80529 60.00833 50.28916 11.66190 24.75884 43.18565 73.16420 56.43580 50.92151 6.70820 11.40175 48.91830 85.16455 69.02898 35.38361 25.63201 50.20956 75.31268 77.27872 53.03772 87.36704 16.12452 95.80188 5.83095 59.00847 87.57283 54.37830 95.50916 65.03076 90.93404 54.00000 53.08484 26.92582 81.49847 69.58448 45.25483 95.02105 48.09366 85.23497 47.80167 45.88028 23.85372 83.05420 32.01562 23.76973 89.02247 31.90611 34.43835 13.03840 11.70470 17.26268 12.52996 38.01316 34.98571 62.28965 38.89730 82.07923 53.00943 30.46309 37.20215 60.53098 57.97413 72.11103 45.22168 30.14963 52.08647 51.47815 20.09975 39.01282 85.00000 31.06445 26.87006 38.01316 57.45433 62.80127 37.85499 35.11410 44.59821 33.97058 59.03389 43.01163 96.17692 90.52072 22.36068 66.48308 7.81025 80.00625 96.16652 59.03389 90.62009 19.10497 29.00000 14.86607 31.04835 61.81424 37.44329 78.91768 92.00543 60.74537 6.00000 73.97973 13.03840 51.19570 24.59675 29.83287 91.35097 38.91015 28.84441 78.18568 41.40048 89.53770 77.64664 72.18033 39.00000 41.04875 18.11077 83.60024 75.50497 82.60751 42.20190 21.02380 30.52868 27.20294 65.11528 39.66106 78.26238 79.02531 50.69517 85.58621 59.43904 35.69314 16.15549 55.47071 26.68333 36.05551 11.40175 45.69464 49.04080 59.53990 21.09502 59.13544 93.63760 62.24147 99.32774 20.88061 58.13777 79.10120 17.49286 12.52996 34.65545 101.24228 24.73863 
78.10250 37.85499 48.83646 74.88658 33.06055 35.01428 39.00000 88.54377 0.00000 47.20169 80.89499 5.38516 18.02776 61.85467 89.15716 24.20744 57.00877 56.58622 31.04835 8.06226 44.38468 1.41421 25.96151 73.17103 19.92486 88.11924 38.60052 26.92582 49.36598 38.60052 35.51056 71.17584 88.00568 59.40539 59.30430 41.10961 24.59675 45.60702 53.15073 69.28925 31.01612 67.06713 75.15318 96.17692 68.47627 18.02776 74.68601 53.90733 44.27189 65.55151 18.43909 37.64306 38.27532 77.20104 66.91039 55.14526 42.72002 35.00000 37.64306 83.93450 88.64536 47.16991 5.38516 33.54102 58.13777 62.93648 48.50773 43.17407 16.12452 43.13931 36.12478 86.83317 10.29563 93.04837 38.28838 38.11824 38.01316 7.07107 32.20248 16.15549 41.03657 43.84062 70.17834 37.12142 39.92493 52.15362 31.95309 43.82921 6.40312 55.90170 57.28001 71.44928 31.01612 83.09633 72.20111 26.47640 67.00746 69.06519 75.96052 89.62700 87.69265 79.83107 53.33854 54.91812 40.49691 49.64877 8.54400 41.10961 72.00000 54.33231 31.24100 30.87070 34.17601 43.32436 87.02299 44.55334 39.11521 69.07966 52.47857 28.01785 86.05231 65.62012 51.19570 35.05710 43.90900 51.07837 72.17340 54.23099 59.21149 39.05125 59.41380 17.02939 4.24264 74.43118 26.90725 82.00610 8.54400 8.00000 39.05125 6.00000 71.58911 61.71710 77.38863 76.02631 44.41846 53.46027 17.08801 30.08322 27.89265 90.62009 19.41649 86.31338 38.01316 73.24616 61.66036 21.18962 67.36468 68.11755 11.00000 59.21149 3.00000 19.31321 43.01163 49.72927 52.43091 86.57944 38.01316 16.40122 18.11077 50.08992 75.53807 59.22837 63.15061 25.61250 62.20129 42.57934 30.41381 38.07887 18.02776 30.01666 77.31753 76.92204 35.05710 62.03225 54.58938 79.30952 43.17407 46.09772 32.01562 68.15424 29.41088 5.65685 27.16616 11.04536 72.47068 41.23106 24.51530 76.11833 80.52950 60.07495 13.03840 78.10250 
60.46487 31.32092 35.22783 34.23449 26.47640 37.65634 13.15295 56.88585 47.20169 0.00000 58.13777 51.85557 44.41846 23.19483 54.08327 23.02173 35.46830 11.40175 36.87818 51.00000 24.69818 47.01064 37.33631 62.24147 38.94868 63.69458 28.46050 24.18677 48.75449 15.29706 32.75668 38.07887 70.49113 20.22375 53.82379 7.07107 42.15448 2.00000 7.28011 39.56008 39.11521 56.58622 40.44750 59.07622 32.38827 29.20616 39.31921 7.61577 27.78489 35.84690 29.52965 9.84886 26.24881 48.70318 46.61545 49.92995 16.27882 17.00000 28.16026 50.48762 62.62587 46.09772 42.01190 15.26434 45.34314 37.21559 49.24429 18.43909 31.24100 8.54400 31.06445 48.16638 49.57822 59.21149 9.48683 31.00000 40.26164 52.40229 15.00000 41.04875 10.19804 7.61577 53.41348 25.01999 13.03840 48.37355 39.81206 15.26434 47.88528 10.44031 12.36932 52.43091 27.89265 69.20260 34.01470 35.11410 53.75872 57.98276 44.38468 63.56886 64.88451 54.23099 40.60788 38.20995 7.21110 29.06888 45.61798 43.01163 58.13777 41.23106 18.43909 25.00000 17.08801 27.29469 71.28113 8.06226 17.72005 37.94733 20.24846 30.67572 71.02816 47.01064 34.82815 40.60788 6.00000 26.17250 61.52235 50.24938 45.27693 8.54400 15.29706 46.32494 46.75468 54.91812 20.59126 53.45091 40.31129 52.34501 8.54400 52.15362 37.85499 28.79236 42.29657 62.48200 5.00000 39.82462 31.11270 37.10795 31.01612 56.14268 27.80288 61.46544 21.84033 55.21775 43.93177 39.35734 59.54830 52.49762 41.62932 53.00943 49.64877 29.00000 15.29706 32.01562 17.00000 64.40497 27.00000 30.80584 32.80244 41.34005 55.22681 39.69887 42.80187 23.40940 54.81788 21.37756 24.35159 30.36445 35.22783 23.08679 66.52819 41.19466 36.67424 34.00000 39.69887 52.55473 31.30495 10.63015 39.20459 43.41659 29.00000 52.80152 35.01428 55.15433 36.22154 6.32456 26.92582 53.23533 45.17743 47.42362 59.54830 60.46487 
8.24621 43.18565 32.14032 34.98571 80.77747 46.32494 69.28925 16.49242 80.89499 58.13777 0.00000 86.14523 90.04999 37.01351 23.08679 65.37584 25.17936 50.21952 89.82205 78.33901 39.31921 81.74350 87.96590 18.38478 86.28441 7.28011 43.01163 74.33034 35.84690 50.21952 45.39824 22.67157 13.60147 39.40812 27.65863 56.30275 91.54780 57.27128 53.00000 19.20937 50.69517 19.84943 23.32381 29.83287 29.00000 70.06426 24.69818 53.53504 38.05260 22.47221 66.00000 58.52350 44.01136 11.66190 14.03567 29.68164 73.92564 52.77310 44.01136 19.10497 8.60233 36.67424 78.31347 67.44627 23.40940 21.18962 37.21559 76.15773 72.02777 52.20153 86.40023 30.26549 89.27486 22.13594 57.56735 86.97701 43.96590 87.96590 62.58594 86.05231 52.49762 52.55473 12.20656 80.95678 69.64194 32.24903 92.76314 45.88028 76.68768 51.03920 49.40648 9.84886 81.25269 16.27882 30.80584 86.14523 17.02939 18.60108 17.49286 9.43398 7.07107 5.38516 27.65863 26.07681 62.03225 33.24154 73.54590 41.78516 14.42221 26.68333 56.56854 52.00961 70.88018 39.05125 15.65248 51.62364 47.85394 21.26029 38.07887 82.56513 16.15549 15.29706 30.01666 47.12749 63.56099 33.95585 18.78829 31.06445 22.13594 57.87055 47.01064 91.00549 83.48653 7.21110 62.51400 10.04988 72.56032 88.81441 57.87055 82.00000 23.43075 29.68164 23.25941 14.56022 62.64982 27.45906 74.10803 89.62700 53.23533 22.36068 69.11584 5.83095 46.27094 9.21954 19.23538 87.36704 23.02173 14.42221 70.03571 27.01851 81.39410 73.24616 73.00685 32.01562 41.14608 6.32456 83.16850 70.00714 78.23043 31.32092 5.83095 22.00000 18.00000 60.13319 24.75884 78.92401 77.12976 43.10452 81.22192 54.08327 19.23538 24.59675 46.09772 24.16609 26.30589 7.61577 38.05260 48.46648 49.72927 14.86607 52.08647 85.51023 53.75872 91.92388 27.20294 57.58472 75.95393 5.09902 23.08679 21.93171 92.96236 8.24621 
83.21658 43.17407 54.12947 80.15610 35.69314 40.11234 42.94182 93.92018 5.38516 51.85557 86.14523 0.00000 17.72005 67.11930 94.54100 29.00000 62.36185 61.52235 32.14032 10.29563 49.76947 5.00000 27.07397 78.05767 21.02380 93.38094 43.96590 30.46309 54.14795 43.82921 40.79216 76.55717 93.04837 64.63745 64.12488 45.96738 24.73863 50.32892 58.00000 74.67262 36.01389 72.00694 80.52950 101.55294 73.82412 22.67157 80.05623 58.72819 49.64877 70.93659 23.60085 42.44997 43.65776 82.56513 72.18033 60.03332 46.23851 40.22437 43.01163 89.31965 93.94147 52.03845 9.89949 37.73592 63.28507 68.30813 53.23533 46.48656 20.61553 48.16638 38.05260 92.17917 8.06226 98.43272 43.13931 40.04997 43.01163 2.23607 36.87818 17.02939 46.09772 48.83646 75.32596 39.81206 43.82921 57.03508 32.55764 49.09175 10.19804 60.81118 62.24147 76.65507 33.54102 88.02272 77.52419 28.00000 72.06247 74.00676 81.34494 94.92102 92.91394 85.14693 58.54912 60.20797 45.00000 55.02727 13.03840 46.01087 77.02597 59.53990 36.40055 36.24914 38.01316 48.70318 92.00000 49.57822 44.41846 74.46476 57.80138 30.26549 91.00549 70.85901 56.51548 40.00000 48.25971 56.46238 77.05842 59.07622 64.38167 43.86342 64.44377 16.15549 5.38516 79.63040 31.82766 87.36132 13.92839 3.60555 43.86342 6.40312 76.96753 67.08204 82.76473 81.00000 48.82622 58.69412 21.09502 31.14482 33.24154 96.00521 24.08319 91.59148 43.38202 78.40918 66.91039 22.09072 72.17340 73.24616 16.12452 64.07027 5.09902 23.32381 46.61545 55.08176 57.68882 91.78780 40.44750 21.21320 21.18962 55.22681 80.75271 64.53681 68.44706 30.80584 67.06713 45.60702 33.52611 43.41659 20.39608 35.35534 82.15230 82.29216 40.19950 67.41662 59.84146 84.64632 48.50773 51.22499 37.01351 73.49830 34.78505 2.23607 32.38827 6.08276 77.82673 46.01087 27.85678 81.39410 85.90693 65.19202 7.81025 83.21658 
88.68484 47.51842 58.30952 76.89603 21.63331 47.12749 32.64966 94.89468 18.02776 44.41846 90.04999 17.72005 0.00000 64.19502 94.14882 25.31798 65.00000 55.47071 15.13275 26.07681 51.03920 16.64332 10.44031 85.37564 5.65685 97.00515 47.16991 20.24846 62.62587 41.77320 45.89118 76.29548 98.99495 61.35145 72.12489 40.31129 7.07107 43.41659 51.47815 75.53807 44.01136 79.07591 79.83107 100.42410 72.27724 20.00000 79.07591 51.97115 52.00961 71.56815 24.18677 36.76955 46.04346 84.29116 76.10519 67.72001 34.05877 38.47077 46.17359 89.44272 97.02062 60.08328 15.62050 29.15476 68.88396 70.11419 62.03225 33.60060 18.02776 43.65776 22.13594 90.13878 10.04988 98.65597 37.69615 24.04163 50.59644 16.27882 31.01612 4.00000 42.05948 44.01136 80.62258 25.55386 33.30165 64.84597 15.03330 47.07441 24.20744 54.58938 56.35601 81.30191 19.41649 94.92102 75.28612 12.08305 78.26238 81.02469 81.88406 98.02041 97.08244 88.02272 63.63961 64.19502 37.21559 57.00877 25.45584 54.08327 83.36066 64.62971 34.36568 38.05260 27.80288 51.00980 98.47842 44.94441 43.41659 74.81310 56.29387 15.81139 97.67292 75.23962 60.13319 48.10405 39.40812 57.21888 84.40379 67.05222 69.72087 38.07887 59.03389 2.23607 13.89244 84.29116 28.44293 89.27486 21.63331 15.13275 38.07887 23.25941 76.48529 66.28725 82.00000 87.66413 40.22437 63.50591 16.03122 14.14214 37.85499 95.90099 21.02380 95.00000 44.04543 83.48653 71.25307 5.83095 80.08121 78.77182 25.80698 71.84010 20.59126 17.26268 34.71311 58.03447 55.08176 96.13012 25.49510 20.09975 12.36932 61.18823 85.21150 68.06614 72.06247 30.01666 74.72617 31.90611 21.21320 47.38143 9.48683 36.00000 89.73851 81.25269 46.84015 68.35934 64.38167 87.09191 52.23983 47.43416 44.94441 76.02631 38.47077 19.92486 38.89730 16.03122 76.40026 39.81206 17.49286 85.02353 85.14693 71.02112 22.02272 88.68484 
41.10961 30.41381 26.17250 13.03840 49.04080 37.57659 36.01389 33.73426 61.85467 23.19483 37.01351 67.11930 64.19502 0.00000 31.00000 39.39543 20.39608 13.41641 59.21149 63.03174 20.59126 62.12890 58.85576 45.65085 59.20304 41.67733 27.78489 44.91102 41.04875 23.32381 33.12099 15.23155 50.24938 3.00000 41.77320 24.33105 63.34824 23.02173 16.76305 17.80449 41.18252 41.23106 17.26268 36.49658 9.21954 45.61798 16.12452 17.08801 22.84732 14.86607 43.56604 27.65863 26.62705 26.41969 28.30194 39.20459 39.45884 26.92582 28.30194 27.29469 40.24922 39.20459 57.45433 36.34556 31.78050 18.35756 42.10701 41.59327 47.85394 20.61553 54.00926 25.96151 67.08204 36.05551 26.68333 54.08327 38.27532 68.26419 33.24154 60.40695 22.13594 20.39608 35.51056 48.04165 36.05551 39.01282 62.20129 18.02776 60.30755 14.31782 12.52996 33.60060 50.15974 50.44799 11.18034 56.71860 37.57659 42.04759 21.54066 41.14608 43.26662 32.44996 29.06888 25.17936 29.01724 19.41649 57.38467 39.29377 40.81666 29.15476 30.88689 31.82766 39.11521 23.25941 51.62364 19.41649 22.80351 15.81139 10.00000 52.46904 51.66237 29.52965 24.02082 40.31129 29.15476 15.52417 45.17743 40.11234 31.04835 26.47640 10.00000 65.78754 62.76942 35.46830 36.24914 30.87070 53.60037 68.60029 26.47640 65.43699 14.86607 8.06226 19.10497 44.65423 28.16026 28.07134 48.84670 59.30430 36.87818 33.01515 44.28318 39.44617 24.75884 36.40055 27.85678 59.90826 44.94441 35.35534 53.15073 40.79216 63.60031 47.16991 38.47077 22.20360 9.43398 43.01163 50.08992 46.52956 51.86521 32.01562 35.38361 24.04163 25.49510 36.35932 41.48494 44.55334 46.27094 29.52965 54.70832 32.01562 49.39636 18.02776 36.67424 14.76482 27.16616 30.52868 26.57066 16.76305 40.70626 23.43075 34.71311 67.42403 40.00000 71.69379 13.03840 25.17936 47.29693 32.55764 22.02272 33.24154 74.88658 41.10961 
31.25700 52.47857 42.80187 21.18962 80.02500 58.00862 67.00746 7.28011 89.15716 54.08327 23.08679 94.54100 94.14882 31.00000 0.00000 68.88396 33.60060 43.41659 90.13878 88.58894 44.77723 89.69392 89.56004 41.00000 89.44272 21.58703 51.00000 75.53807 52.63079 52.39275 55.22681 18.02776 34.52535 34.00000 47.01064 55.14526 93.90421 54.00926 47.26521 20.24846 62.42596 40.85340 14.31782 7.81025 22.09072 74.72617 15.13275 47.38143 45.17743 23.70654 71.78440 58.30952 50.99020 15.26434 28.84441 47.43416 70.25667 55.78530 51.88449 5.65685 18.68154 52.40229 85.44004 67.18631 39.20459 27.20294 54.03702 72.33948 76.92204 51.24451 85.00588 9.21954 95.81753 5.38516 57.31492 85.05292 56.85068 96.00521 63.63961 90.24411 52.46904 51.15662 32.31099 79.02531 67.02984 49.20366 93.13431 47.07441 86.31338 44.40721 42.42641 29.15476 81.09871 39.01282 20.09975 87.46428 37.16181 40.16217 13.60147 18.97367 24.51530 18.43909 41.01219 37.53665 60.00833 39.82462 83.18654 55.90170 36.40055 40.31129 59.90826 58.30952 70.06426 46.06517 37.33631 50.15974 50.96077 20.12461 37.85499 83.29466 38.20995 31.06445 40.00000 59.81639 60.07495 38.07887 41.23106 48.82622 37.80212 57.21888 39.45884 95.56673 90.82401 28.16026 65.73431 13.34166 80.62258 96.56604 57.21888 91.67879 17.72005 27.89265 12.16553 37.48333 59.07622 40.31129 78.33901 90.19978 61.71710 2.23607 73.49830 20.22375 51.26402 30.36445 33.42155 90.25519 44.59821 34.01470 79.15807 46.14109 90.37699 76.90254 69.26038 40.49691 39.31921 25.31798 81.05554 75.28612 81.78631 45.25483 26.92582 33.24154 30.47950 64.84597 44.72136 75.32596 77.16217 51.97115 84.72308 59.46427 42.29657 13.03840 57.42822 27.29469 38.89730 16.76305 47.16991 47.26521 61.61169 24.08319 59.93330 94.42987 63.63175 99.72462 18.02776 56.08030 77.78175 23.08679 9.05539 38.83298 102.04411 31.25700 
64.76110 24.59675 34.48188 52.32590 19.10497 26.90725 17.00000 69.58448 24.20744 23.02173 65.37584 29.00000 25.31798 39.39543 68.88396 0.00000 40.19950 32.55764 25.49510 28.23119 26.07681 24.08319 22.80351 62.76942 21.00000 72.17340 23.40940 10.63015 42.20190 16.49242 23.85372 50.99020 75.18643 36.67424 50.60632 16.97056 26.17250 21.40093 29.00000 50.24938 25.61250 56.46238 54.57105 75.28612 47.12749 6.40312 53.85165 29.73214 27.45906 46.27094 7.07107 13.45362 21.84033 59.07622 51.62364 46.14109 22.20360 13.15295 22.47221 64.13267 72.02777 39.40812 19.10497 11.00000 45.54119 45.00000 42.01190 23.53720 8.60233 19.41649 24.75884 65.19202 27.78489 73.34848 14.14214 26.17250 30.47950 29.73214 8.06226 21.37756 17.49286 20.00000 56.75385 21.63331 18.00000 43.56604 28.23119 21.84033 25.07987 31.82766 33.30165 57.07013 18.43909 71.78440 50.32892 21.18962 55.02727 58.30952 56.56854 73.02739 72.44308 63.03174 40.16217 40.02499 16.55295 32.14032 23.08679 34.05877 60.08328 41.10961 9.05539 14.31782 13.34166 26.47640 75.00000 20.80865 18.11077 49.49747 31.04835 18.35756 74.33034 50.99020 35.90265 29.00000 20.24846 32.01562 61.84658 45.79301 46.17359 14.86607 35.60899 26.68333 24.08319 60.01666 3.16228 64.07027 17.46425 29.83287 14.86607 29.15476 51.19570 41.00000 56.75385 64.51356 20.61553 39.84972 9.48683 25.07987 16.97056 70.61161 5.00000 70.11419 19.10497 59.43904 47.07441 22.02272 58.13777 55.08176 19.41649 50.11986 26.62705 8.06226 22.09072 33.54102 30.08322 71.56815 23.60085 7.81025 13.03840 38.48376 60.82763 43.56604 47.51842 5.83095 52.77310 24.35159 14.86607 24.16609 16.03122 11.70470 67.23095 56.04463 26.24881 43.10452 40.52160 62.00000 28.46050 22.82542 26.24881 51.03920 16.40122 29.83287 20.00000 32.80244 51.24451 17.02939 11.18034 60.29925 59.90826 47.75982 36.76955 64.76110 
25.49510 19.31321 9.21954 27.89265 55.97321 24.41311 45.17743 31.78050 57.00877 35.46830 25.17936 62.36185 65.00000 20.39608 33.60060 40.19950 0.00000 30.52868 64.76110 55.54278 14.14214 57.72348 62.80127 26.90725 61.13101 32.01562 18.43909 49.24429 21.84033 25.29822 21.93171 17.20465 35.84690 21.18962 21.37756 32.24903 66.37017 34.20526 32.01562 13.45362 28.84441 21.63331 21.40093 41.23106 18.68154 45.00000 21.63331 32.80244 13.03840 10.81665 41.10961 34.01470 19.10497 20.24846 11.70470 19.00000 50.24938 27.65863 19.41649 28.01785 32.06244 20.61553 53.93515 42.72002 11.40175 6.40312 23.08679 52.47857 47.01064 28.30194 61.68468 34.20526 64.77654 36.71512 33.10589 62.39391 23.34524 64.03124 37.64306 61.00000 28.17801 28.84441 18.02776 56.46238 45.65085 19.23538 67.68309 21.47091 53.48832 31.06445 30.01666 17.46425 56.32051 33.83785 23.08679 61.00000 18.43909 22.80351 20.00000 33.06055 32.24903 23.08679 9.21954 5.09902 38.07887 8.06226 50.32892 22.80351 22.67157 9.05539 31.40064 27.07397 46.23851 14.03567 36.23534 28.01785 22.80351 14.21267 15.62050 57.48913 35.84690 11.66190 6.40312 26.24881 40.22437 9.43398 26.24881 20.02498 10.77033 33.54102 28.63564 66.03030 59.22837 20.24846 37.33631 25.00000 48.50773 64.76110 33.54102 58.87274 18.02776 13.00000 23.43075 27.01851 39.40812 8.24621 49.01020 64.53681 29.12044 34.66987 44.01136 30.00000 21.09502 20.12461 8.48528 62.20129 25.05993 17.02939 46.48656 20.39608 57.87055 48.09366 49.39636 7.28011 19.20937 31.40064 58.69412 45.04442 53.08484 13.00000 20.88061 4.24264 7.61577 35.01428 21.18962 55.07268 52.20153 18.97367 56.08030 29.00000 31.11270 23.60085 23.85372 7.61577 7.07107 22.36068 13.92839 25.00000 28.01785 11.18034 27.65863 61.98387 30.46309 67.91171 21.02380 33.61547 50.80354 20.09975 26.17250 13.00000 69.57011 25.49510 
53.75872 33.06055 33.24154 23.02173 37.85499 40.19950 24.51530 46.84015 56.58622 11.40175 50.21952 61.52235 55.47071 13.41641 43.41659 32.55764 30.52868 0.00000 48.27007 59.40539 24.08319 56.56854 48.70318 57.20140 50.08992 55.07268 30.06659 35.34119 48.05206 19.69772 35.22783 28.63564 63.25346 10.81665 51.07837 15.62050 53.48832 12.08305 4.12311 31.06445 42.75512 52.15362 30.36445 48.00000 22.47221 38.94868 29.12044 4.00000 27.16616 27.80288 38.28838 19.20937 28.16026 39.82462 40.36087 47.75982 27.00000 22.82542 30.14963 40.26164 53.66563 45.70558 51.62364 26.40076 41.59327 30.41381 48.83646 29.01724 41.10961 13.60147 42.29657 37.01351 60.00000 48.66210 18.43909 42.10701 42.01190 62.28965 25.00000 51.97115 15.81139 12.80625 47.50789 36.22154 24.33105 46.84015 51.19570 16.27882 56.40035 1.00000 1.00000 45.96738 39.29377 62.93648 23.34524 46.48656 48.82622 53.25411 34.92850 54.56189 56.60389 45.79301 37.69615 34.43835 18.38478 26.24881 53.82379 44.04543 52.63079 38.07887 25.80698 30.08322 28.46050 27.07397 64.44377 12.20656 20.88061 29.15476 15.23155 42.05948 64.38167 41.23106 31.95309 43.18565 17.26268 22.47221 56.61272 48.38388 41.18252 17.80449 4.00000 57.30620 56.63921 48.10405 29.69848 44.28318 49.04080 62.36986 17.80449 61.07373 28.23119 20.61553 32.01562 56.72742 16.27882 36.76955 41.40048 48.50773 36.05551 45.54119 37.53665 52.83938 24.51530 48.79549 38.83298 50.56679 55.56978 47.01064 49.64877 50.15974 58.79626 39.40812 26.00000 29.41088 11.70470 56.30275 38.11824 40.31129 43.56604 39.56008 48.16638 34.66987 37.01351 31.40064 51.42956 32.01562 35.73514 32.06244 46.14109 29.06888 61.22091 30.80584 39.20459 26.87006 36.24914 43.90900 31.14482 11.70470 42.57934 36.12478 33.83785 62.24147 39.84972 65.29931 25.96151 15.81139 38.01316 45.60702 34.71311 43.41659 69.31089 53.75872 
89.84431 50.08992 59.80803 71.02112 10.44031 51.86521 23.76973 92.02174 31.04835 36.87818 89.82205 32.14032 15.13275 59.21149 90.13878 25.49510 64.76110 48.27007 0.00000 38.89730 50.69517 29.83287 5.09902 88.23831 11.18034 96.33795 48.84670 15.52417 67.41662 39.62323 49.24429 73.00685 100.28460 56.22277 76.05919 35.01428 8.54400 36.49658 44.14748 73.24616 49.81967 81.93900 76.02631 95.63472 68.06614 23.43075 75.05998 44.38468 52.49762 69.26038 28.42534 32.01562 47.16991 82.38932 76.40026 71.58911 22.82542 37.10795 47.92703 86.00581 95.88535 64.66065 26.92582 23.00000 70.93659 68.88396 67.11930 21.63331 22.62742 39.00000 7.81025 84.85281 25.01999 95.04736 33.01515 9.43398 55.47071 31.01612 27.29469 15.13275 38.05260 39.01282 81.90849 13.03840 24.04163 68.96376 3.00000 44.28318 36.40055 47.29693 49.24429 82.00610 9.05539 97.14422 70.34913 5.00000 80.41144 83.77350 79.05694 96.87621 96.88137 86.97701 65.55151 65.14599 30.26549 56.75385 36.67424 59.07622 85.44004 66.48308 33.52611 39.81206 20.09975 51.54610 100.24470 40.01250 41.97618 72.11103 53.08484 7.28011 99.62429 75.96052 61.03278 53.60037 31.04835 55.90170 87.32125 71.19691 71.51224 33.00000 52.17279 17.26268 27.45906 84.89994 27.85678 87.36704 31.38471 30.00000 33.00000 36.87818 73.00000 63.03174 78.05767 89.88882 32.01562 65.19202 19.79899 1.00000 41.88078 92.08692 23.60085 94.20191 43.96590 84.48077 72.12489 10.04988 83.63014 80.32434 35.51056 75.59100 33.95585 19.20937 23.70654 58.52350 51.00000 96.10411 12.04159 24.75884 15.62050 63.97656 85.61542 68.41053 72.27724 31.30495 78.26238 19.20937 13.00000 49.65884 13.89244 37.16181 92.70383 77.10383 51.31277 66.48308 65.78754 85.70881 53.85165 43.00000 50.60632 75.13322 41.67733 34.23449 44.20407 31.14482 72.11103 34.05877 14.31782 84.72308 81.09871 73.16420 37.12142 89.84431 
