nbNodes
52
nbVehi
10
nbServi
6
r
1 1 1 1 1 1
0 0 0 0 1 0
0 0 1 0 0 0
0 0 0 1 0 0
0 0 0 0 1 0
0 0 0 0 1 0
0 0 0 0 1 0
0 0 0 0 1 0
0 0 0 0 0 1
1 0 0 0 0 0
1 0 0 0 0 0
1 0 0 0 0 0
1 0 0 0 0 0
1 0 0 0 0 0
0 1 0 0 0 0
0 1 0 0 0 0
0 0 0 0 1 0
0 0 0 1 0 0
1 0 0 0 0 0
0 0 0 1 0 0
0 0 0 1 0 0
0 0 0 0 1 0
0 0 1 0 0 0
0 0 0 1 0 0
0 1 0 0 0 0
0 0 1 0 0 0
0 0 1 0 0 0
0 0 0 1 0 0
0 0 0 0 1 0
1 0 0 0 0 0
0 0 0 0 0 1
0 0 0 1 0 0
0 0 0 1 0 0
0 1 0 0 0 0
0 0 0 1 0 0
0 0 0 1 0 0
0 0 0 0 1 1
0 0 0 1 0 1
0 0 0 1 1 0
0 0 0 1 1 0
0 0 0 0 1 1
0 0 0 1 1 0
0 0 0 1 1 0
1 0 0 1 0 0
0 1 0 0 0 1
1 0 0 0 0 1
0 1 0 0 0 1
0 0 1 0 1 0
1 0 0 1 0 0
0 1 0 0 0 1
1 0 0 1 0 0
1 1 1 1 1 1
DS
51 50 49 48 47 46 45 44 43 42 41 40 39 38 37
a
1  0  1  0  0  0
1  1  1  0  0  0
1  0  1  0  0  0
0  0  0  1  1  1
0  0  0  1  1  1
0  0  0  1  1  1
0  0  0  1  0  1
0  0  0  0  1  1
0  0  0  1  1  1
0  0  0  1  1  1
x
36 85 80 68 50 0 8 95 61 7 42 83 18 39 76 23 79 35 18 46 25 73 33 12 76 12 94 44 8 26 74 96 72 20 29 54 37 14 80 31 76 87 97 8 25 6 87 26 40 45 0 36
y
48 16 41 22 45 37 15 30 34 13 42 41 7 4 28 35 7 2 23 5 31 39 7 47 27 31 48 19 17 6 26 5 1 26 1 44 40 48 11 40 31 14 42 37 35 19 10 44 2 12 0 48
d
0.0 58.5235 44.553337 41.231056 14.3178215 37.64306 43.27817 61.68468 28.653097 45.453274 8.485281 47.518417 44.777225 44.102154 44.72136 18.384777 59.413803 46.010868 30.805843 44.14748 20.248457 38.078865 41.109608 24.020824 45.17743 29.410883 58.0 30.083218 41.773197 43.174065 43.908997 73.817345 59.20304 27.202942 47.518417 18.439089 8.062258 22.0 57.48913 9.433981 43.462627 61.294373 61.294373 30.083218 17.029387 41.725292 63.600315 10.770329 46.173584 37.107952 60.0 0.0
58.5235 0.0 25.495098 18.027756 45.453274 87.555695 77.00649 17.20465 30.0 78.05767 50.24938 25.079872 67.601776 47.539455 15.0 64.84597 10.816654 51.92302 67.36468 40.5216 61.846584 25.942244 52.773098 79.30952 14.21267 74.52516 33.24154 41.109608 77.00649 59.841457 14.866069 15.556349 19.849434 65.76473 57.974133 41.773197 53.66563 77.87811 7.071068 59.093147 17.492855 2.828427 28.635643 79.81228 62.936478 79.05694 6.3245554 65.30697 47.127487 40.1995 86.492775 58.5235
44.553337 25.495098 0.0 22.472204 30.265491 80.09994 76.55064 18.601076 20.248457 78.18568 38.013157 3.0 70.71068 55.226807 13.601471 57.31492 34.0147 59.548298 64.56005 49.517673 55.9017 7.28011 58.00862 68.26419 14.56022 68.73136 15.652476 42.190044 75.89466 64.3506 16.155495 39.39543 40.792156 61.846584 64.815125 26.172504 43.011627 66.37017 30.0 49.010204 10.770329 27.89265 17.029387 72.11102 55.326305 77.201035 31.780497 54.08327 55.86591 45.453274 89.89438 44.553337
41.231056 18.027756 22.472204 0.0 29.206163 69.63476 60.40695 28.160255 13.892444 61.66036 32.80244 24.207438 52.201534 34.132095 10.0 46.840153 18.601076 38.587563 50.01 27.802877 43.931767 17.720045 38.078865 61.326992 9.433981 56.718605 36.769554 24.186773 60.207973 44.94441 7.2111025 32.75668 21.377558 48.166378 44.294468 26.076809 35.846897 59.933296 16.27882 41.14608 12.0415945 20.615528 35.22783 61.846584 44.922153 62.072536 22.472204 47.41308 34.4093 25.079872 71.470276 41.231056
14.3178215 45.453274 30.265491 29.206163 0.0 50.635956 51.613953 47.434166 15.556349 53.600372 8.5440035 33.24154 49.67897 42.44997 31.06445 28.79236 47.801674 45.54119 38.832977 40.1995 28.653097 23.769728 41.62932 38.052597 31.622776 40.496914 44.102154 26.683329 50.47772 45.79301 30.610456 60.959003 49.193497 35.510563 48.754486 4.1231055 13.928389 36.124783 45.343136 19.646883 29.529646 48.270073 47.095646 42.755116 26.925823 51.10773 50.931328 24.020824 44.14748 33.37664 67.26812 14.3178215
37.64306 87.555695 80.09994 69.63476 50.635956 0.0 23.409399 95.257545 61.073727 25.0 42.296574 83.09633 34.98571 51.088158 76.53104 23.086792 84.50444 49.497475 22.803509 56.0357 25.70992 73.02739 44.598206 15.6205 76.655075 13.416408 94.641426 47.539455 21.540659 40.459858 74.8131 101.19289 80.49844 22.825424 46.227695 54.451813 37.12142 17.804493 84.118965 31.144823 76.23647 89.98889 97.128784 8.0 25.079872 18.973665 91.09336 26.925823 53.15073 51.47815 37.0 37.64306
43.27817 77.00649 76.55064 60.40695 51.613953 23.409399 0.0 88.28363 56.302753 2.236068 43.416588 79.37884 12.806249 32.89377 69.2315 25.0 71.44928 29.966648 12.806249 39.293766 23.345236 69.289246 26.24881 32.24903 69.050705 16.492422 92.11406 36.221542 2.0 20.12461 66.910385 88.56636 65.51336 16.27882 25.23886 54.378304 38.28838 33.54102 72.11102 33.970577 69.856995 79.00633 93.00538 22.0 26.24881 4.472136 79.15807 34.132095 34.539833 37.12142 17.0 43.27817
61.68468 17.20465 18.601076 28.160255 47.434166 95.257545 88.28363 0.0 34.234486 89.62701 54.34151 16.27882 80.36168 61.741398 19.104973 72.1734 28.01785 66.211784 77.31753 55.00909 70.00714 23.769728 66.12866 84.723076 19.235384 83.00603 18.027756 52.17279 87.965904 73.05477 21.377558 25.019993 37.01351 75.10659 72.09022 43.32436 58.855755 82.9759 24.207438 64.77654 19.026299 17.888544 12.165525 87.28116 70.178345 89.6772 21.540659 70.40597 61.7171 53.14132 99.62429 61.68468
28.653097 30.0 20.248457 13.892444 15.556349 61.073727 56.302753 34.234486 0.0 57.939625 20.615528 23.086792 50.77401 37.202152 16.155495 38.013157 32.449963 41.231056 44.38468 32.649654 36.124783 13.0 38.8973 50.695168 16.552946 49.09175 35.846897 22.671568 55.65968 44.82187 15.264338 45.453274 34.785053 41.773197 45.96738 12.206555 24.738634 49.0408 29.832869 30.594116 15.297058 32.80244 36.878178 53.08484 36.013885 57.00877 35.383614 36.40055 38.27532 27.202942 69.83552 28.653097
45.453274 78.05767 78.18568 61.66036 53.600372 25.0 2.236068 89.62701 57.939625 0.0 45.453274 80.99383 12.529964 33.24154 70.61161 27.202942 72.249565 30.083218 14.866069 39.812057 25.455845 70.93659 26.683329 34.36568 70.40597 18.681541 93.77633 37.48333 4.1231055 20.248457 68.24954 89.358826 66.09841 18.384777 25.059929 56.302753 40.36087 35.69314 73.02739 36.124783 71.30919 80.00625 94.55686 24.020824 28.42534 6.0827627 80.05623 36.359318 34.785053 38.013157 14.764823 45.453274
8.485281 50.24938 38.013157 32.80244 8.5440035 42.296574 43.416588 54.34151 20.615528 45.453274 0.0 41.01219 42.43819 38.118237 36.769554 20.248457 50.931328 40.60788 30.610456 37.215588 20.248457 31.144823 36.138622 30.413813 37.161808 31.95309 52.34501 23.086792 42.201897 39.39543 35.77709 65.459915 50.803543 27.202942 43.011627 12.165525 5.3851647 28.635643 49.0408 11.18034 35.735138 53.0 55.0 34.36568 18.384777 42.72002 55.21775 16.124516 40.04997 30.149628 59.39697 8.485281
47.518417 25.079872 3.0 24.207438 33.24154 83.09633 79.37884 16.27882 23.086792 80.99383 41.01219 0.0 73.3553 57.48913 14.764823 60.299255 34.234486 61.846584 67.44627 51.62364 58.855755 10.198039 60.464867 71.25307 15.652476 71.70077 13.038404 44.777225 78.74643 66.88796 17.492855 38.27532 41.484936 64.7611 67.20119 29.15476 46.010868 69.354164 30.149628 52.009613 12.206555 27.294687 14.035668 75.10659 58.30952 80.08121 31.257 57.07889 58.0517 47.801674 92.574295 47.518417
44.777225 67.601776 70.71068 52.201534 49.67897 34.98571 12.806249 80.36168 50.77401 12.529964 42.43819 73.3553 0.0 21.213203 61.68468 28.442924 61.0 17.720045 16.0 28.071337 25.0 63.631752 15.0 40.4475 61.351448 24.738634 86.35392 28.635643 14.142136 8.062258 59.135437 78.025635 54.33231 19.104973 12.529964 51.62364 38.078865 41.19466 62.1289 35.468296 62.76942 69.354164 86.40602 31.622776 28.86174 16.970562 69.065186 37.85499 22.561028 27.45906 19.313208 44.777225
44.102154 47.539455 55.226807 34.132095 42.44997 51.088158 32.89377 61.741398 37.202152 33.24154 38.118237 57.48913 21.213203 0.0 44.102154 34.88553 40.112343 4.472136 28.319605 7.071068 30.413813 48.79549 6.708204 50.77401 43.56604 38.183765 70.434364 15.811388 33.61547 13.152946 41.340054 57.00877 33.13608 29.068884 10.440307 42.72002 36.05551 50.606323 41.59327 36.878178 45.80393 49.0306 69.339745 45.276924 34.0147 36.249138 48.373547 42.059483 2.236068 10.0 39.20459 44.102154
44.72136 15.0 13.601471 10.0 31.06445 76.53104 69.2315 19.104973 16.155495 70.61161 36.769554 14.764823 61.68468 44.102154 0.0 53.460266 21.213203 48.548943 58.21512 37.802116 51.088158 11.401754 47.853943 66.760765 1.0 64.070274 26.907248 33.24154 68.88396 54.626 2.828427 30.479502 27.294687 56.0357 54.20332 27.202942 40.804413 65.14599 17.464249 46.572525 3.0 17.804493 25.23886 68.593 51.47815 70.5762 21.095022 52.49762 44.407207 34.88553 80.99383 44.72136
18.384777 64.84597 57.31492 46.840153 28.79236 23.086792 25.0 72.1734 38.013157 27.202942 20.248457 60.299255 28.442924 34.88553 53.460266 0.0 62.609905 35.1141 13.0 37.802116 4.472136 50.159744 29.732138 16.27882 53.600372 11.7046995 72.18033 26.400757 23.43075 29.15476 51.78803 78.92401 59.64059 9.486833 34.525352 32.280025 14.866069 15.811388 61.846584 9.433981 53.15073 67.357254 74.330345 15.132746 2.0 23.345236 68.70953 9.486833 37.12142 31.827662 41.880783 18.384777
59.413803 10.816654 34.0147 18.601076 47.801674 84.50444 71.44928 28.01785 32.449963 72.249565 50.931328 34.234486 61.0 40.112343 21.213203 62.609905 0.0 44.28318 63.06346 33.06055 59.093147 32.55764 46.0 78.03204 20.22375 71.168816 43.65776 37.0 71.70077 53.009434 19.646883 17.117243 9.219544 61.983868 50.358715 44.65423 53.413483 76.8505 4.1231055 58.249462 24.186773 10.630146 39.357338 77.07788 60.827625 73.97973 8.5440035 64.63745 39.319206 34.36568 79.30952 59.413803
46.010868 51.92302 59.548298 38.587563 45.54119 49.497475 29.966648 66.211784 41.231056 30.083218 40.60788 61.846584 17.720045 4.472136 48.548943 35.1141 44.28318 0.0 27.018513 11.401754 30.675724 53.037724 5.3851647 50.537113 48.02083 37.01351 74.8131 19.235384 30.88689 9.848858 45.79301 61.073727 37.01351 28.301943 6.0827627 46.09772 38.052597 50.566788 45.891174 38.209946 50.219517 53.366657 73.78347 44.20407 34.48188 33.61547 52.611786 42.953465 5.0 14.142136 35.057095 46.010868
30.805843 67.36468 64.56005 50.01 38.832977 22.803509 12.806249 77.31753 44.38468 14.866069 30.610456 67.44627 16.0 28.319605 58.21512 13.0 63.06346 27.018513 0.0 33.286633 10.630146 57.280014 21.931713 24.738634 58.137768 10.0 80.00625 26.305893 11.661903 18.788294 56.0803 80.04999 58.30952 3.6055512 24.596748 41.677334 25.495098 25.317978 63.15061 21.400934 58.549126 69.58448 81.25269 17.20465 13.892444 12.649111 70.21396 22.472204 30.413813 29.15476 29.206163 30.805843
44.14748 40.5216 49.517673 27.802877 40.1995 56.0357 39.293766 55.00909 32.649654 39.812057 37.215588 51.62364 28.071337 7.071068 37.802116 37.802116 33.06055 11.401754 33.286633 0.0 33.42155 43.416588 13.152946 54.037025 37.202152 42.80187 64.44377 14.142136 39.849716 20.024984 35.0 50.0 26.305893 33.42155 17.464249 39.812057 36.138622 53.600372 34.525352 38.078865 39.698868 41.976185 63.007935 49.67897 36.619667 42.379242 41.303753 43.829212 6.708204 7.071068 46.270943 44.14748
20.248457 61.846584 55.9017 43.931767 28.653097 25.70992 23.345236 70.00714 36.124783 25.455845 20.248457 58.855755 25.0 30.413813 51.088158 4.472136 59.093147 30.675724 10.630146 33.42155 0.0 48.6621 25.298222 20.615528 51.156624 13.0 71.063354 22.472204 22.022715 25.019993 49.25444 75.61085 55.758408 7.071068 30.265491 31.780497 15.0 20.248457 58.5235 10.816654 51.0 64.288414 72.835434 18.027756 4.0 22.472204 65.459915 13.038404 32.649654 27.58623 39.824615 20.248457
38.078865 25.942244 7.28011 17.720045 23.769728 73.02739 69.289246 23.769728 13.0 70.93659 31.144823 10.198039 63.631752 48.79549 11.401754 50.159744 32.55764 53.037724 57.280014 43.416588 48.6621 0.0 51.224995 61.522354 12.369317 61.522354 22.847319 35.22783 68.622154 57.428215 13.038404 41.04875 38.013157 54.571056 58.137768 19.646883 36.013885 59.682495 28.86174 42.0119 8.5440035 28.653097 24.186773 65.03076 48.166378 69.92139 32.202484 47.26521 49.57822 38.8973 82.764725 38.078865
41.109608 52.773098 58.00862 38.078865 41.62932 44.598206 26.24881 66.12866 38.8973 26.683329 36.138622 60.464867 15.0 6.708204 47.853943 29.732138 46.0 5.3851647 21.931713 13.152946 25.298222 51.224995 0.0 45.17743 47.423622 31.890438 73.4983 16.27882 26.925823 7.071068 45.188496 63.03174 39.45884 23.021729 7.2111025 42.544094 33.24154 45.188496 47.169907 33.06055 49.24429 54.451813 72.94518 39.051247 29.12044 29.546574 54.08327 37.65634 8.602325 13.0 33.734257 41.109608
24.020824 79.30952 68.26419 61.326992 38.052597 15.6205 32.24903 84.723076 50.695168 34.36568 30.413813 71.25307 40.4475 50.77401 66.760765 16.27882 78.03204 50.537113 24.738634 54.037025 20.615528 61.522354 45.17743 0.0 67.052216 16.0 82.006096 42.520584 30.265491 43.32436 65.459915 93.914856 75.60423 22.472204 49.0408 42.107006 25.96151 2.236068 76.941536 20.248457 65.96969 81.939 85.146935 10.770329 17.691807 28.635643 83.630135 14.3178215 53.0 48.104053 48.507732 24.020824
45.17743 14.21267 14.56022 9.433981 31.622776 76.655075 69.050705 19.235384 16.552946 70.40597 37.161808 15.652476 61.351448 43.56604 1.0 53.600372 20.22375 48.02083 58.137768 37.202152 51.156624 12.369317 47.423622 67.052216 0.0 64.12488 27.658634 32.984844 68.73136 54.230988 2.236068 29.732138 26.305893 56.008926 53.712196 27.802877 41.109608 65.459915 16.492422 46.840153 4.0 17.029387 25.806976 68.73136 51.62364 70.45566 20.248457 52.810986 43.829212 34.43835 80.65358 45.17743
29.410883 74.52516 68.73136 56.718605 40.496914 13.416408 16.492422 83.00603 49.09175 18.681541 31.95309 71.70077 24.738634 38.183765 64.070274 11.7046995 71.168816 37.01351 10.0 42.80187 13.0 61.522354 31.890438 16.0 64.12488 0.0 83.74366 34.176014 14.56022 28.653097 62.201286 87.93179 67.08204 9.433981 34.48188 43.965897 26.57066 17.117243 70.88018 21.023796 64.0 76.902534 85.70881 7.2111025 13.601471 13.416408 77.88453 19.104973 40.311287 38.078865 33.24154 29.410883
58.0 33.24154 15.652476 36.769554 44.102154 94.641426 92.11406 18.027756 35.846897 93.77633 52.34501 13.038404 86.35392 70.434364 26.907248 72.18033 43.65776 74.8131 80.00625 64.44377 71.063354 22.847319 73.4983 82.006096 27.658634 83.74366 0.0 57.801384 91.416626 79.924965 29.732138 43.046486 51.894123 77.201035 80.21222 40.1995 57.558666 80.0 39.56008 63.505905 24.758837 34.713108 6.708204 86.70064 70.21396 92.65527 38.63936 68.117546 70.93659 60.80296 105.546196 58.0
30.083218 41.109608 42.190044 24.186773 26.683329 47.539455 36.221542 52.17279 22.671568 37.48333 23.086792 44.777225 28.635643 15.811388 33.24154 26.400757 37.0 19.235384 26.305893 14.142136 22.472204 35.22783 16.27882 42.520584 32.984844 34.176014 57.801384 0.0 36.05551 22.203604 30.805843 53.851646 33.286633 25.0 23.43075 26.925823 22.135944 41.725292 36.878178 24.698177 34.176014 43.289722 57.77543 40.24922 24.839485 38.0 43.931767 30.805843 17.464249 7.071068 47.92703 30.083218
41.773197 77.00649 75.89466 60.207973 50.47772 21.540659 2.0 87.965904 55.65968 4.1231055 42.201897 78.74643 14.142136 33.61547 68.88396 23.43075 71.70077 30.88689 11.661903 39.849716 22.022715 68.622154 26.925823 30.265491 68.73136 14.56022 91.416626 36.05551 0.0 21.095022 66.61081 88.814415 65.96969 15.0 26.400757 53.338543 37.01351 31.575306 72.249565 32.526913 69.426216 79.05694 92.44458 20.0 24.758837 2.828427 79.30952 32.449963 35.341194 37.336308 18.788294 41.773197
43.174065 59.841457 64.3506 44.94441 45.79301 40.459858 20.12461 73.05477 44.82187 20.248457 39.39543 66.88796 8.062258 13.152946 54.626 29.15476 53.009434 9.848858 18.788294 20.024984 25.019993 57.428215 7.071068 43.32436 54.230988 28.653097 79.924965 22.203604 21.095022 0.0 52.0 70.00714 46.270943 20.880613 5.8309517 47.201694 35.735138 43.68066 54.230988 34.36568 55.9017 61.522354 79.60528 35.846897 29.017237 23.853722 61.13101 38.0 14.56022 19.924858 26.683329 43.174065
43.908997 14.866069 16.155495 7.2111025 30.610456 74.8131 66.910385 21.377558 15.264338 68.24954 35.77709 17.492855 59.135437 41.340054 2.828427 51.78803 19.646883 45.79301 56.0803 35.0 49.25444 13.038404 45.188496 65.459915 2.236068 62.201286 29.732138 30.805843 66.61081 52.0 0.0 30.413813 25.079872 54.0 51.47815 26.907248 39.56008 63.90618 16.155495 45.221676 5.3851647 17.691807 28.01785 66.910385 49.819675 68.359344 20.615528 51.264023 41.617306 32.202484 78.434685 43.908997
73.817345 15.556349 39.39543 32.75668 60.959003 101.19289 88.56636 25.019993 45.453274 89.358826 65.459915 38.27532 78.025635 57.00877 30.479502 78.92401 17.117243 61.073727 80.04999 50.0 75.61085 41.04875 63.03174 93.914856 29.732138 87.93179 43.046486 53.851646 88.814415 70.00714 30.413813 0.0 24.33105 78.84795 67.11929 57.31492 68.60029 92.5905 17.088007 73.82411 32.80244 12.727922 37.01351 93.637596 77.07788 91.08238 10.29563 80.13114 56.0803 51.47815 96.13012 73.817345
59.20304 19.849434 40.792156 21.377558 49.193497 80.49844 65.51336 37.01351 34.785053 66.09841 50.803543 41.484936 54.33231 33.13608 27.294687 59.64059 9.219544 37.01351 58.30952 26.305893 55.758408 38.013157 39.45884 75.60423 26.305893 67.08204 51.894123 33.286633 65.96969 46.270943 25.079872 24.33105 0.0 57.697487 43.0 46.615448 52.40229 74.65253 12.806249 56.586216 30.265491 19.849434 48.02083 73.43024 58.00862 68.41052 17.492855 62.968246 32.01562 29.15476 72.00694 59.20304
27.202942 65.76473 61.846584 48.166378 35.510563 22.825424 16.27882 75.10659 41.773197 18.384777 27.202942 64.7611 19.104973 29.068884 56.0357 9.486833 61.983868 28.301943 3.6055512 33.42155 7.071068 54.571056 23.021729 22.472204 56.008926 9.433981 77.201035 25.0 15.0 20.880613 54.0 78.84795 57.697487 0.0 26.57066 38.470768 22.022715 22.803509 61.846584 17.804493 56.22277 68.06615 78.64477 16.27882 10.29563 15.652476 68.88396 18.973665 31.241 28.653097 32.80244 27.202942
47.518417 57.974133 64.815125 44.294468 48.754486 46.227695 25.23886 72.09022 45.96738 25.059929 43.011627 67.20119 12.529964 10.440307 54.20332 34.525352 50.358715 6.0827627 24.596748 17.464249 30.265491 58.137768 7.2111025 49.0408 53.712196 34.48188 80.21222 23.43075 26.400757 5.8309517 51.47815 67.11929 43.0 26.57066 0.0 49.73932 39.812057 49.335587 51.971146 39.051247 55.758408 59.439045 79.40403 41.677334 34.234486 29.206163 58.694122 43.104523 11.045361 19.416489 29.017237 47.518417
18.439089 41.773197 26.172504 26.076809 4.1231055 54.451813 54.378304 43.32436 12.206555 56.302753 12.165525 29.15476 51.62364 42.72002 27.202942 32.280025 44.65423 46.09772 41.677334 39.812057 31.780497 19.646883 42.544094 42.107006 27.802877 43.965897 40.1995 26.925823 53.338543 47.201694 26.907248 57.31492 46.615448 38.470768 49.73932 0.0 17.464249 40.1995 42.0119 23.345236 25.553865 44.598206 43.046486 46.52956 30.364452 54.120235 47.38143 28.0 44.27189 33.24154 69.656296 18.439089
8.062258 53.66563 43.011627 35.846897 13.928389 37.12142 38.28838 58.855755 24.738634 40.36087 5.3851647 46.010868 38.078865 36.05551 40.804413 14.866069 53.413483 38.052597 25.495098 36.138622 15.0 36.013885 33.24154 25.96151 41.109608 26.57066 57.558666 22.135944 37.01351 35.735138 39.56008 68.60029 52.40229 22.022715 39.812057 17.464249 0.0 24.351591 51.86521 6.0 40.024994 56.35601 60.033325 29.15476 13.0 37.44329 58.30952 11.7046995 38.118237 29.12044 54.48853 8.062258
22.0 77.87811 66.37017 59.933296 36.124783 17.804493 33.54102 82.9759 49.0408 35.69314 28.635643 69.354164 41.19466 50.606323 65.14599 15.811388 76.8505 50.566788 25.317978 53.600372 20.248457 59.682495 45.188496 2.236068 65.459915 17.117243 80.0 41.725292 31.575306 43.68066 63.90618 92.5905 74.65253 22.803509 49.335587 40.1995 24.351591 0.0 75.66373 18.788294 64.288414 80.529495 83.21658 12.529964 17.029387 30.083218 82.29824 12.649111 52.83938 47.507893 50.0 22.0
57.48913 7.071068 30.0 16.27882 45.343136 84.118965 72.11102 24.207438 29.832869 73.02739 49.0408 30.149628 62.1289 41.59327 17.464249 61.846584 4.1231055 45.891174 63.15061 34.525352 58.5235 28.86174 47.169907 76.941536 16.492422 70.88018 39.56008 36.878178 72.249565 54.230988 16.155495 17.088007 12.806249 61.846584 51.971146 42.0119 51.86521 75.66373 0.0 56.938564 20.396078 7.615773 35.35534 76.55064 60.00833 74.431175 7.071068 63.28507 41.0 35.014282 80.75271 57.48913
9.433981 59.093147 49.010204 41.14608 19.646883 31.144823 33.970577 64.77654 30.594116 36.124783 11.18034 52.009613 35.468296 36.878178 46.572525 9.433981 58.249462 38.209946 21.400934 38.078865 10.816654 42.0119 33.06055 20.248457 46.840153 21.023796 63.505905 24.698177 32.526913 34.36568 45.221676 73.82411 56.586216 17.804493 39.051247 23.345236 6.0 18.788294 56.938564 0.0 45.891174 61.741398 66.0303 23.194826 7.81025 32.649654 63.529522 6.4031243 39.051247 31.304953 50.606323 9.433981
43.462627 17.492855 10.770329 12.0415945 29.529646 76.23647 69.856995 19.026299 15.297058 71.30919 35.735138 12.206555 62.76942 45.80393 3.0 53.15073 24.186773 50.219517 58.549126 39.698868 51.0 8.5440035 49.24429 65.96969 4.0 64.0 24.758837 34.176014 69.426216 55.9017 5.3851647 32.80244 30.265491 56.22277 55.758408 25.553865 40.024994 64.288414 20.396078 45.891174 0.0 20.248457 23.70654 68.26419 51.156624 71.021126 23.70654 51.662365 46.227695 36.359318 82.07923 43.462627
61.294373 2.828427 27.89265 20.615528 48.270073 89.98889 79.00633 17.888544 32.80244 80.00625 53.0 27.294687 69.354164 49.0306 17.804493 67.357254 10.630146 53.366657 69.58448 41.976185 64.288414 28.653097 54.451813 81.939 17.029387 76.902534 34.713108 43.289722 79.05694 61.522354 17.691807 12.727922 19.849434 68.06615 59.439045 44.598206 56.35601 80.529495 7.615773 61.741398 20.248457 0.0 29.732138 82.28001 65.459915 81.154175 4.0 67.977936 48.507732 42.047592 88.11924 61.294373
61.294373 28.635643 17.029387 35.22783 47.095646 97.128784 93.00538 12.165525 36.878178 94.55686 55.0 14.035668 86.40602 69.339745 25.23886 74.330345 39.357338 73.78347 81.25269 63.007935 72.835434 24.186773 72.94518 85.146935 25.806976 85.70881 6.708204 57.77543 92.44458 79.60528 28.01785 37.01351 48.02083 78.64477 79.40403 43.046486 60.033325 83.21658 35.35534 66.0303 23.70654 29.732138 0.0 89.140335 72.33948 93.8616 33.526108 71.02816 69.63476 60.033325 105.702415 61.294373
30.083218 79.81228 72.11102 61.846584 42.755116 8.0 22.0 87.28116 53.08484 24.020824 34.36568 75.10659 31.622776 45.276924 68.593 15.132746 77.07788 44.20407 17.20465 49.67897 18.027756 65.03076 39.051247 10.770329 68.73136 7.2111025 86.70064 40.24922 20.0 35.846897 66.910385 93.637596 73.43024 16.27882 41.677334 46.52956 29.15476 12.529964 76.55064 23.194826 68.26419 82.28001 89.140335 0.0 17.117243 18.110771 83.48653 19.313208 47.423622 44.65423 37.85499 30.083218
17.029387 62.936478 55.326305 44.922153 26.925823 25.079872 26.24881 70.178345 36.013885 28.42534 18.384777 58.30952 28.86174 34.0147 51.47815 2.0 60.827625 34.48188 13.892444 36.619667 4.0 48.166378 29.12044 17.691807 51.62364 13.601471 70.21396 24.839485 24.758837 29.017237 49.819675 77.07788 58.00862 10.29563 34.234486 30.364452 13.0 17.029387 60.00833 7.81025 51.156624 65.459915 72.33948 17.117243 0.0 24.839485 66.85058 9.055386 36.249138 30.479502 43.011627 17.029387
41.725292 79.05694 77.201035 62.072536 51.10773 18.973665 4.472136 89.6772 57.00877 6.0827627 42.72002 80.08121 16.970562 36.249138 70.5762 23.345236 73.97973 33.61547 12.649111 42.379242 22.472204 69.92139 29.546574 28.635643 70.45566 13.416408 92.65527 38.0 2.828427 23.853722 68.359344 91.08238 68.41052 15.652476 29.206163 54.120235 37.44329 30.083218 74.431175 32.649654 71.021126 81.154175 93.8616 18.110771 24.839485 0.0 81.49847 32.01562 38.013157 39.623226 19.924858 41.725292
63.600315 6.3245554 31.780497 22.472204 50.931328 91.09336 79.15807 21.540659 35.383614 80.05623 55.21775 31.257 69.065186 48.373547 21.095022 68.70953 8.5440035 52.611786 70.21396 41.303753 65.459915 32.202484 54.08327 83.630135 20.248457 77.88453 38.63936 43.931767 79.30952 61.13101 20.615528 10.29563 17.492855 68.88396 58.694122 47.38143 58.30952 82.29824 7.071068 63.529522 23.70654 4.0 33.526108 83.48653 66.85058 81.49847 0.0 69.83552 47.67599 42.047592 87.57283 63.600315
10.770329 65.30697 54.08327 47.41308 24.020824 26.925823 34.132095 70.40597 36.40055 36.359318 16.124516 57.07889 37.85499 42.059483 52.49762 9.486833 64.63745 42.953465 22.472204 43.829212 13.038404 47.26521 37.65634 14.3178215 52.810986 19.104973 68.117546 30.805843 32.449963 38.0 51.264023 80.13114 62.968246 18.973665 43.104523 28.0 11.7046995 12.649111 63.28507 6.4031243 51.662365 67.977936 71.02816 19.313208 9.055386 32.01562 69.83552 0.0 44.27189 37.215588 51.10773 10.770329
46.173584 47.127487 55.86591 34.4093 44.14748 53.15073 34.539833 61.7171 38.27532 34.785053 40.04997 58.0517 22.561028 2.236068 44.407207 37.12142 39.319206 5.0 30.413813 6.708204 32.649654 49.57822 8.602325 53.0 43.829212 40.311287 70.93659 17.464249 35.341194 14.56022 41.617306 56.0803 32.01562 31.241 11.045361 44.27189 38.118237 52.83938 41.0 39.051247 46.227695 48.507732 69.63476 47.423622 36.249138 38.013157 47.67599 44.27189 0.0 11.18034 40.04997 46.173584
37.107952 40.1995 45.453274 25.079872 33.37664 51.47815 37.12142 53.14132 27.202942 38.013157 30.149628 47.801674 27.45906 10.0 34.88553 31.827662 34.36568 14.142136 29.15476 7.071068 27.58623 38.8973 13.0 48.104053 34.43835 38.078865 60.80296 7.071068 37.336308 19.924858 32.202484 51.47815 29.15476 28.653097 19.416489 33.24154 29.12044 47.507893 35.014282 31.304953 36.359318 42.047592 60.033325 44.65423 30.479502 39.623226 42.047592 37.215588 11.18034 0.0 46.572525 37.107952
60.0 86.492775 89.89438 71.470276 67.26812 37.0 17.0 99.62429 69.83552 14.764823 59.39697 92.574295 19.313208 39.20459 80.99383 41.880783 79.30952 35.057095 29.206163 46.270943 39.824615 82.764725 33.734257 48.507732 80.65358 33.24154 105.546196 47.92703 18.788294 26.683329 78.434685 96.13012 72.00694 32.80244 29.017237 69.656296 54.48853 50.0 80.75271 50.606323 82.07923 88.11924 105.702415 37.85499 43.011627 19.924858 87.57283 51.10773 40.04997 46.572525 0.0 60.0
0.0 58.5235 44.553337 41.231056 14.3178215 37.64306 43.27817 61.68468 28.653097 45.453274 8.485281 47.518417 44.777225 44.102154 44.72136 18.384777 59.413803 46.010868 30.805843 44.14748 20.248457 38.078865 41.109608 24.020824 45.17743 29.410883 58.0 30.083218 41.773197 43.174065 43.908997 73.817345 59.20304 27.202942 47.518417 18.439089 8.062258 22.0 57.48913 9.433981 43.462627 61.294373 61.294373 30.083218 17.029387 41.725292 63.600315 10.770329 46.173584 37.107952 60.0 0.0
p
0 0 0 0 0 0
0 0 0 0 0 0
0 0 0 0 0 0
0 0 0 0 0 0
0 0 0 0 0 0
0 0 0 0 0 0
0 0 0 0 0 0
0 0 0 0 0 0
0 0 0 0 0 0
0 0 0 0 0 0
12.0 12.0 12.0 12.0 12.0 12.0
12.0 12.0 12.0 12.0 12.0 12.0
12.0 12.0 12.0 12.0 12.0 12.0
12.0 12.0 12.0 12.0 12.0 12.0
12.0 12.0 12.0 12.0 12.0 12.0
12.0 12.0 12.0 12.0 12.0 12.0
12.0 12.0 12.0 12.0 12.0 12.0
12.0 12.0 12.0 12.0 12.0 12.0
12.0 12.0 12.0 12.0 12.0 12.0
12.0 12.0 12.0 12.0 12.0 12.0
12.0 12.0 12.0 12.0 12.0 12.0
12.0 12.0 12.0 12.0 12.0 12.0
12.0 12.0 12.0 12.0 12.0 12.0
12.0 12.0 12.0 12.0 12.0 12.0
12.0 12.0 12.0 12.0 12.0 12.0
12.0 12.0 12.0 12.0 12.0 12.0
12.0 12.0 12.0 12.0 12.0 12.0
12.0 12.0 12.0 12.0 12.0 12.0
12.0 12.0 12.0 12.0 12.0 12.0
12.0 12.0 12.0 12.0 12.0 12.0
12.0 12.0 12.0 12.0 12.0 12.0
12.0 12.0 12.0 12.0 12.0 12.0
12.0 12.0 12.0 12.0 12.0 12.0
12.0 12.0 12.0 12.0 12.0 12.0
12.0 12.0 12.0 12.0 12.0 12.0
12.0 12.0 12.0 12.0 12.0 12.0
12.0 12.0 12.0 12.0 12.0 12.0
12.0 12.0 12.0 12.0 12.0 12.0
12.0 12.0 12.0 12.0 12.0 12.0
12.0 12.0 12.0 12.0 12.0 12.0
12.0 12.0 12.0 12.0 12.0 12.0
12.0 12.0 12.0 12.0 12.0 12.0
12.0 12.0 12.0 12.0 12.0 12.0
12.0 12.0 12.0 12.0 12.0 12.0
12.0 12.0 12.0 12.0 12.0 12.0
12.0 12.0 12.0 12.0 12.0 12.0
12.0 12.0 12.0 12.0 12.0 12.0
12.0 12.0 12.0 12.0 12.0 12.0
12.0 12.0 12.0 12.0 12.0 12.0
12.0 12.0 12.0 12.0 12.0 12.0
12.0 12.0 12.0 12.0 12.0 12.0
12.0 12.0 12.0 12.0 12.0 12.0
12.0 12.0 12.0 12.0 12.0 12.0
12.0 12.0 12.0 12.0 12.0 12.0
12.0 12.0 12.0 12.0 12.0 12.0
12.0 12.0 12.0 12.0 12.0 12.0
12.0 12.0 12.0 12.0 12.0 12.0
12.0 12.0 12.0 12.0 12.0 12.0
12.0 12.0 12.0 12.0 12.0 12.0
12.0 12.0 12.0 12.0 12.0 12.0
12.0 12.0 12.0 12.0 12.0 12.0
12.0 12.0 12.0 12.0 12.0 12.0
12.0 12.0 12.0 12.0 12.0 12.0
12.0 12.0 12.0 12.0 12.0 12.0
12.0 12.0 12.0 12.0 12.0 12.0
12.0 12.0 12.0 12.0 12.0 12.0
12.0 12.0 12.0 12.0 12.0 12.0
12.0 12.0 12.0 12.0 12.0 12.0
12.0 12.0 12.0 12.0 12.0 12.0
12.0 12.0 12.0 12.0 12.0 12.0
12.0 12.0 12.0 12.0 12.0 12.0
12.0 12.0 12.0 12.0 12.0 12.0
12.0 12.0 12.0 12.0 12.0 12.0
12.0 12.0 12.0 12.0 12.0 12.0
12.0 12.0 12.0 12.0 12.0 12.0
12.0 12.0 12.0 12.0 12.0 12.0
12.0 12.0 12.0 12.0 12.0 12.0
12.0 12.0 12.0 12.0 12.0 12.0
12.0 12.0 12.0 12.0 12.0 12.0
12.0 12.0 12.0 12.0 12.0 12.0
12.0 12.0 12.0 12.0 12.0 12.0
12.0 12.0 12.0 12.0 12.0 12.0
12.0 12.0 12.0 12.0 12.0 12.0
12.0 12.0 12.0 12.0 12.0 12.0
12.0 12.0 12.0 12.0 12.0 12.0
12.0 12.0 12.0 12.0 12.0 12.0
12.0 12.0 12.0 12.0 12.0 12.0
12.0 12.0 12.0 12.0 12.0 12.0
12.0 12.0 12.0 12.0 12.0 12.0
12.0 12.0 12.0 12.0 12.0 12.0
12.0 12.0 12.0 12.0 12.0 12.0
12.0 12.0 12.0 12.0 12.0 12.0
12.0 12.0 12.0 12.0 12.0 12.0
12.0 12.0 12.0 12.0 12.0 12.0
12.0 12.0 12.0 12.0 12.0 12.0
12.0 12.0 12.0 12.0 12.0 12.0
12.0 12.0 12.0 12.0 12.0 12.0
12.0 12.0 12.0 12.0 12.0 12.0
12.0 12.0 12.0 12.0 12.0 12.0
12.0 12.0 12.0 12.0 12.0 12.0
12.0 12.0 12.0 12.0 12.0 12.0
12.0 12.0 12.0 12.0 12.0 12.0
12.0 12.0 12.0 12.0 12.0 12.0
12.0 12.0 12.0 12.0 12.0 12.0
12.0 12.0 12.0 12.0 12.0 12.0
12.0 12.0 12.0 12.0 12.0 12.0
12.0 12.0 12.0 12.0 12.0 12.0
12.0 12.0 12.0 12.0 12.0 12.0
12.0 12.0 12.0 12.0 12.0 12.0
12.0 12.0 12.0 12.0 12.0 12.0
12.0 12.0 12.0 12.0 12.0 12.0
12.0 12.0 12.0 12.0 12.0 12.0
12.0 12.0 12.0 12.0 12.0 12.0
12.0 12.0 12.0 12.0 12.0 12.0
12.0 12.0 12.0 12.0 12.0 12.0
12.0 12.0 12.0 12.0 12.0 12.0
12.0 12.0 12.0 12.0 12.0 12.0
12.0 12.0 12.0 12.0 12.0 12.0
12.0 12.0 12.0 12.0 12.0 12.0
12.0 12.0 12.0 12.0 12.0 12.0
12.0 12.0 12.0 12.0 12.0 12.0
12.0 12.0 12.0 12.0 12.0 12.0
12.0 12.0 12.0 12.0 12.0 12.0
12.0 12.0 12.0 12.0 12.0 12.0
12.0 12.0 12.0 12.0 12.0 12.0
12.0 12.0 12.0 12.0 12.0 12.0
12.0 12.0 12.0 12.0 12.0 12.0
12.0 12.0 12.0 12.0 12.0 12.0
12.0 12.0 12.0 12.0 12.0 12.0
12.0 12.0 12.0 12.0 12.0 12.0
12.0 12.0 12.0 12.0 12.0 12.0
12.0 12.0 12.0 12.0 12.0 12.0
12.0 12.0 12.0 12.0 12.0 12.0
12.0 12.0 12.0 12.0 12.0 12.0
12.0 12.0 12.0 12.0 12.0 12.0
12.0 12.0 12.0 12.0 12.0 12.0
12.0 12.0 12.0 12.0 12.0 12.0
12.0 12.0 12.0 12.0 12.0 12.0
12.0 12.0 12.0 12.0 12.0 12.0
12.0 12.0 12.0 12.0 12.0 12.0
12.0 12.0 12.0 12.0 12.0 12.0
12.0 12.0 12.0 12.0 12.0 12.0
12.0 12.0 12.0 12.0 12.0 12.0
12.0 12.0 12.0 12.0 12.0 12.0
12.0 12.0 12.0 12.0 12.0 12.0
12.0 12.0 12.0 12.0 12.0 12.0
12.0 12.0 12.0 12.0 12.0 12.0
12.0 12.0 12.0 12.0 12.0 12.0
12.0 12.0 12.0 12.0 12.0 12.0
12.0 12.0 12.0 12.0 12.0 12.0
12.0 12.0 12.0 12.0 12.0 12.0
12.0 12.0 12.0 12.0 12.0 12.0
12.0 12.0 12.0 12.0 12.0 12.0
12.0 12.0 12.0 12.0 12.0 12.0
12.0 12.0 12.0 12.0 12.0 12.0
12.0 12.0 12.0 12.0 12.0 12.0
12.0 12.0 12.0 12.0 12.0 12.0
12.0 12.0 12.0 12.0 12.0 12.0
12.0 12.0 12.0 12.0 12.0 12.0
12.0 12.0 12.0 12.0 12.0 12.0
12.0 12.0 12.0 12.0 12.0 12.0
12.0 12.0 12.0 12.0 12.0 12.0
12.0 12.0 12.0 12.0 12.0 12.0
12.0 12.0 12.0 12.0 12.0 12.0
12.0 12.0 12.0 12.0 12.0 12.0
12.0 12.0 12.0 12.0 12.0 12.0
12.0 12.0 12.0 12.0 12.0 12.0
12.0 12.0 12.0 12.0 12.0 12.0
12.0 12.0 12.0 12.0 12.0 12.0
12.0 12.0 12.0 12.0 12.0 12.0
12.0 12.0 12.0 12.0 12.0 12.0
12.0 12.0 12.0 12.0 12.0 12.0
12.0 12.0 12.0 12.0 12.0 12.0
12.0 12.0 12.0 12.0 12.0 12.0
12.0 12.0 12.0 12.0 12.0 12.0
12.0 12.0 12.0 12.0 12.0 12.0
12.0 12.0 12.0 12.0 12.0 12.0
12.0 12.0 12.0 12.0 12.0 12.0
12.0 12.0 12.0 12.0 12.0 12.0
12.0 12.0 12.0 12.0 12.0 12.0
12.0 12.0 12.0 12.0 12.0 12.0
12.0 12.0 12.0 12.0 12.0 12.0
12.0 12.0 12.0 12.0 12.0 12.0
12.0 12.0 12.0 12.0 12.0 12.0
12.0 12.0 12.0 12.0 12.0 12.0
12.0 12.0 12.0 12.0 12.0 12.0
12.0 12.0 12.0 12.0 12.0 12.0
12.0 12.0 12.0 12.0 12.0 12.0
12.0 12.0 12.0 12.0 12.0 12.0
12.0 12.0 12.0 12.0 12.0 12.0
12.0 12.0 12.0 12.0 12.0 12.0
12.0 12.0 12.0 12.0 12.0 12.0
12.0 12.0 12.0 12.0 12.0 12.0
12.0 12.0 12.0 12.0 12.0 12.0
12.0 12.0 12.0 12.0 12.0 12.0
12.0 12.0 12.0 12.0 12.0 12.0
12.0 12.0 12.0 12.0 12.0 12.0
12.0 12.0 12.0 12.0 12.0 12.0
12.0 12.0 12.0 12.0 12.0 12.0
12.0 12.0 12.0 12.0 12.0 12.0
12.0 12.0 12.0 12.0 12.0 12.0
12.0 12.0 12.0 12.0 12.0 12.0
12.0 12.0 12.0 12.0 12.0 12.0
12.0 12.0 12.0 12.0 12.0 12.0
12.0 12.0 12.0 12.0 12.0 12.0
12.0 12.0 12.0 12.0 12.0 12.0
12.0 12.0 12.0 12.0 12.0 12.0
12.0 12.0 12.0 12.0 12.0 12.0
12.0 12.0 12.0 12.0 12.0 12.0
12.0 12.0 12.0 12.0 12.0 12.0
12.0 12.0 12.0 12.0 12.0 12.0
12.0 12.0 12.0 12.0 12.0 12.0
12.0 12.0 12.0 12.0 12.0 12.0
12.0 12.0 12.0 12.0 12.0 12.0
12.0 12.0 12.0 12.0 12.0 12.0
12.0 12.0 12.0 12.0 12.0 12.0
12.0 12.0 12.0 12.0 12.0 12.0
12.0 12.0 12.0 12.0 12.0 12.0
12.0 12.0 12.0 12.0 12.0 12.0
12.0 12.0 12.0 12.0 12.0 12.0
12.0 12.0 12.0 12.0 12.0 12.0
12.0 12.0 12.0 12.0 12.0 12.0
12.0 12.0 12.0 12.0 12.0 12.0
12.0 12.0 12.0 12.0 12.0 12.0
12.0 12.0 12.0 12.0 12.0 12.0
12.0 12.0 12.0 12.0 12.0 12.0
12.0 12.0 12.0 12.0 12.0 12.0
12.0 12.0 12.0 12.0 12.0 12.0
12.0 12.0 12.0 12.0 12.0 12.0
12.0 12.0 12.0 12.0 12.0 12.0
12.0 12.0 12.0 12.0 12.0 12.0
12.0 12.0 12.0 12.0 12.0 12.0
12.0 12.0 12.0 12.0 12.0 12.0
12.0 12.0 12.0 12.0 12.0 12.0
12.0 12.0 12.0 12.0 12.0 12.0
12.0 12.0 12.0 12.0 12.0 12.0
12.0 12.0 12.0 12.0 12.0 12.0
12.0 12.0 12.0 12.0 12.0 12.0
12.0 12.0 12.0 12.0 12.0 12.0
12.0 12.0 12.0 12.0 12.0 12.0
12.0 12.0 12.0 12.0 12.0 12.0
12.0 12.0 12.0 12.0 12.0 12.0
12.0 12.0 12.0 12.0 12.0 12.0
12.0 12.0 12.0 12.0 12.0 12.0
12.0 12.0 12.0 12.0 12.0 12.0
12.0 12.0 12.0 12.0 12.0 12.0
12.0 12.0 12.0 12.0 12.0 12.0
12.0 12.0 12.0 12.0 12.0 12.0
12.0 12.0 12.0 12.0 12.0 12.0
12.0 12.0 12.0 12.0 12.0 12.0
12.0 12.0 12.0 12.0 12.0 12.0
12.0 12.0 12.0 12.0 12.0 12.0
12.0 12.0 12.0 12.0 12.0 12.0
12.0 12.0 12.0 12.0 12.0 12.0
12.0 12.0 12.0 12.0 12.0 12.0
12.0 12.0 12.0 12.0 12.0 12.0
12.0 12.0 12.0 12.0 12.0 12.0
12.0 12.0 12.0 12.0 12.0 12.0
12.0 12.0 12.0 12.0 12.0 12.0
12.0 12.0 12.0 12.0 12.0 12.0
12.0 12.0 12.0 12.0 12.0 12.0
12.0 12.0 12.0 12.0 12.0 12.0
12.0 12.0 12.0 12.0 12.0 12.0
12.0 12.0 12.0 12.0 12.0 12.0
12.0 12.0 12.0 12.0 12.0 12.0
12.0 12.0 12.0 12.0 12.0 12.0
12.0 12.0 12.0 12.0 12.0 12.0
12.0 12.0 12.0 12.0 12.0 12.0
12.0 12.0 12.0 12.0 12.0 12.0
12.0 12.0 12.0 12.0 12.0 12.0
12.0 12.0 12.0 12.0 12.0 12.0
12.0 12.0 12.0 12.0 12.0 12.0
12.0 12.0 12.0 12.0 12.0 12.0
12.0 12.0 12.0 12.0 12.0 12.0
12.0 12.0 12.0 12.0 12.0 12.0
12.0 12.0 12.0 12.0 12.0 12.0
12.0 12.0 12.0 12.0 12.0 12.0
12.0 12.0 12.0 12.0 12.0 12.0
12.0 12.0 12.0 12.0 12.0 12.0
12.0 12.0 12.0 12.0 12.0 12.0
12.0 12.0 12.0 12.0 12.0 12.0
12.0 12.0 12.0 12.0 12.0 12.0
12.0 12.0 12.0 12.0 12.0 12.0
12.0 12.0 12.0 12.0 12.0 12.0
12.0 12.0 12.0 12.0 12.0 12.0
12.0 12.0 12.0 12.0 12.0 12.0
12.0 12.0 12.0 12.0 12.0 12.0
12.0 12.0 12.0 12.0 12.0 12.0
12.0 12.0 12.0 12.0 12.0 12.0
12.0 12.0 12.0 12.0 12.0 12.0
12.0 12.0 12.0 12.0 12.0 12.0
12.0 12.0 12.0 12.0 12.0 12.0
12.0 12.0 12.0 12.0 12.0 12.0
12.0 12.0 12.0 12.0 12.0 12.0
12.0 12.0 12.0 12.0 12.0 12.0
12.0 12.0 12.0 12.0 12.0 12.0
12.0 12.0 12.0 12.0 12.0 12.0
12.0 12.0 12.0 12.0 12.0 12.0
12.0 12.0 12.0 12.0 12.0 12.0
12.0 12.0 12.0 12.0 12.0 12.0
12.0 12.0 12.0 12.0 12.0 12.0
12.0 12.0 12.0 12.0 12.0 12.0
12.0 12.0 12.0 12.0 12.0 12.0
12.0 12.0 12.0 12.0 12.0 12.0
12.0 12.0 12.0 12.0 12.0 12.0
12.0 12.0 12.0 12.0 12.0 12.0
12.0 12.0 12.0 12.0 12.0 12.0
12.0 12.0 12.0 12.0 12.0 12.0
12.0 12.0 12.0 12.0 12.0 12.0
12.0 12.0 12.0 12.0 12.0 12.0
12.0 12.0 12.0 12.0 12.0 12.0
12.0 12.0 12.0 12.0 12.0 12.0
12.0 12.0 12.0 12.0 12.0 12.0
12.0 12.0 12.0 12.0 12.0 12.0
12.0 12.0 12.0 12.0 12.0 12.0
12.0 12.0 12.0 12.0 12.0 12.0
12.0 12.0 12.0 12.0 12.0 12.0
12.0 12.0 12.0 12.0 12.0 12.0
12.0 12.0 12.0 12.0 12.0 12.0
12.0 12.0 12.0 12.0 12.0 12.0
12.0 12.0 12.0 12.0 12.0 12.0
12.0 12.0 12.0 12.0 12.0 12.0
12.0 12.0 12.0 12.0 12.0 12.0
12.0 12.0 12.0 12.0 12.0 12.0
12.0 12.0 12.0 12.0 12.0 12.0
12.0 12.0 12.0 12.0 12.0 12.0
12.0 12.0 12.0 12.0 12.0 12.0
12.0 12.0 12.0 12.0 12.0 12.0
12.0 12.0 12.0 12.0 12.0 12.0
12.0 12.0 12.0 12.0 12.0 12.0
12.0 12.0 12.0 12.0 12.0 12.0
12.0 12.0 12.0 12.0 12.0 12.0
12.0 12.0 12.0 12.0 12.0 12.0
12.0 12.0 12.0 12.0 12.0 12.0
12.0 12.0 12.0 12.0 12.0 12.0
12.0 12.0 12.0 12.0 12.0 12.0
12.0 12.0 12.0 12.0 12.0 12.0
12.0 12.0 12.0 12.0 12.0 12.0
12.0 12.0 12.0 12.0 12.0 12.0
12.0 12.0 12.0 12.0 12.0 12.0
12.0 12.0 12.0 12.0 12.0 12.0
12.0 12.0 12.0 12.0 12.0 12.0
12.0 12.0 12.0 12.0 12.0 12.0
12.0 12.0 12.0 12.0 12.0 12.0
12.0 12.0 12.0 12.0 12.0 12.0
12.0 12.0 12.0 12.0 12.0 12.0
12.0 12.0 12.0 12.0 12.0 12.0
12.0 12.0 12.0 12.0 12.0 12.0
12.0 12.0 12.0 12.0 12.0 12.0
12.0 12.0 12.0 12.0 12.0 12.0
12.0 12.0 12.0 12.0 12.0 12.0
12.0 12.0 12.0 12.0 12.0 12.0
12.0 12.0 12.0 12.0 12.0 12.0
12.0 12.0 12.0 12.0 12.0 12.0
12.0 12.0 12.0 12.0 12.0 12.0
12.0 12.0 12.0 12.0 12.0 12.0
12.0 12.0 12.0 12.0 12.0 12.0
12.0 12.0 12.0 12.0 12.0 12.0
12.0 12.0 12.0 12.0 12.0 12.0
12.0 12.0 12.0 12.0 12.0 12.0
12.0 12.0 12.0 12.0 12.0 12.0
12.0 12.0 12.0 12.0 12.0 12.0
12.0 12.0 12.0 12.0 12.0 12.0
12.0 12.0 12.0 12.0 12.0 12.0
12.0 12.0 12.0 12.0 12.0 12.0
12.0 12.0 12.0 12.0 12.0 12.0
12.0 12.0 12.0 12.0 12.0 12.0
12.0 12.0 12.0 12.0 12.0 12.0
12.0 12.0 12.0 12.0 12.0 12.0
12.0 12.0 12.0 12.0 12.0 12.0
12.0 12.0 12.0 12.0 12.0 12.0
12.0 12.0 12.0 12.0 12.0 12.0
12.0 12.0 12.0 12.0 12.0 12.0
12.0 12.0 12.0 12.0 12.0 12.0
12.0 12.0 12.0 12.0 12.0 12.0
12.0 12.0 12.0 12.0 12.0 12.0
12.0 12.0 12.0 12.0 12.0 12.0
12.0 12.0 12.0 12.0 12.0 12.0
12.0 12.0 12.0 12.0 12.0 12.0
12.0 12.0 12.0 12.0 12.0 12.0
12.0 12.0 12.0 12.0 12.0 12.0
12.0 12.0 12.0 12.0 12.0 12.0
12.0 12.0 12.0 12.0 12.0 12.0
12.0 12.0 12.0 12.0 12.0 12.0
12.0 12.0 12.0 12.0 12.0 12.0
12.0 12.0 12.0 12.0 12.0 12.0
12.0 12.0 12.0 12.0 12.0 12.0
12.0 12.0 12.0 12.0 12.0 12.0
12.0 12.0 12.0 12.0 12.0 12.0
12.0 12.0 12.0 12.0 12.0 12.0
12.0 12.0 12.0 12.0 12.0 12.0
12.0 12.0 12.0 12.0 12.0 12.0
12.0 12.0 12.0 12.0 12.0 12.0
12.0 12.0 12.0 12.0 12.0 12.0
12.0 12.0 12.0 12.0 12.0 12.0
12.0 12.0 12.0 12.0 12.0 12.0
12.0 12.0 12.0 12.0 12.0 12.0
12.0 12.0 12.0 12.0 12.0 12.0
12.0 12.0 12.0 12.0 12.0 12.0
12.0 12.0 12.0 12.0 12.0 12.0
12.0 12.0 12.0 12.0 12.0 12.0
12.0 12.0 12.0 12.0 12.0 12.0
12.0 12.0 12.0 12.0 12.0 12.0
12.0 12.0 12.0 12.0 12.0 12.0
12.0 12.0 12.0 12.0 12.0 12.0
12.0 12.0 12.0 12.0 12.0 12.0
12.0 12.0 12.0 12.0 12.0 12.0
12.0 12.0 12.0 12.0 12.0 12.0
12.0 12.0 12.0 12.0 12.0 12.0
12.0 12.0 12.0 12.0 12.0 12.0
12.0 12.0 12.0 12.0 12.0 12.0
12.0 12.0 12.0 12.0 12.0 12.0
12.0 12.0 12.0 12.0 12.0 12.0
12.0 12.0 12.0 12.0 12.0 12.0
12.0 12.0 12.0 12.0 12.0 12.0
12.0 12.0 12.0 12.0 12.0 12.0
12.0 12.0 12.0 12.0 12.0 12.0
12.0 12.0 12.0 12.0 12.0 12.0
12.0 12.0 12.0 12.0 12.0 12.0
12.0 12.0 12.0 12.0 12.0 12.0
12.0 12.0 12.0 12.0 12.0 12.0
12.0 12.0 12.0 12.0 12.0 12.0
12.0 12.0 12.0 12.0 12.0 12.0
12.0 12.0 12.0 12.0 12.0 12.0
12.0 12.0 12.0 12.0 12.0 12.0
12.0 12.0 12.0 12.0 12.0 12.0
12.0 12.0 12.0 12.0 12.0 12.0
12.0 12.0 12.0 12.0 12.0 12.0
12.0 12.0 12.0 12.0 12.0 12.0
12.0 12.0 12.0 12.0 12.0 12.0
12.0 12.0 12.0 12.0 12.0 12.0
12.0 12.0 12.0 12.0 12.0 12.0
12.0 12.0 12.0 12.0 12.0 12.0
12.0 12.0 12.0 12.0 12.0 12.0
12.0 12.0 12.0 12.0 12.0 12.0
12.0 12.0 12.0 12.0 12.0 12.0
12.0 12.0 12.0 12.0 12.0 12.0
12.0 12.0 12.0 12.0 12.0 12.0
12.0 12.0 12.0 12.0 12.0 12.0
12.0 12.0 12.0 12.0 12.0 12.0
12.0 12.0 12.0 12.0 12.0 12.0
12.0 12.0 12.0 12.0 12.0 12.0
12.0 12.0 12.0 12.0 12.0 12.0
12.0 12.0 12.0 12.0 12.0 12.0
12.0 12.0 12.0 12.0 12.0 12.0
12.0 12.0 12.0 12.0 12.0 12.0
12.0 12.0 12.0 12.0 12.0 12.0
12.0 12.0 12.0 12.0 12.0 12.0
12.0 12.0 12.0 12.0 12.0 12.0
12.0 12.0 12.0 12.0 12.0 12.0
12.0 12.0 12.0 12.0 12.0 12.0
12.0 12.0 12.0 12.0 12.0 12.0
12.0 12.0 12.0 12.0 12.0 12.0
12.0 12.0 12.0 12.0 12.0 12.0
12.0 12.0 12.0 12.0 12.0 12.0
12.0 12.0 12.0 12.0 12.0 12.0
12.0 12.0 12.0 12.0 12.0 12.0
12.0 12.0 12.0 12.0 12.0 12.0
12.0 12.0 12.0 12.0 12.0 12.0
12.0 12.0 12.0 12.0 12.0 12.0
12.0 12.0 12.0 12.0 12.0 12.0
12.0 12.0 12.0 12.0 12.0 12.0
12.0 12.0 12.0 12.0 12.0 12.0
12.0 12.0 12.0 12.0 12.0 12.0
12.0 12.0 12.0 12.0 12.0 12.0
12.0 12.0 12.0 12.0 12.0 12.0
12.0 12.0 12.0 12.0 12.0 12.0
