nbNodes
27
nbVehi
5
nbServi
6
r
1 1 1 1 1 1
0 0 1 0 0 0
0 0 0 0 1 0
0 0 0 1 0 0
0 0 0 0 1 0
0 0 0 1 0 0
0 0 0 1 0 0
0 1 0 0 0 0
0 0 0 0 1 0
1 0 0 0 0 0
0 1 0 0 0 0
0 0 1 0 0 0
0 0 1 0 0 0
0 0 1 0 0 0
0 0 1 0 0 0
0 0 1 0 0 0
1 0 0 0 0 0
0 1 0 0 0 0
0 0 0 1 1 0
0 0 0 1 0 1
0 0 0 0 1 1
0 0 0 1 0 1
0 0 1 0 1 0
1 0 0 1 0 0
0 0 1 1 0 0
0 1 0 0 1 0
1 1 1 1 1 1
DS
26 25 24 23 22 21 20 19
a
1  1  1  0  0  0
1  1  0  0  0  0
0  0  0  1  0  1
0  0  0  0  1  1
0  0  0  1  1  1
x
62 3 67 11 62 92 52 62 69 62 75 22 39 33 69 82 94 45 82 84 28 95 61 6 64 0 62
y
44 49 3 30 23 32 8 9 36 44 36 38 26 2 9 35 27 1 36 9 27 44 47 25 9 0 44
d
0.0 59.211487 41.303753 52.886673 21.0 32.31099 37.363083 35.0 10.630146 0.0 15.264338 40.4475 29.206163 51.0392 35.69314 21.931713 36.23534 46.238514 21.540659 41.340054 38.013157 33.0 3.1622777 59.135437 35.057095 76.02631 0.0
59.211487 0.0 78.81624 20.615528 64.4748 90.60905 63.89053 71.281136 67.26812 59.211487 73.1642 21.954498 42.72002 55.758408 77.175125 80.23092 93.62158 63.780876 80.06248 90.33826 33.30165 92.13577 58.034473 24.186773 72.94518 49.09175 59.211487
41.303753 78.81624 0.0 62.169125 20.615528 38.28838 15.811388 7.81025 33.06055 41.303753 33.955853 57.00877 36.23534 34.0147 6.3245554 35.341194 36.124783 22.090721 36.249138 18.027756 45.79301 49.648766 44.407207 64.84597 6.708204 67.06713 41.303753
52.886673 20.615528 62.169125 0.0 51.47815 81.02469 46.52956 55.154327 58.30952 52.886673 64.28063 13.601471 28.284271 35.608986 61.68468 71.17584 83.0542 44.687805 71.25307 75.96052 17.262676 85.158676 52.810986 7.071068 57.00877 31.95309 52.886673
21.0 64.4748 20.615528 51.47815 0.0 31.320919 18.027756 14.0 14.764823 21.0 18.384777 42.72002 23.194826 35.805027 15.652476 23.323807 32.24903 27.802877 23.853722 26.076809 34.234486 39.115215 24.020824 56.0357 14.142136 66.12866 21.0
32.31099 90.60905 38.28838 81.02469 31.320919 0.0 46.647614 37.802116 23.345236 32.31099 17.464249 70.256676 53.338543 66.189125 32.526913 10.440307 5.3851647 56.302753 10.770329 24.351591 64.195015 12.369317 34.43835 86.28442 36.23534 97.406364 32.31099
37.363083 63.89053 15.811388 46.52956 18.027756 46.647614 0.0 10.049875 32.75668 37.363083 36.23534 42.426407 22.203604 19.924858 17.029387 40.36087 46.09772 9.899495 41.036568 32.01562 30.610456 56.0803 40.024994 49.0408 12.0415945 52.611786 37.363083
35.0 71.281136 7.81025 55.154327 14.0 37.802116 10.049875 0.0 27.89265 35.0 29.966648 49.40648 28.600698 29.832869 7.0 32.80244 36.71512 18.788294 33.600594 22.0 38.470768 48.104053 38.013157 58.24088 2.0 62.649822 35.0
10.630146 67.26812 33.06055 58.30952 14.764823 23.345236 32.75668 27.89265 0.0 10.630146 6.0 47.042534 31.622776 49.517673 27.0 13.038404 26.57066 42.43819 13.0 30.88689 41.976185 27.202942 13.601471 63.953106 27.45906 77.82673 10.630146
0.0 59.211487 41.303753 52.886673 21.0 32.31099 37.363083 35.0 10.630146 0.0 15.264338 40.4475 29.206163 51.0392 35.69314 21.931713 36.23534 46.238514 21.540659 41.340054 38.013157 33.0 3.1622777 59.135437 35.057095 76.02631 0.0
15.264338 73.1642 33.955853 64.28063 18.384777 17.464249 36.23534 29.966648 6.0 15.264338 0.0 53.037724 37.363083 54.037025 27.658634 7.071068 21.023796 46.09772 7.0 28.460499 47.853943 21.540659 17.804493 69.87131 29.15476 83.19255 15.264338
40.4475 21.954498 57.00877 13.601471 42.72002 70.256676 42.426407 49.40648 47.042534 40.4475 53.037724 0.0 20.808653 37.64306 55.226807 60.074955 72.835434 43.56604 60.033325 68.44706 12.529964 73.24616 40.024994 20.615528 51.0392 43.908997 40.4475
29.206163 42.72002 36.23534 28.284271 23.194826 53.338543 22.203604 28.600698 31.622776 29.206163 37.363083 20.808653 0.0 24.738634 34.48188 43.931767 55.00909 25.70992 44.14748 48.104053 11.045361 58.821766 30.413813 33.01515 30.232433 46.872166 29.206163
51.0392 55.758408 34.0147 35.608986 35.805027 66.189125 19.924858 29.832869 49.517673 51.0392 54.037025 37.64306 24.738634 0.0 36.67424 59.07622 65.9242 12.0415945 59.64059 51.47815 25.495098 74.88658 53.0 35.468296 31.780497 33.06055 51.0392
35.69314 77.175125 6.3245554 61.68468 15.652476 32.526913 17.029387 7.0 27.0 35.69314 27.658634 55.226807 34.48188 36.67424 0.0 29.068884 30.805843 25.298222 29.966648 15.0 44.777225 43.60046 38.832977 65.0 5.0 69.58448 35.69314
21.931713 80.23092 35.341194 71.17584 23.323807 10.440307 40.36087 32.80244 13.038404 21.931713 7.071068 60.074955 43.931767 59.07622 29.068884 0.0 14.422205 50.24938 1.0 26.076809 54.589375 15.811388 24.186773 76.655075 31.622776 89.157166 21.931713
36.23534 93.62158 36.124783 83.0542 32.24903 5.3851647 46.09772 36.71512 26.57066 36.23534 21.023796 72.835434 55.00909 65.9242 30.805843 14.422205 0.0 55.470715 15.0 20.59126 66.0 17.029387 38.587563 88.02273 34.98571 97.80082 36.23534
46.238514 63.780876 22.090721 44.687805 27.802877 56.302753 9.899495 18.788294 42.43819 46.238514 46.09772 43.56604 25.70992 12.0415945 25.298222 50.24938 55.470715 0.0 50.931328 39.812057 31.06445 65.946945 48.703182 45.79301 20.615528 45.01111 46.238514
21.540659 80.06248 36.249138 71.25307 23.853722 10.770329 41.036568 33.600594 13.0 21.540659 7.0 60.033325 44.14748 59.64059 29.966648 1.0 15.0 50.931328 0.0 27.073973 54.74486 15.264338 23.70654 76.79192 32.449963 89.55445 21.540659
41.340054 90.33826 18.027756 75.96052 26.076809 24.351591 32.01562 22.0 30.88689 41.340054 28.460499 68.44706 48.104053 51.47815 15.0 26.076809 20.59126 39.812057 27.073973 0.0 58.821766 36.687874 44.418465 79.624115 20.0 84.48077 41.340054
38.013157 33.30165 45.79301 17.262676 34.234486 64.195015 30.610456 38.470768 41.976185 38.013157 47.853943 12.529964 11.045361 25.495098 44.777225 54.589375 66.0 31.06445 54.74486 58.821766 0.0 69.12308 38.587563 22.090721 40.24922 38.8973 38.013157
33.0 92.13577 49.648766 85.158676 39.115215 12.369317 56.0803 48.104053 27.202942 33.0 21.540659 73.24616 58.821766 74.88658 43.60046 15.811388 17.029387 65.946945 15.264338 36.687874 69.12308 0.0 34.132095 91.00549 46.75468 104.69479 33.0
3.1622777 58.034473 44.407207 52.810986 24.020824 34.43835 40.024994 38.013157 13.601471 3.1622777 17.804493 40.024994 30.413813 53.0 38.832977 24.186773 38.587563 48.703182 23.70654 44.418465 38.587563 34.132095 0.0 59.236813 38.118237 77.00649 3.1622777
59.135437 24.186773 64.84597 7.071068 56.0357 86.28442 49.0408 58.24088 63.953106 59.135437 69.87131 20.615528 33.01515 35.468296 65.0 76.655075 88.02273 45.79301 76.79192 79.624115 22.090721 91.00549 59.236813 0.0 60.166435 25.70992 59.135437
35.057095 72.94518 6.708204 57.00877 14.142136 36.23534 12.0415945 2.0 27.45906 35.057095 29.15476 51.0392 30.232433 31.780497 5.0 31.622776 34.98571 20.615528 32.449963 20.0 40.24922 46.75468 38.118237 60.166435 0.0 64.629715 35.057095
76.02631 49.09175 67.06713 31.95309 66.12866 97.406364 52.611786 62.649822 77.82673 76.02631 83.19255 43.908997 46.872166 33.06055 69.58448 89.157166 97.80082 45.01111 89.55445 84.48077 38.8973 104.69479 77.00649 25.70992 64.629715 0.0 76.02631
0.0 59.211487 41.303753 52.886673 21.0 32.31099 37.363083 35.0 10.630146 0.0 15.264338 40.4475 29.206163 51.0392 35.69314 21.931713 36.23534 46.238514 21.540659 41.340054 38.013157 33.0 3.1622777 59.135437 35.057095 76.02631 0.0
p
0 0 0 0 0 0
0 0 0 0 0 0
0 0 0 0 0 0
0 0 0 0 0 0
0 0 0 0 0 0
17.0 17.0 17.0 17.0 17.0 17.0
17.0 17.0 17.0 17.0 17.0 17.0
17.0 17.0 17.0 17.0 17.0 17.0
17.0 17.0 17.0 17.0 17.0 17.0
17.0 17.0 17.0 17.0 17.0 17.0
17.0 17.0 17.0 17.0 17.0 17.0
17.0 17.0 17.0 17.0 17.0 17.0
17.0 17.0 17.0 17.0 17.0 17.0
17.0 17.0 17.0 17.0 17.0 17.0
17.0 17.0 17.0 17.0 17.0 17.0
17.0 17.0 17.0 17.0 17.0 17.0
17.0 17.0 17.0 17.0 17.0 17.0
17.0 17.0 17.0 17.0 17.0 17.0
17.0 17.0 17.0 17.0 17.0 17.0
17.0 17.0 17.0 17.0 17.0 17.0
17.0 17.0 17.0 17.0 17.0 17.0
17.0 17.0 17.0 17.0 17.0 17.0
17.0 17.0 17.0 17.0 17.0 17.0
17.0 17.0 17.0 17.0 17.0 17.0
17.0 17.0 17.0 17.0 17.0 17.0
17.0 17.0 17.0 17.0 17.0 17.0
17.0 17.0 17.0 17.0 17.0 17.0
17.0 17.0 17.0 17.0 17.0 17.0
17.0 17.0 17.0 17.0 17.0 17.0
17.0 17.0 17.0 17.0 17.0 17.0
17.0 17.0 17.0 17.0 17.0 17.0
17.0 17.0 17.0 17.0 17.0 17.0
17.0 17.0 17.0 17.0 17.0 17.0
17.0 17.0 17.0 17.0 17.0 17.0
17.0 17.0 17.0 17.0 17.0 17.0
17.0 17.0 17.0 17.0 17.0 17.0
17.0 17.0 17.0 17.0 17.0 17.0
17.0 17.0 17.0 17.0 17.0 17.0
17.0 17.0 17.0 17.0 17.0 17.0
17.0 17.0 17.0 17.0 17.0 17.0
17.0 17.0 17.0 17.0 17.0 17.0
17.0 17.0 17.0 17.0 17.0 17.0
17.0 17.0 17.0 17.0 17.0 17.0
17.0 17.0 17.0 17.0 17.0 17.0
17.0 17.0 17.0 17.0 17.0 17.0
17.0 17.0 17.0 17.0 17.0 17.0
17.0 17.0 17.0 17.0 17.0 17.0
17.0 17.0 17.0 17.0 17.0 17.0
17.0 17.0 17.0 17.0 17.0 17.0
17.0 17.0 17.0 17.0 17.0 17.0
17.0 17.0 17.0 17.0 17.0 17.0
17.0 17.0 17.0 17.0 17.0 17.0
17.0 17.0 17.0 17.0 17.0 17.0
17.0 17.0 17.0 17.0 17.0 17.0
17.0 17.0 17.0 17.0 17.0 17.0
17.0 17.0 17.0 17.0 17.0 17.0
17.0 17.0 17.0 17.0 17.0 17.0
17.0 17.0 17.0 17.0 17.0 17.0
17.0 17.0 17.0 17.0 17.0 17.0
17.0 17.0 17.0 17.0 17.0 17.0
17.0 17.0 17.0 17.0 17.0 17.0
17.0 17.0 17.0 17.0 17.0 17.0
17.0 17.0 17.0 17.0 17.0 17.0
17.0 17.0 17.0 17.0 17.0 17.0
17.0 17.0 17.0 17.0 17.0 17.0
17.0 17.0 17.0 17.0 17.0 17.0
17.0 17.0 17.0 17.0 17.0 17.0
17.0 17.0 17.0 17.0 17.0 17.0
17.0 17.0 17.0 17.0 17.0 17.0
17.0 17.0 17.0 17.0 17.0 17.0
17.0 17.0 17.0 17.0 17.0 17.0
17.0 17.0 17.0 17.0 17.0 17.0
17.0 17.0 17.0 17.0 17.0 17.0
17.0 17.0 17.0 17.0 17.0 17.0
17.0 17.0 17.0 17.0 17.0 17.0
17.0 17.0 17.0 17.0 17.0 17.0
17.0 17.0 17.0 17.0 17.0 17.0
17.0 17.0 17.0 17.0 17.0 17.0
17.0 17.0 17.0 17.0 17.0 17.0
17.0 17.0 17.0 17.0 17.0 17.0
17.0 17.0 17.0 17.0 17.0 17.0
17.0 17.0 17.0 17.0 17.0 17.0
17.0 17.0 17.0 17.0 17.0 17.0
17.0 17.0 17.0 17.0 17.0 17.0
17.0 17.0 17.0 17.0 17.0 17.0
17.0 17.0 17.0 17.0 17.0 17.0
17.0 17.0 17.0 17.0 17.0 17.0
17.0 17.0 17.0 17.0 17.0 17.0
17.0 17.0 17.0 17.0 17.0 17.0
17.0 17.0 17.0 17.0 17.0 17.0
17.0 17.0 17.0 17.0 17.0 17.0
17.0 17.0 17.0 17.0 17.0 17.0
17.0 17.0 17.0 17.0 17.0 17.0
17.0 17.0 17.0 17.0 17.0 17.0
17.0 17.0 17.0 17.0 17.0 17.0
17.0 17.0 17.0 17.0 17.0 17.0
17.0 17.0 17.0 17.0 17.0 17.0
17.0 17.0 17.0 17.0 17.0 17.0
17.0 17.0 17.0 17.0 17.0 17.0
17.0 17.0 17.0 17.0 17.0 17.0
17.0 17.0 17.0 17.0 17.0 17.0
17.0 17.0 17.0 17.0 17.0 17.0
17.0 17.0 17.0 17.0 17.0 17.0
17.0 17.0 17.0 17.0 17.0 17.0
17.0 17.0 17.0 17.0 17.0 17.0
17.0 17.0 17.0 17.0 17.0 17.0
17.0 17.0 17.0 17.0 17.0 17.0
17.0 17.0 17.0 17.0 17.0 17.0
17.0 17.0 17.0 17.0 17.0 17.0
17.0 17.0 17.0 17.0 17.0 17.0
17.0 17.0 17.0 17.0 17.0 17.0
17.0 17.0 17.0 17.0 17.0 17.0
17.0 17.0 17.0 17.0 17.0 17.0
17.0 17.0 17.0 17.0 17.0 17.0
17.0 17.0 17.0 17.0 17.0 17.0
17.0 17.0 17.0 17.0 17.0 17.0
17.0 17.0 17.0 17.0 17.0 17.0
17.0 17.0 17.0 17.0 17.0 17.0
17.0 17.0 17.0 17.0 17.0 17.0
17.0 17.0 17.0 17.0 17.0 17.0
17.0 17.0 17.0 17.0 17.0 17.0
17.0 17.0 17.0 17.0 17.0 17.0
17.0 17.0 17.0 17.0 17.0 17.0
17.0 17.0 17.0 17.0 17.0 17.0
17.0 17.0 17.0 17.0 17.0 17.0
17.0 17.0 17.0 17.0 17.0 17.0
17.0 17.0 17.0 17.0 17.0 17.0
17.0 17.0 17.0 17.0 17.0 17.0
17.0 17.0 17.0 17.0 17.0 17.0
17.0 17.0 17.0 17.0 17.0 17.0
0 0 0 0 0 0
0 0 0 0 0 0
0 0 0 0 0 0
0 0 0 0 0 0
0 0 0 0 0 0
mind
12 33 59 40 5 51 19 55 8 27 20 31 42 30 59 6 16 60 0 0 0 0 51 21 37 21 46
maxd
24 66 118 80 10 102 38 110 16 54 40 62 84 60 118 12 32 120 0 0 0 0 102 42 74 42 92
e
0  182 412 423 358 327 105 151 406 462 427 452 308 32 200 2 132 469 396 262 108 395 329 22 283 259 0
l
600  302 532 543 478 447 225 271 526 582 547 572 428 152 320 122 252 589 516 382 228 515 449 142 403 379 1000
