nbNodes
102
nbVehi
20
nbServi
6
r
1 1 1 1 1 1 
0 1 0 0 0 0 
1 0 0 0 0 0 
0 0 1 0 0 0 
1 0 0 0 0 0 
0 1 0 0 0 0 
0 0 0 0 0 1 
0 0 0 0 0 1 
0 0 0 0 1 0 
0 0 0 0 1 0 
0 0 0 0 0 1 
0 0 0 0 1 0 
0 0 1 0 0 0 
1 0 0 0 0 0 
0 0 0 1 0 0 
0 1 0 0 0 0 
1 0 0 0 0 0 
0 0 0 0 0 1 
1 0 0 0 0 0 
0 1 0 0 0 0 
0 0 1 0 0 0 
0 0 0 1 0 0 
0 0 1 0 0 0 
0 1 0 0 0 0 
0 1 0 0 0 0 
0 0 1 0 0 0 
1 0 0 0 0 0 
0 0 0 0 1 0 
0 0 0 0 0 1 
0 0 0 1 0 0 
0 0 1 0 0 0 
0 0 1 0 0 0 
0 0 0 0 1 0 
1 0 0 0 0 0 
0 0 0 0 0 1 
0 0 0 0 0 1 
0 1 0 0 0 0 
0 0 0 0 1 0 
0 0 0 0 0 1 
0 0 0 0 0 1 
0 0 1 0 0 0 
1 0 0 0 0 0 
0 0 0 0 1 0 
0 1 0 0 0 0 
1 0 0 0 0 0 
0 0 0 0 0 1 
0 0 0 0 1 0 
0 0 1 0 0 0 
0 0 0 0 1 0 
0 0 0 0 1 0 
0 0 0 1 0 0 
0 0 1 0 0 0 
0 0 0 1 0 0 
0 1 0 0 0 0 
0 0 0 1 0 0 
0 0 0 0 1 0 
0 0 0 0 0 1 
0 0 0 1 0 0 
0 1 0 0 0 0 
0 1 0 0 0 0 
0 0 1 0 0 0 
0 1 0 0 0 0 
0 0 0 0 1 0 
0 0 0 1 0 0 
0 0 1 0 0 0 
0 0 0 1 0 0 
1 0 0 0 0 0 
0 0 1 0 0 0 
0 0 0 0 0 1 
0 0 0 1 0 0 
0 0 0 1 0 0 
0 0 0 1 0 1 
0 0 0 0 1 1 
0 0 0 0 1 1 
0 0 0 0 1 1 
0 0 0 0 1 1 
0 0 0 0 1 1 
0 0 0 1 1 0 
0 0 0 0 1 1 
0 0 0 1 0 1 
0 0 0 1 1 0 
0 0 0 0 1 1 
0 0 0 1 0 1 
0 0 0 1 1 0 
0 0 0 0 1 1 
0 0 0 1 0 1 
1 0 0 0 1 0 
0 1 0 0 0 1 
0 0 1 1 0 0 
1 0 0 1 0 0 
0 0 1 1 0 0 
0 1 0 1 0 0 
0 0 1 1 0 0 
0 0 1 0 0 1 
0 0 1 1 0 0 
0 0 1 0 0 1 
1 0 0 1 0 0 
0 1 0 0 1 0 
0 1 0 0 0 1 
1 0 0 0 0 1 
0 0 1 1 0 0 
1 1 1 1 1 1 
DS
72 73 74 75 76 77 78 79 80 81 82 83 84 85 86 93 87 88 89 90 91 92 94 95 96 97 98 99 100 101 
a
1 0 1 0 0 0 
0 0 1 0 0 0 
1 1 0 0 0 0 
0 1 1 0 0 0 
1 0 1 0 0 0 
1 1 1 0 0 0 
0 1 1 0 0 0 
0 0 0 1 1 0 
0 0 0 1 0 1 
0 0 0 1 1 1 
0 0 0 1 0 1 
0 0 0 1 1 1 
0 0 0 1 1 1 
0 0 0 1 1 1 
0 0 0 1 1 1 
0 0 0 0 0 1 
0 0 0 1 1 1 
0 0 0 1 0 1 
0 0 0 0 1 1 
0 0 0 1 0 0 
x
11 66 41 77 90 8 12 29 53 51 9 97 96 92 31 64 16 73 54 61 70 51 5 66 88 32 35 66 59 65 13 15 35 64 21 33 26 18 86 16 56 14 17 17 16 12 81 89 96 14 11 68 69 86 18 55 4 17 68 10 93 97 47 11 24 76 52 48 3 38 11 52 49 95 96 2 33 45 46 27 90 5 52 0 88 7 6 77 49 89 4 39 13 68 92 63 11 58 30 32 0 11 
y
26 33 46 29 16 44 6 17 12 28 33 36 8 28 48 27 9 3 23 12 13 19 21 45 1 44 33 11 45 34 32 25 0 46 38 22 34 18 23 2 36 26 23 14 24 3 44 19 2 11 37 4 26 0 25 32 42 21 4 24 31 44 7 1 7 26 21 43 35 23 2 40 45 6 34 11 29 20 7 25 34 26 37 35 10 5 11 25 36 29 12 14 2 15 39 27 34 13 6 2 0 26 
d
0.00000 55.44367 36.05551 66.06815 79.63040 18.24829 20.02498 20.12461 44.27189 40.04997 7.28011 86.57944 86.88498 81.02469 29.73214 53.00943 17.72005 66.12866 43.10452 51.92302 60.41523 40.60788 7.81025 58.18935 80.95678 27.65863 25.00000 57.00877 51.62364 54.58938 6.32456 4.12311 35.38361 56.64804 15.62050 22.36068 17.00000 10.63015 75.05998 24.51530 46.09772 3.00000 6.70820 13.41641 5.38516 23.02173 72.27724 78.31347 88.32327 15.29706 11.00000 61.09828 58.00000 79.37884 7.07107 44.40721 17.46425 7.81025 61.09828 2.23607 82.15230 87.86353 40.70626 25.00000 23.02173 65.00000 41.30375 40.71855 12.04159 27.16616 24.00000 43.32436 42.48529 86.34813 85.37564 17.49286 22.20360 34.52535 39.82462 16.03122 79.40403 6.00000 42.44997 14.21267 78.64477 21.37756 15.81139 66.00758 39.29377 78.05767 15.65248 30.46309 24.08319 58.05170 82.03658 52.00961 8.00000 48.76474 27.58623 31.89044 28.23119 0.00000 
55.44367 0.00000 28.17801 11.70470 29.41088 59.03389 60.37384 40.31129 24.69818 15.81139 57.00000 31.14482 39.05125 26.47640 38.07887 6.32456 55.46170 30.80584 15.62050 21.58703 20.39608 20.51828 62.16912 12.00000 38.83298 35.73514 31.00000 22.00000 13.89244 1.41421 53.00943 51.62364 45.27693 13.15295 45.27693 34.78505 40.01250 50.28916 22.36068 58.83026 10.44031 52.46904 50.01000 52.55473 50.80354 61.77378 18.60108 26.92582 43.13931 56.46238 55.14526 29.06888 7.61577 38.58756 48.66210 11.04536 62.64982 50.44799 29.06888 56.71860 27.07397 32.89377 32.20248 63.63175 49.39636 12.20656 18.43909 20.59126 63.03174 29.73214 63.13478 15.65248 20.80865 39.62323 30.01666 67.67570 33.24154 24.69818 32.80244 39.81206 24.02082 61.40033 14.56022 66.03030 31.82766 65.30697 63.90618 13.60147 17.26268 23.34524 65.45991 33.01515 61.40033 18.11077 26.68333 6.70820 55.00909 21.54066 45.00000 46.01087 73.79024 55.44367 
36.05551 28.17801 0.00000 39.81206 57.45433 33.06055 49.40648 31.38471 36.05551 20.59126 34.53983 56.88585 66.85058 54.08327 10.19804 29.83287 44.65423 53.60037 26.41969 39.44617 43.93177 28.79236 43.82921 25.01999 65.06919 9.21954 14.31782 43.01163 18.02776 26.83282 31.30495 33.42155 46.38965 23.00000 21.54066 25.29822 19.20937 36.23534 50.53712 50.60632 18.02776 33.60060 33.24154 40.00000 33.30165 51.86521 40.04997 55.07268 70.43437 44.20407 31.32092 49.92995 34.40930 64.35060 31.14482 19.79899 37.21559 34.65545 49.92995 38.01316 54.12024 56.03570 39.45884 54.08327 42.54409 40.31129 27.31300 7.61577 39.56008 23.19483 53.25411 12.52996 8.06226 67.20119 56.29387 52.40229 18.78829 26.30589 39.31921 25.23886 50.44799 41.18252 14.21267 42.44997 59.20304 53.26350 49.49747 41.67733 12.80625 50.92151 50.24938 32.06244 52.15362 41.10961 51.47815 29.06888 32.31099 37.12142 41.48494 44.91102 61.61980 36.05551 
66.06815 11.70470 39.81206 0.00000 18.38478 70.61161 68.94926 49.47727 29.41088 26.01922 68.11755 21.18962 28.31960 15.03330 49.76947 13.15295 64.19502 26.30589 23.76973 23.34524 17.46425 27.85678 72.44308 19.41649 30.08322 47.43416 42.19005 21.09502 24.08319 13.00000 64.07027 62.12890 51.03920 21.40093 56.71860 44.55334 51.24451 60.01666 10.81665 66.70832 22.13594 63.07139 60.29925 61.84658 61.20457 70.00714 15.52417 15.62050 33.01515 65.52099 66.48308 26.57066 8.54400 30.36445 59.13544 22.20360 74.14850 60.53098 26.57066 67.18631 16.12452 25.00000 37.20215 71.69379 57.38467 3.16228 26.24881 32.20248 74.24284 39.45884 71.30919 27.31300 32.24903 29.20616 19.64688 77.12976 44.00000 33.24154 38.01316 50.15974 13.92839 72.06247 26.24881 77.23341 21.95450 74.00000 73.24616 4.00000 28.86174 12.00000 74.95332 40.85340 69.46222 16.64332 18.02776 14.14214 66.18912 24.83948 52.32590 52.47857 82.28001 66.06815 
79.63040 29.41088 57.45433 18.38478 0.00000 86.64872 78.63841 61.00820 37.21559 40.80441 82.76473 21.18962 10.00000 12.16553 67.11930 28.23119 74.33034 21.40093 36.67424 29.27456 20.22375 39.11521 85.14693 37.64306 15.13275 64.40497 57.56735 24.51530 42.44997 30.80584 78.64477 75.53807 57.28001 39.69887 72.42237 57.31492 66.48308 72.02777 8.06226 75.31268 39.44617 76.65507 73.33485 73.02739 74.43118 79.07591 29.41088 3.16228 15.23155 76.16430 81.74350 25.05993 23.25941 16.49242 72.56032 38.48376 89.84431 73.17103 25.05993 80.39900 15.29706 28.86174 43.93177 80.41144 66.61081 17.20465 38.32754 49.92995 89.05055 52.46904 80.23092 44.94441 50.21952 11.18034 18.97367 88.14193 58.46366 45.17743 44.91102 63.63961 18.00000 85.58621 43.41659 91.98369 6.32456 83.72574 84.14868 15.81139 45.61798 13.03840 86.09297 51.03920 78.26238 22.02272 23.08679 29.15476 81.02469 32.14032 60.82763 59.66574 91.41116 79.63040 
18.24829 59.03389 33.06055 70.61161 86.64872 0.00000 38.20995 34.20526 55.21775 45.88028 11.04536 89.35883 95.07891 85.51023 23.34524 58.52350 35.90265 76.85050 50.56679 61.91123 69.31811 49.73932 23.19483 58.00862 90.82401 24.00000 29.15476 66.73080 51.00980 57.87055 13.00000 20.24846 51.62364 56.03570 14.31782 33.30165 20.59126 27.85678 80.77747 42.75512 48.66210 18.97367 22.84732 31.32092 21.54066 41.19466 73.00000 84.77028 97.50897 33.54102 7.61577 72.11103 63.60031 89.55445 21.47091 48.50773 4.47214 24.69818 72.11103 20.09975 85.98837 89.00000 53.75872 43.10452 40.31129 70.34202 49.64877 40.01250 10.29563 36.61967 42.10701 44.18144 41.01219 94.93682 88.56636 33.54102 29.15476 44.10215 53.03772 26.87006 82.60751 18.24829 44.55334 12.04159 86.92526 39.01282 33.06055 71.56815 41.77320 82.37718 32.24903 43.13931 42.29657 66.64083 84.14868 57.56735 10.44031 58.83026 43.90900 48.37355 44.72136 18.24829 
20.02498 60.37384 49.40648 68.94926 78.63841 38.20995 0.00000 20.24846 41.43670 44.77723 27.16616 90.13878 84.02381 82.96987 46.09772 56.08030 5.00000 61.07373 45.31004 49.36598 58.42089 41.10961 16.55295 66.61081 76.16430 42.94182 35.46830 54.23099 61.07373 59.94164 26.01922 19.23538 23.76973 65.60488 33.24154 26.40076 31.30495 13.41641 75.92760 5.65685 53.25411 20.09975 17.72005 9.43398 18.43909 3.00000 78.77182 78.08969 84.09518 5.38516 31.01612 56.03570 60.40695 74.24284 19.92486 50.24938 36.87818 15.81139 56.03570 18.11077 84.77028 93.10746 35.01428 5.09902 12.04159 67.05222 42.72002 51.62364 30.36445 31.06445 4.12311 52.49762 53.75872 83.00000 88.54377 11.18034 31.14482 35.84690 34.01470 24.20744 82.87340 21.18962 50.60632 31.38471 76.10519 5.09902 7.81025 67.72001 47.63402 80.36168 10.00000 28.16026 4.12311 56.71860 86.53901 55.15433 28.01785 46.52956 18.00000 20.39608 13.41641 20.02498 
20.12461 40.31129 31.38471 49.47727 61.00820 34.20526 20.24846 0.00000 24.51530 24.59675 25.61250 70.60453 67.60178 63.95311 31.06445 36.40055 15.26434 46.17359 25.70992 32.38827 41.19466 22.09072 24.33105 46.40043 61.13101 27.16616 17.08801 37.48333 41.03657 39.81206 21.93171 16.12452 18.02776 45.45327 22.47221 6.40312 17.26268 11.04536 57.31492 19.84943 33.01515 17.49286 13.41641 12.36932 14.76482 22.02272 58.59181 60.03332 68.65858 16.15549 26.90725 41.10961 41.00000 59.48109 13.60147 30.01666 35.35534 12.64911 41.10961 20.24846 65.51336 73.16420 20.59126 24.08319 11.18034 47.85394 23.34524 32.20248 31.62278 10.81665 23.43075 32.52691 34.40930 66.91039 69.12308 27.65863 12.64911 16.27882 19.72308 8.24621 63.32456 25.63201 30.47950 34.13210 59.41380 25.05993 23.76973 48.66210 27.58623 61.18823 25.49510 10.44031 21.93171 39.05125 66.73080 35.44009 24.75884 29.27456 11.04536 15.29706 33.61547 20.12461 
44.27189 24.69818 36.05551 29.41088 37.21559 55.21775 41.43670 24.51530 0.00000 16.12452 48.75449 50.11986 43.18565 42.15448 42.19005 18.60108 37.12142 21.93171 11.04536 8.00000 17.02939 7.28011 48.83646 35.46830 36.68787 38.27532 27.65863 13.03840 33.54102 25.05993 44.72136 40.16217 21.63331 35.73514 41.23106 22.36068 34.82815 35.51056 34.78505 38.32754 24.18677 41.43670 37.64306 36.05551 38.89730 41.97618 42.52058 36.67424 44.14748 39.01282 48.87740 17.00000 21.26029 35.11410 37.33631 20.09975 57.45433 37.10795 17.00000 44.64303 44.28318 54.40588 7.81025 43.41659 29.42788 26.92582 9.05539 31.40064 55.03635 18.60108 43.17407 28.01785 33.24154 42.42641 48.30114 51.00980 26.24881 11.31371 8.60233 29.06888 43.04649 50.00000 25.01999 57.77543 35.05710 46.52956 47.01064 27.29469 24.33105 39.81206 49.00000 14.14214 41.23106 15.29706 47.43416 18.02776 47.41308 5.09902 23.76973 23.25941 54.34151 44.27189 
40.04997 15.81139 20.59126 26.01922 40.80441 45.88028 44.77723 24.59675 16.12452 0.00000 42.29657 46.69047 49.24429 41.00000 28.28427 13.03840 39.82462 33.30165 5.83095 18.86796 24.20744 9.00000 46.52956 22.67157 45.80393 24.83948 16.76305 22.67157 18.78829 15.23155 38.20995 36.12478 32.24903 22.20360 31.62278 18.97367 25.70992 34.48188 35.35534 43.60046 9.43398 37.05401 34.36568 36.76955 35.22783 46.32494 34.00000 39.05125 51.97115 40.71855 41.00000 29.41088 18.11077 44.82187 33.13608 5.65685 49.04080 34.71311 29.41088 41.19466 42.10701 48.70318 21.37756 48.25971 34.20526 25.07987 7.07107 15.29706 48.50773 13.92839 47.70744 12.04159 17.11724 49.19350 45.39824 51.86521 18.02776 10.00000 21.58703 24.18677 39.45884 46.04346 9.05539 51.47815 41.14608 49.64877 48.10405 26.17250 8.24621 38.01316 49.64877 18.43909 46.04346 21.40093 42.44997 12.04159 40.44750 16.55295 30.41381 32.20248 58.18075 40.04997 
7.28011 57.00000 34.53983 68.11755 82.76473 11.04536 27.16616 25.61250 48.75449 42.29657 0.00000 88.05112 90.52072 83.15047 26.62705 55.32630 25.00000 70.68239 46.09772 56.08030 64.19502 44.27189 12.64911 58.24946 85.23497 25.49510 26.00000 61.09828 51.41984 56.00893 4.12311 10.00000 42.01190 56.51548 13.00000 26.40076 17.02939 17.49286 77.64664 31.78050 47.09565 8.60233 12.80625 20.61553 11.40175 30.14963 72.83543 81.21576 92.35800 22.56103 4.47214 65.74192 60.40695 83.77350 12.04159 46.01087 10.29563 14.42221 65.74192 9.05539 84.02381 88.68484 46.04346 32.06244 30.01666 67.36468 44.64303 40.26164 6.32456 30.67572 31.06445 43.56604 41.76123 90.13878 87.00575 23.08679 24.33105 38.27532 45.22168 19.69772 81.00617 8.06226 43.18565 9.21954 82.28001 28.07134 22.20360 68.46897 40.11234 80.09994 21.58703 35.51056 31.25700 61.68468 83.21658 54.33231 2.23607 52.92447 34.20526 38.60052 34.20526 7.28011 
86.57944 31.14482 56.88585 21.18962 21.18962 89.35883 90.13878 70.60453 50.11986 46.69047 88.05112 0.00000 28.01785 9.43398 67.08204 34.20526 85.38150 40.80441 44.92215 43.26662 35.46830 49.04080 93.21481 32.28002 36.13862 65.49046 62.07254 39.82462 39.05125 32.06244 84.09518 82.73452 71.69379 34.48188 76.02631 65.51336 71.02816 81.02469 17.02939 87.84646 41.00000 83.60024 81.04937 82.96987 81.88406 91.18114 17.88854 18.78829 34.01470 86.68333 86.00581 43.18565 29.73214 37.64306 79.76215 42.19005 93.19335 81.39410 43.18565 87.82369 6.40312 8.00000 57.80138 92.84934 78.54935 23.25941 47.43416 49.49747 94.00532 60.41523 92.47702 45.17743 48.83646 30.06659 2.23607 98.23441 64.38167 54.40588 58.66856 70.85901 7.28011 92.54188 45.01111 97.00515 27.51363 95.18929 94.37161 22.82542 48.00000 10.63015 96.04686 62.03225 90.62009 35.80503 5.83095 35.17101 86.02325 45.27693 73.40981 73.35530 103.46497 86.57944 
86.88498 39.05125 66.85058 28.31960 10.00000 95.07891 84.02381 67.60178 43.18565 49.24429 90.52072 28.01785 0.00000 20.39608 76.32169 37.21559 80.00625 23.53720 44.59821 35.22783 26.47640 46.32494 91.92388 47.63402 10.63015 73.43024 65.92420 30.14963 52.32590 40.45986 86.40023 82.76473 61.52235 49.67897 80.77747 64.53681 74.67262 78.63841 18.02776 80.22468 48.82622 83.95237 80.41144 79.22752 81.58431 84.14868 39.00000 13.03840 6.00000 82.05486 89.81091 28.28427 32.44996 12.80625 79.83107 47.50789 98.08160 80.06248 28.28427 87.47571 23.19483 36.01389 49.01020 85.28775 72.00694 26.90725 45.88028 59.40539 96.84007 59.90826 85.21150 54.40588 59.81639 2.23607 26.00000 94.04786 66.40783 52.39275 50.01000 71.06335 26.68333 92.76314 52.69725 99.72462 8.24621 89.05055 90.04999 25.49510 54.70832 22.13594 92.08692 57.31492 83.21658 28.86174 31.25700 38.07887 88.88757 38.32754 66.03030 64.28063 96.33276 86.88498 
81.02469 26.47640 54.08327 15.03330 12.16553 85.51023 82.96987 63.95311 42.15448 41.00000 83.15047 9.43398 20.39608 0.00000 64.19502 28.01785 78.33901 31.40064 38.32754 34.88553 26.62705 41.97618 87.28115 31.06445 27.29469 62.09670 57.21888 31.06445 37.12142 27.65863 79.10120 77.05842 63.50591 33.28663 71.70077 59.30430 66.27217 74.67262 7.81025 80.32434 36.87818 78.02564 75.16648 76.29548 76.10519 83.81527 19.41649 9.48683 26.30589 79.83107 81.49847 33.94113 23.08679 28.63564 74.06079 37.21559 89.10668 75.32596 33.94113 82.09750 3.16228 16.76305 49.65884 85.38150 71.16881 16.12452 40.60788 46.48656 89.27486 54.23099 85.07056 41.76123 46.23851 22.20360 7.21110 91.59148 59.00847 47.67599 50.56679 65.06919 6.32456 87.02299 41.00000 92.26592 18.43909 88.05680 87.66413 15.29706 43.73786 3.16228 89.44272 54.81788 83.16850 27.29469 11.00000 29.01724 81.22192 37.16181 65.78754 65.39113 96.16652 81.02469 
29.73214 38.07887 10.19804 49.76947 67.11930 23.34524 46.09772 31.06445 42.19005 28.28427 26.62705 67.08204 76.32169 64.19502 0.00000 39.11521 41.78516 61.55485 33.97058 46.86150 52.40229 35.22783 37.48333 35.12834 73.87828 4.12311 15.52417 50.93133 28.16026 36.76955 24.08319 28.01785 48.16638 33.06055 14.14214 26.07681 14.86607 32.69557 60.41523 48.38388 27.73085 27.80288 28.65310 36.76955 28.30194 48.84670 50.15974 64.84597 79.63040 40.71855 22.82542 57.48913 43.90900 73.00000 26.41969 28.84441 27.65863 30.41381 57.48913 31.89044 64.28841 66.12110 44.01136 51.07837 41.59327 50.08992 34.20526 17.72005 30.87070 25.96151 50.15974 22.47221 18.24829 76.55064 66.49060 47.01064 19.10497 31.30495 43.65776 23.34524 60.63827 34.05877 23.70654 33.61547 68.50547 49.24429 44.65423 51.42956 21.63331 61.03278 45.00000 34.92850 49.39636 49.57822 61.66036 38.27532 24.41311 44.20407 42.01190 46.01087 57.14018 29.73214 
53.00943 6.32456 29.83287 13.15295 28.23119 58.52350 56.08030 36.40055 18.60108 13.03840 55.32630 34.20526 37.21559 28.01785 39.11521 0.00000 51.26402 25.63201 10.77033 15.29706 15.23155 15.26434 59.30430 18.11077 35.38361 36.23534 29.61419 16.12452 18.68154 7.07107 51.24451 49.04080 39.62323 19.00000 44.38468 31.40064 38.63936 46.87217 22.36068 54.12024 12.04159 50.01000 47.16991 48.76474 48.09366 57.27128 24.04163 26.24881 40.60788 52.49762 53.93515 23.34524 5.09902 34.82815 46.04346 10.29563 61.84658 47.38143 23.34524 54.08327 29.27456 37.12142 26.24881 59.03389 44.72136 12.04159 13.41641 22.62742 61.52235 26.30589 58.60034 17.69181 23.43075 37.44329 32.75668 64.03124 31.06445 20.24846 26.90725 37.05401 26.92582 59.00847 15.62050 64.49806 29.41088 61.09828 60.16644 13.15295 17.49286 25.07987 61.84658 28.17801 56.79789 12.64911 30.46309 1.00000 53.46027 15.23155 39.96248 40.60788 69.46222 53.00943 
17.72005 55.46170 44.65423 64.19502 74.33034 35.90265 5.00000 15.26434 37.12142 39.82462 25.00000 85.38150 80.00625 78.33901 41.78516 51.26402 0.00000 57.31492 40.49691 45.09989 54.14795 36.40055 16.27882 61.61169 72.44308 38.48376 30.61046 50.03998 56.08030 55.00909 23.19483 16.03122 21.02380 60.60528 29.42788 21.40093 26.92582 9.21954 71.38627 7.00000 48.25971 17.11724 14.03567 5.09902 15.00000 7.21110 73.82412 73.68175 80.30567 2.82843 28.44293 52.23983 55.65968 70.57620 16.12452 45.27693 35.11410 12.04159 52.23983 16.15549 80.08121 88.23831 31.06445 9.43398 8.24621 62.36185 37.94733 46.69047 29.06888 26.07681 8.60233 47.50789 48.83646 79.05694 83.81527 14.14214 26.24881 31.01612 30.06659 19.41649 78.10890 20.24846 45.60702 30.52868 72.00694 9.84886 10.19804 63.06346 42.63801 75.69016 12.36932 23.53720 7.61577 52.34501 81.70679 50.32892 25.49510 42.19005 14.31782 17.46425 18.35756 17.72005 
66.12866 30.80584 53.60037 26.30589 21.40093 76.85050 61.07373 46.17359 21.93171 33.30165 70.68239 40.80441 23.53720 31.40064 61.55485 25.63201 57.31492 0.00000 27.58623 15.00000 10.44031 27.20294 70.34202 42.57934 15.13275 57.98276 48.41487 10.63015 44.27189 32.01562 66.64083 62.03225 38.11824 43.93177 62.68174 44.28318 56.30275 57.00877 23.85372 57.00877 37.12142 63.32456 59.46427 57.07013 60.74537 61.00000 41.77320 22.62742 23.02173 59.53990 70.71068 5.09902 23.34524 13.34166 59.23681 34.13210 79.25907 58.82176 5.09902 66.40783 34.40930 47.50789 26.30589 62.03225 49.16299 23.19483 27.65863 47.16991 76.96753 40.31129 62.00806 42.54409 48.37355 22.20360 38.60052 71.44928 47.70744 32.75668 27.29469 50.99020 35.35534 71.78440 39.96248 79.70571 16.55295 66.03030 67.47592 22.36068 40.80441 30.52868 69.58448 35.73514 60.00833 13.00000 40.70626 26.00000 69.31811 18.02776 43.10452 41.01219 73.06162 66.12866 
43.10452 15.62050 26.41969 23.76973 36.67424 50.56679 45.31004 25.70992 11.04536 5.83095 46.09772 44.92215 44.59821 38.32754 33.97058 10.77033 40.49691 27.58623 0.00000 13.03840 18.86796 5.00000 49.04080 25.05993 40.49691 30.41381 21.47091 16.97056 22.56103 15.55635 41.97618 39.05125 29.83287 25.07987 36.24914 21.02380 30.08322 36.34556 32.00000 43.41659 13.15295 40.11234 37.00000 38.07887 38.01316 46.51881 34.20526 35.22783 46.95743 41.76123 45.22168 23.60085 15.29706 39.40812 36.05551 9.05539 53.48832 37.05401 23.60085 44.01136 39.81206 47.85394 17.46425 48.30114 34.00000 22.20360 2.82843 20.88061 52.39275 16.00000 47.85394 17.11724 22.56103 44.38468 43.41659 53.36666 21.84033 9.48683 17.88854 27.07397 37.64306 49.09175 14.14214 55.31727 36.40055 50.32892 49.47727 23.08679 13.92839 35.51056 51.19570 17.49286 46.06517 16.12452 41.23106 9.84886 44.38468 10.77033 29.41088 30.41381 58.69412 43.10452 
51.92302 21.58703 39.44617 23.34524 29.27456 61.91123 49.36598 32.38827 8.00000 18.86796 56.08030 43.26662 35.22783 34.88553 46.86150 15.29706 45.09989 15.00000 13.03840 0.00000 9.05539 12.20656 56.71860 33.37664 29.15476 43.18565 33.42155 5.09902 33.06055 22.36068 52.00000 47.80167 28.63564 34.13210 47.70744 29.73214 41.34005 43.41659 27.31300 46.09772 24.51530 49.04080 45.35416 44.04543 46.57252 49.81967 37.73592 28.86174 36.40055 47.01064 55.90170 10.63015 16.12452 27.73085 44.92215 20.88061 64.41273 44.91102 10.63015 52.39275 37.21559 48.16638 14.86607 51.19570 37.33631 20.51828 12.72792 33.61547 62.39391 25.49510 50.99020 29.41088 35.11410 34.52535 41.34005 59.00847 32.75668 17.88854 15.81139 36.40055 36.40055 57.72348 26.57066 65.19202 27.07397 54.45181 55.00909 20.61553 26.83282 32.75668 57.00000 22.09072 49.03060 7.61577 41.10961 15.13275 54.62600 3.16228 31.57531 30.67572 62.16912 51.92302 
60.41523 20.39608 43.93177 17.46425 20.22375 69.31811 58.42089 41.19466 17.02939 24.20744 64.19502 35.46830 26.47640 26.62705 52.40229 15.23155 54.14795 10.44031 18.86796 9.05539 0.00000 19.92486 65.49046 32.24903 21.63331 49.04080 40.31129 4.47214 33.83785 21.58703 60.08328 56.29387 37.33631 33.54102 55.00909 38.07887 48.75449 52.23983 18.86796 55.10898 26.92582 57.48913 53.93515 53.00943 55.10898 58.85576 32.89377 19.92486 28.23119 56.03570 63.69458 9.21954 13.03840 20.61553 53.36666 24.20744 72.09022 53.60037 9.21954 61.00000 29.20616 41.10961 23.76973 60.20797 46.38965 14.31782 19.69772 37.20215 70.51950 33.52611 60.01666 32.44996 38.27532 25.96151 33.42155 68.02941 40.31129 25.96151 24.73863 44.64303 29.00000 66.28725 30.00000 73.37575 18.24829 63.50591 64.03124 13.89244 31.14482 24.83948 66.00758 31.01612 58.05170 2.82843 34.05877 15.65248 62.62587 12.00000 40.60788 39.56008 71.19691 60.41523 
40.60788 20.51828 28.79236 27.85678 39.11521 49.73932 41.10961 22.09072 7.28011 9.00000 44.27189 49.04080 46.32494 41.97618 35.22783 15.26434 36.40055 27.20294 5.00000 12.20656 19.92486 0.00000 46.04346 30.01666 41.14608 31.40064 21.26029 17.00000 27.20294 20.51828 40.16217 36.49658 24.83948 29.96665 35.51056 18.24829 29.15476 33.01515 35.22783 38.91015 17.72005 37.65634 34.23449 34.36568 35.35534 42.15448 39.05125 38.00000 48.10405 37.85499 43.86342 22.67157 19.31321 39.82462 33.54102 13.60147 52.32590 34.05877 22.67157 41.30375 43.68066 52.35456 12.64911 43.86342 29.54657 25.96151 2.23607 24.18677 50.59644 13.60147 43.46263 21.02380 26.07681 45.88028 47.43416 49.64877 20.59126 6.08276 13.00000 24.73863 41.78516 46.52956 18.02776 53.45091 38.07887 46.17359 45.70558 26.68333 17.11724 39.29377 47.51842 13.00000 41.62932 17.46425 45.61798 14.42221 42.72002 9.21954 24.69818 25.49510 54.42426 40.60788 
7.81025 62.16912 43.82921 72.44308 85.14693 23.19483 16.55295 24.33105 48.83646 46.52956 12.64911 93.21481 91.92388 87.28115 37.48333 59.30430 16.27882 70.34202 49.04080 56.71860 65.49046 46.04346 0.00000 65.55151 85.37564 35.46830 32.31099 61.81424 59.09315 61.39218 13.60147 10.77033 36.61967 64.07808 23.34524 28.01785 24.69818 13.34166 81.02469 21.95450 53.16014 10.29563 12.16553 13.89244 11.40175 19.31321 79.40403 84.02381 92.96236 13.45362 17.08801 65.25335 64.19502 83.67795 13.60147 51.19570 21.02380 12.00000 65.25335 5.83095 88.56636 94.83143 44.27189 20.88061 23.60085 71.17584 47.00000 48.30114 14.14214 33.06055 19.92486 50.69517 50.11986 91.24144 91.92388 10.44031 29.12044 40.01250 43.32436 22.36068 85.98837 5.00000 49.64877 14.86607 83.72574 16.12452 10.04988 72.11103 46.48656 84.38009 9.05539 34.71311 20.61553 63.28507 88.84256 58.30952 14.31782 53.60037 29.15476 33.01515 21.58703 7.81025 
58.18935 12.00000 25.01999 19.41649 37.64306 58.00862 66.61081 46.40043 35.46830 22.67157 58.24946 32.28002 47.63402 31.06445 35.12834 18.11077 61.61169 42.57934 25.05993 33.37664 32.24903 30.01666 65.55151 0.00000 49.19350 34.01470 33.24154 34.00000 7.00000 11.04536 54.57105 54.78138 54.64430 2.23607 45.54119 40.22437 41.48494 55.07268 29.73214 65.94695 13.45362 55.36244 53.71220 57.98276 54.23099 68.41053 15.03330 34.71311 52.43091 62.12890 55.57877 41.04875 19.23538 49.24429 52.00000 17.02939 62.07254 54.56189 41.04875 59.80803 30.41381 31.01612 42.48529 70.43437 56.63921 21.47091 27.78489 18.11077 63.78871 35.60899 69.81404 14.86607 17.00000 48.60041 31.95309 72.47068 36.67424 32.64966 42.94182 43.82921 26.40076 63.89053 16.12452 66.75328 41.34005 71.28113 68.96376 22.82542 19.23538 28.01785 70.23532 41.10961 68.24954 30.06659 26.68333 18.24829 56.08921 32.98485 53.07542 54.81788 79.88116 58.18935 
80.95678 38.83298 65.06919 30.08322 15.13275 90.82401 76.16430 61.13101 36.68787 45.80393 85.23497 36.13862 10.63015 27.29469 73.87828 35.38361 72.44308 15.13275 40.49691 29.15476 21.63331 41.14608 85.37564 49.19350 0.00000 70.60453 61.91123 24.16609 52.69725 40.22437 81.15417 76.84400 53.00943 51.00000 76.53757 58.87274 70.23532 72.03471 22.09072 72.00694 47.42362 78.10890 74.33034 72.18033 75.58439 76.02631 43.56604 18.02776 8.06226 74.67262 85.00000 20.22375 31.40064 2.23607 74.00000 45.27693 93.47192 73.76313 20.22375 81.32035 30.41381 43.93177 41.43670 77.00000 64.28063 27.73085 41.18252 58.00000 91.54780 54.62600 77.00649 53.07542 58.79626 8.60233 33.95585 86.57944 61.71710 47.01064 42.42641 65.55151 33.06055 86.68333 50.91169 94.33981 9.00000 81.09871 82.60751 26.40076 52.40229 28.01785 84.71718 50.69517 75.00667 24.41311 38.20995 36.06938 83.77350 32.31099 58.21512 56.00893 88.00568 80.95678 
27.65863 35.73514 9.21954 47.43416 64.40497 24.00000 42.94182 27.16616 38.27532 24.83948 25.49510 65.49046 73.43024 62.09670 4.12311 36.23534 38.48376 57.98276 30.41381 43.18565 49.04080 31.40064 35.46830 34.01470 70.60453 0.00000 11.40175 47.38143 27.01851 34.48188 22.47221 25.49510 44.10215 32.06244 12.52996 22.02272 11.66190 29.52965 57.93962 44.94441 25.29822 25.45584 25.80698 33.54102 25.61250 45.61798 49.00000 62.24147 76.55064 37.58989 22.13594 53.81450 41.14608 69.65630 23.60085 25.94224 28.07134 27.45906 53.81450 29.73214 62.36986 65.00000 39.92493 47.85394 37.85499 47.53946 30.47950 16.03122 30.36445 21.84033 46.95743 20.39608 17.02939 73.57309 64.77654 44.59821 15.03330 27.29469 39.56008 19.64688 58.85576 32.44996 21.18962 33.24154 65.51336 46.32494 42.01190 48.84670 18.78829 58.94065 42.52058 30.80584 46.09772 46.22770 60.20797 35.35534 23.25941 40.45986 38.05260 42.00000 54.40588 27.65863 
25.00000 31.00000 14.31782 42.19005 57.56735 29.15476 35.46830 17.08801 27.65863 16.76305 26.00000 62.07254 65.92420 57.21888 15.52417 29.61419 30.61046 48.41487 21.47091 33.42155 40.31129 21.26029 32.31099 33.24154 61.91123 11.40175 0.00000 38.01316 26.83282 30.01666 22.02272 21.54066 33.00000 31.78050 14.86607 11.18034 9.05539 22.67157 51.97115 36.35932 21.21320 22.13594 20.59126 26.17250 21.02380 37.80212 47.29693 55.78530 68.42514 30.41381 24.33105 43.93177 34.71311 60.74537 18.78829 20.02498 32.28002 21.63331 43.93177 26.57066 58.03447 62.96825 28.63564 40.00000 28.23119 41.59327 20.80865 16.40122 32.06244 10.44031 39.20459 18.38478 18.43909 65.79514 61.00820 39.66106 4.47214 16.40122 28.23119 11.31371 55.00909 30.80584 17.46425 35.05710 57.77543 39.59798 36.40055 42.75512 14.31782 54.14795 37.44329 19.41649 38.01316 37.58989 57.31492 28.63564 24.02082 30.47950 27.45906 31.14482 48.10405 25.00000 
57.00877 22.00000 43.01163 21.09502 24.51530 66.73080 54.23099 37.48333 13.03840 22.67157 61.09828 39.82462 30.14963 31.06445 50.93133 16.12452 50.03998 10.63015 16.97056 5.09902 4.47214 17.00000 61.81424 34.00000 24.16609 47.38143 38.01316 0.00000 34.71311 23.02173 57.00877 52.88667 32.89377 35.05710 52.47857 34.78505 46.14109 48.50773 23.32381 50.80354 26.92582 54.12024 50.44799 49.09175 51.66237 54.58938 36.24914 24.35159 31.32092 52.00000 60.83584 7.28011 15.29706 22.82542 50.00000 23.70654 69.31811 50.01000 7.28011 57.48913 33.60060 45.27693 19.41649 55.90170 42.19005 18.02776 17.20465 36.71512 67.41662 30.46309 55.73150 32.20248 38.01316 29.42788 37.80212 64.00000 37.58989 22.84732 20.39608 41.43670 33.24154 62.81720 29.52965 70.22820 22.02272 59.30430 60.00000 17.80449 30.23243 29.20616 62.00806 27.16616 53.75872 4.47214 38.20995 16.27882 59.61543 8.24621 36.34556 35.17101 66.91039 57.00877 
51.62364 13.89244 18.02776 24.08319 42.44997 51.00980 61.07373 41.03657 33.54102 18.78829 51.41984 39.05125 52.32590 37.12142 28.16026 18.68154 56.08030 44.27189 22.56103 33.06055 33.83785 27.20294 59.09315 7.00000 52.69725 27.01851 26.83282 34.71311 0.00000 12.52996 47.80167 48.33218 51.00000 5.09902 38.63936 34.71311 34.78505 49.09175 34.82815 60.81118 9.48683 48.84670 47.41308 52.20153 47.85394 63.03174 22.02272 39.69887 56.72742 56.40035 48.66210 41.97618 21.47091 52.47857 45.61798 13.60147 55.08176 48.37355 41.97618 53.31041 36.76955 38.01316 39.84972 65.11528 51.66237 25.49510 25.00000 11.18034 56.88585 30.41381 64.44377 8.60233 10.00000 53.07542 38.60052 66.37017 30.52868 28.65310 40.16217 37.73592 32.89377 57.24509 10.63015 59.84146 45.45327 65.60488 62.96825 26.90725 13.45362 34.00000 64.14047 36.89173 62.96825 31.32092 33.54102 18.43909 49.24429 32.01562 48.60041 50.77401 74.20243 51.62364 
54.58938 1.41421 26.83282 13.00000 30.80584 57.87055 59.94164 39.81206 25.05993 15.23155 56.00893 32.06244 40.45986 27.65863 36.76955 7.07107 55.00909 32.01562 15.55635 22.36068 21.58703 20.51828 61.39218 11.04536 40.22437 34.48188 30.01666 23.02173 12.52996 0.00000 52.03845 50.80354 45.34314 12.04159 44.18144 34.17601 39.00000 49.64877 23.70654 58.52350 9.21954 51.62364 49.24429 52.00000 50.01000 61.40033 18.86796 28.30194 44.55334 55.94640 54.08327 30.14963 8.94427 39.96248 47.85394 10.19804 61.52235 49.72927 30.14963 55.90170 28.16026 33.52611 32.44996 63.28507 49.09175 13.60147 18.38478 19.23538 62.00806 29.15476 62.76942 14.31782 19.41649 41.03657 31.00000 67.06713 32.38827 24.41311 33.01515 39.05125 25.00000 60.53098 13.34166 65.00769 33.24154 64.84597 63.32456 15.00000 16.12452 24.51530 64.84597 32.80244 61.05735 19.23538 27.45906 7.28011 54.00000 22.13594 44.82187 45.96738 73.35530 54.58938 
6.32456 53.00943 31.30495 64.07027 78.64477 13.00000 26.01922 21.93171 44.72136 38.20995 4.12311 84.09518 86.40023 79.10120 24.08319 51.24451 23.19483 66.64083 41.97618 52.00000 60.08328 40.16217 13.60147 54.57105 81.15417 22.47221 22.02272 57.00877 47.80167 52.03845 0.00000 7.28011 38.83298 52.88667 10.00000 22.36068 13.15295 14.86607 73.55270 30.14963 43.18565 6.08276 9.84886 18.43909 8.54400 29.01724 69.05071 77.10383 88.25531 21.02380 5.38516 61.71710 56.32051 79.70571 8.60233 42.00000 13.45362 11.70470 61.71710 8.54400 80.00625 84.85281 42.20190 31.06445 27.31300 63.28507 40.52160 36.68787 10.44031 26.57066 30.06659 39.81206 38.27532 86.02325 83.02409 23.70654 20.22375 34.17601 41.40048 15.65248 77.02597 10.00000 39.31921 13.34166 78.16009 27.65863 22.13594 64.38167 36.22154 76.05919 21.93171 31.62278 30.00000 57.56735 79.30952 50.24938 2.82843 48.84670 31.06445 35.51056 34.53983 6.32456 
4.12311 51.62364 33.42155 62.12890 75.53807 20.24846 19.23538 16.12452 40.16217 36.12478 10.00000 82.73452 82.76473 77.05842 28.01785 49.04080 16.03122 62.03225 39.05125 47.80167 56.29387 36.49658 10.77033 54.78138 76.84400 25.49510 21.54066 52.88667 48.33218 50.80354 7.28011 0.00000 32.01562 53.31041 14.31782 18.24829 14.21267 7.61577 71.02816 23.02173 42.44997 1.41421 2.82843 11.18034 1.41421 22.20360 68.68042 74.24284 84.20214 14.03567 12.64911 57.00877 54.00926 75.27284 3.00000 40.60788 20.24846 4.47214 57.00877 5.09902 78.23043 84.17244 36.71512 24.33105 20.12461 61.00820 37.21559 37.58989 15.62050 23.08679 23.34524 39.92493 39.44617 82.22530 81.49847 19.10497 18.43909 30.41381 35.84690 12.00000 75.53807 10.04988 38.89730 18.02776 74.52516 21.54066 16.64332 62.00000 35.73514 74.10803 17.02939 26.40076 23.08679 53.93515 78.26238 48.04165 9.84886 44.64303 24.20744 28.60070 29.15476 4.12311 
35.38361 45.27693 46.38965 51.03920 57.28001 51.62364 23.76973 18.02776 21.63331 32.24903 42.01190 71.69379 61.52235 63.50591 48.16638 39.62323 21.02380 38.11824 29.83287 28.63564 37.33631 24.83948 36.61967 54.64430 53.00943 44.10215 33.00000 32.89377 51.00000 45.34314 38.83298 32.01562 0.00000 54.37830 40.49691 22.09072 35.17101 24.75884 55.94640 19.10497 41.67733 33.42155 29.20616 22.80351 30.61046 23.19483 63.65532 57.24509 61.03278 23.70654 44.10215 33.24154 42.80187 51.00000 30.23243 37.73592 52.20153 27.65863 33.24154 34.65545 65.76473 76.02631 13.89244 24.02082 13.03840 48.54894 27.01851 44.92215 47.42362 23.19483 24.08319 43.46263 47.12749 60.29925 69.83552 34.78505 29.06888 22.36068 13.03840 26.24881 64.66065 39.69887 40.71855 49.49747 53.93515 28.44293 31.01612 48.87740 38.62642 61.29437 33.24154 14.56022 22.09072 36.24914 69.06519 38.89730 41.61730 26.41969 7.81025 3.60555 35.00000 35.38361 
56.64804 13.15295 23.00000 21.40093 39.69887 56.03570 65.60488 45.45327 35.73514 22.20360 56.51548 34.48188 49.67897 33.28663 33.06055 19.00000 60.60528 43.93177 25.07987 34.13210 33.54102 29.96665 64.07808 2.23607 51.00000 32.06244 31.78050 35.05710 5.09902 12.04159 52.88667 53.31041 54.37830 0.00000 43.73786 39.20459 39.84972 53.85165 31.82766 65.11528 12.80625 53.85165 52.32590 56.85948 52.80152 67.47592 17.11724 36.79674 54.40588 61.03278 53.75872 42.19005 20.61553 50.99020 50.56679 16.64332 60.13319 53.23533 42.19005 58.30952 32.64966 33.06055 42.54409 69.52697 55.86591 23.32381 27.73085 16.27882 61.98387 34.71311 68.88396 13.41641 15.03330 50.60632 34.17601 71.19691 35.35534 32.20248 42.95346 42.54409 28.63564 62.29767 15.00000 64.93843 43.26662 70.21396 67.74216 24.69818 18.02776 30.23243 68.96376 40.60788 67.35726 31.25700 28.86174 19.02630 54.34151 33.54102 52.49762 54.40588 78.81624 56.64804 
15.62050 45.27693 21.54066 56.71860 72.42237 14.31782 33.24154 22.47221 41.23106 31.62278 13.00000 76.02631 80.77747 71.70077 14.14214 44.38468 29.42788 62.68174 36.24914 47.70744 55.00909 35.51056 23.34524 45.54119 76.53757 12.52996 14.86607 52.47857 38.63936 44.18144 10.00000 14.31782 40.49691 43.73786 0.00000 20.00000 6.40312 20.22375 66.70832 36.34556 35.05710 13.89244 15.52417 24.33105 14.86607 36.13862 60.29925 70.60453 83.19255 27.89265 10.04988 58.00862 49.47727 75.29276 13.34166 34.52535 17.46425 17.46425 58.00862 17.80449 72.33948 76.23647 40.45986 38.32754 31.14482 56.29387 35.35534 27.45906 18.24829 22.67157 37.36308 31.06445 28.86174 80.62258 75.10659 33.01515 15.00000 30.00000 39.82462 14.31782 69.11584 20.00000 31.01612 21.21320 72.61543 35.84690 30.88689 57.48913 28.07134 68.59300 31.06445 30.00000 36.87818 52.32590 71.00704 43.41659 10.77033 44.65423 33.24154 37.64306 43.41659 15.62050 
22.36068 34.78505 25.29822 44.55334 57.31492 33.30165 26.40076 6.40312 22.36068 18.97367 26.40076 65.51336 64.53681 59.30430 26.07681 31.40064 21.40093 44.28318 21.02380 29.73214 38.07887 18.24829 28.01785 40.22437 58.87274 22.02272 11.18034 34.78505 34.71311 34.17601 22.36068 18.24829 22.09072 39.20459 20.00000 0.00000 13.89244 15.52417 53.00943 26.24881 26.92582 19.41649 16.03122 17.88854 17.11724 28.31960 52.80152 56.08030 66.09841 21.95450 26.62705 39.35734 36.22154 57.38467 15.29706 24.16609 35.22783 16.03122 39.35734 23.08679 60.67125 67.67570 20.51828 30.41381 17.49286 43.18565 19.02630 25.80698 32.69557 5.09902 29.73214 26.17250 28.01785 64.03124 64.13267 32.89377 7.00000 12.16553 19.84943 6.70820 58.24946 28.28427 24.20744 35.46830 56.29387 31.06445 29.15476 44.10215 21.26029 56.43580 30.67572 10.00000 28.28427 35.69314 61.40033 30.41381 25.05993 26.57066 16.27882 20.02498 39.66106 22.36068 
17.00000 40.01250 19.20937 51.24451 66.48308 20.59126 31.30495 17.26268 34.82815 25.70992 17.02939 71.02816 74.67262 66.27217 14.86607 38.63936 26.92582 56.30275 30.08322 41.34005 48.75449 29.15476 24.69818 41.48494 70.23532 11.66190 9.05539 46.14109 34.78505 39.00000 13.15295 14.21267 35.17101 39.84972 6.40312 13.89244 0.00000 17.88854 61.00000 33.52611 30.06659 14.42221 14.21267 21.93171 14.14214 34.01470 55.90170 64.76110 76.96753 25.94224 15.29706 51.61395 43.73786 68.96376 12.04159 29.06888 23.40940 15.81139 51.61395 18.86796 67.06713 71.70077 34.20526 36.24914 27.07397 50.63596 29.06888 23.76973 23.02173 16.27882 35.34119 26.68333 25.49510 74.46476 70.00000 33.24154 8.60233 23.60085 33.60060 9.05539 64.00000 22.47221 26.17250 26.01922 66.48308 34.66987 30.47950 51.78803 23.08679 63.19810 31.11270 23.85372 34.53983 46.09772 66.18912 37.65634 15.00000 38.27532 28.28427 32.55764 42.80187 17.00000 
10.63015 50.28916 36.23534 60.01666 72.02777 27.85678 13.41641 11.04536 35.51056 34.48188 17.49286 81.02469 78.63841 74.67262 32.69557 46.87217 9.21954 57.00877 36.34556 43.41659 52.23983 33.01515 13.34166 55.07268 72.03471 29.52965 22.67157 48.50773 49.09175 49.64877 14.86607 7.61577 24.75884 53.85165 20.22375 15.52417 17.88854 0.00000 68.18358 16.12452 42.04759 8.94427 5.09902 4.12311 6.32456 16.15549 68.15424 71.00704 79.62412 8.06226 20.24846 51.92302 51.62364 70.34202 7.00000 39.56008 27.78489 3.16228 51.92302 10.00000 76.11833 83.16850 31.01612 18.38478 12.52996 58.54912 34.13210 39.05125 22.67157 20.61553 17.46425 40.49691 41.10961 77.92946 79.62412 17.46425 18.60108 27.07397 30.08322 11.40175 73.75636 15.26434 38.94868 24.75884 70.45566 17.02939 13.89244 59.41380 35.84690 71.84706 15.23155 21.37756 16.76305 50.08992 76.92204 45.89118 17.46425 40.31129 16.97056 21.26029 25.45584 10.63015 
75.05998 22.36068 50.53712 10.81665 8.06226 80.77747 75.92760 57.31492 34.78505 35.35534 77.64664 17.02939 18.02776 7.81025 60.41523 22.36068 71.38627 23.85372 32.00000 27.31300 18.86796 35.22783 81.02469 29.73214 22.09072 57.93962 51.97115 23.32381 34.82815 23.70654 73.55270 71.02816 55.94640 31.82766 66.70832 53.00943 61.00000 68.18358 0.00000 73.08215 32.69557 72.06247 69.00000 69.58448 70.00714 76.65507 21.58703 5.00000 23.25941 72.99315 76.29548 26.17250 17.26268 23.00000 68.02941 32.28002 84.17244 69.02898 26.17250 76.00658 10.63015 23.70654 42.15448 78.16009 64.03124 10.44031 34.05877 42.94182 83.86298 48.00000 77.88453 38.01316 43.04649 19.23538 14.86607 84.85281 53.33854 41.10961 43.08132 59.03389 11.70470 81.05554 36.76955 86.83317 13.15295 81.02469 80.89499 9.21954 39.21734 6.70820 82.73452 47.85394 75.96052 19.69772 17.08801 23.34524 75.80237 29.73214 58.52350 57.93962 89.02247 75.05998 
24.51530 58.83026 50.60632 66.70832 75.31268 42.75512 5.65685 19.84943 38.32754 43.60046 31.78050 87.84646 80.22468 80.32434 48.38388 54.12024 7.00000 57.00877 43.41659 46.09772 55.10898 38.91015 21.95450 65.94695 72.00694 44.94441 36.35932 50.80354 60.81118 58.52350 30.14963 23.02173 19.10497 65.11528 36.34556 26.24881 33.52611 16.12452 73.08215 0.00000 52.49762 24.08319 21.02380 12.04159 22.00000 4.12311 77.38863 74.95332 80.00000 9.21954 35.35534 52.03845 58.18075 70.02857 23.08679 49.20366 41.76123 19.02630 52.03845 22.80351 82.28001 91.24144 31.40064 5.09902 9.43398 64.62198 40.70626 52.00961 35.46830 30.41381 5.00000 52.34501 54.20332 79.10120 86.16264 16.64332 31.90611 34.13210 30.41381 25.49510 80.62258 26.40076 50.20956 36.67424 72.44308 9.48683 13.45362 65.19202 47.38143 77.83315 15.62050 25.94224 3.00000 53.60037 84.52810 53.23533 32.38827 43.41659 14.56022 16.00000 16.12452 24.51530 
46.09772 10.44031 18.02776 22.13594 39.44617 48.66210 53.25411 33.01515 24.18677 9.43398 47.09565 41.00000 48.82622 36.87818 27.73085 12.04159 48.25971 37.12142 13.15295 24.51530 26.92582 17.72005 53.16014 13.45362 47.42362 25.29822 21.21320 26.92582 9.48683 9.21954 43.18565 42.44997 41.67733 12.80625 35.05710 26.92582 30.06659 42.04759 32.69557 52.49762 0.00000 43.17407 41.10961 44.77723 41.76123 55.00000 26.24881 37.12142 52.49762 48.87740 45.01111 34.17601 16.40122 46.86150 39.56008 4.12311 52.34501 41.78516 34.17601 47.53946 37.33631 41.77320 30.36445 57.00877 43.18565 22.36068 15.52417 10.63015 53.00943 22.20360 56.40035 5.65685 11.40175 49.20366 40.04997 59.50630 24.04163 19.41649 30.67572 31.01612 34.05877 51.97115 4.12311 56.00893 41.23106 57.98276 55.90170 23.70654 7.00000 33.73426 57.27128 27.80288 54.81788 24.18677 36.12478 11.40175 45.04442 23.08679 39.69887 41.61730 66.57327 46.09772 
