nbNodes
77
nbVehi
15
nbServi
6
r
1 1 1 1 1 1
0 0 0 0 1 0
0 0 0 0 1 0
0 0 0 0 1 0
0 1 0 0 0 0
1 0 0 0 0 0
0 0 1 0 0 0
0 0 0 1 0 0
0 0 0 0 0 1
0 0 0 0 0 1
1 0 0 0 0 0
1 0 0 0 0 0
0 0 1 0 0 0
0 0 1 0 0 0
0 0 0 0 0 1
0 0 0 0 1 0
1 0 0 0 0 0
1 0 0 0 0 0
0 1 0 0 0 0
0 0 0 1 0 0
0 0 0 1 0 0
1 0 0 0 0 0
0 1 0 0 0 0
0 0 1 0 0 0
0 0 0 0 1 0
0 0 0 0 0 1
0 0 0 1 0 0
0 1 0 0 0 0
0 0 0 1 0 0
0 0 0 1 0 0
0 0 0 0 0 1
0 0 0 0 0 1
0 1 0 0 0 0
0 1 0 0 0 0
0 0 0 0 0 1
0 0 0 0 1 0
0 1 0 0 0 0
0 0 0 0 0 1
0 0 0 0 1 0
0 0 0 0 1 0
1 0 0 0 0 0
0 0 0 0 0 1
1 0 0 0 0 0
0 0 0 0 1 0
0 1 0 0 0 0
0 0 1 0 0 0
0 0 1 0 0 0
0 0 0 0 1 0
0 1 0 0 0 0
0 0 0 0 0 1
0 0 0 0 1 0
1 0 0 0 0 0
0 0 0 0 1 0
0 0 0 1 0 1
0 0 0 0 1 1
0 0 0 1 0 1
0 0 0 1 1 0
0 0 0 1 0 1
0 0 0 1 1 0
0 0 0 1 0 1
0 0 0 1 1 0
0 0 0 1 1 0
0 0 0 1 0 1
0 0 0 1 0 1
1 0 0 0 1 0
1 0 0 0 1 0
1 0 0 0 1 0
0 1 0 0 0 1
0 1 0 1 0 0
0 0 1 0 1 0
0 0 1 1 0 0
1 0 0 0 0 1
0 1 0 1 0 0
0 0 1 1 0 0
0 1 0 0 0 1
0 0 1 0 0 1
1 1 1 1 1 1
DS
76 75 74 73 72 71 70 69 68 67 66 65 64 63 62 61 60 59 58 57 56 55 54
a
1  0  1  0  0  0
1  1  0  0  0  0
1  0  0  0  0  0
0  1  1  0  0  0
0  0  1  0  0  0
0  0  0  1  1  0
0  0  0  1  1  1
0  0  0  1  1  1
0  0  0  1  1  1
0  0  0  1  0  1
0  0  0  1  0  1
0  0  0  0  1  1
0  0  0  1  1  1
0  0  0  1  1  1
0  0  0  1  1  1
x
64 30 72 31 53 54 82 28 2 83 58 68 79 15 99 67 51 88 39 78 97 88 24 90 17 18 89 40 59 81 86 47 62 3 15 17 90 43 52 9 22 53 47 59 14 26 20 10 10 41 88 12 72 7 62 29 70 79 56 76 61 50 30 88 26 23 58 68 80 20 38 47 16 34 80 0 64
y
0 42 39 33 11 41 39 0 38 32 47 31 45 32 13 1 4 41 28 34 35 33 38 32 15 45 37 37 4 4 37 5 28 43 47 8 4 38 33 25 35 18 3 26 27 48 33 28 25 31 15 39 25 21 49 7 42 22 36 19 19 12 47 21 22 40 9 41 16 31 23 46 35 27 13 0 0
d
0.0 54.037025 39.812057 46.66905 15.556349 42.201897 42.953465 36.0 72.718636 37.215588 47.38143 31.257 47.434166 58.5235 37.336308 3.1622777 13.601471 47.507893 37.536648 36.769554 48.104053 40.804413 55.17246 41.231056 49.335587 64.3506 44.65423 44.102154 6.4031243 17.464249 43.046486 17.720045 28.071337 74.63243 67.89698 47.67599 26.305893 43.416588 35.1141 60.41523 54.67175 21.095022 17.262676 26.476404 56.82429 61.220913 55.0 60.827625 59.5063 38.600517 28.301943 65.0 26.24881 60.74537 49.0408 35.69314 42.426407 26.627054 36.878178 22.472204 19.235384 18.439089 58.00862 31.890438 43.908997 57.280014 10.816654 41.19466 22.627417 53.823788 34.713108 49.0408 59.405388 40.36087 20.615528 64.0 0.0
54.037025 0.0 42.107006 9.055386 38.600517 24.020824 52.086468 42.047592 28.284271 53.935146 28.442924 39.56008 49.09175 18.027756 74.84651 55.226807 43.416588 58.00862 16.643316 48.6621 67.36468 58.694122 7.2111025 60.827625 29.966648 12.369317 59.211487 11.18034 47.801674 63.600315 56.22277 40.718548 34.928497 27.018513 15.811388 36.40055 71.021126 13.601471 23.769728 27.018513 10.630146 33.24154 42.544094 33.12099 21.931713 7.2111025 13.453624 24.41311 26.24881 15.556349 63.97656 18.248287 45.310043 31.144823 32.75668 35.014282 40.0 52.924473 26.683329 51.42956 38.600517 36.05551 5.0 61.68468 20.396078 7.28011 43.27817 38.013157 56.35601 14.866069 20.615528 17.464249 15.652476 15.524175 57.801384 51.613953 54.037025
39.812057 42.107006 0.0 41.4367 33.83785 18.110771 10.0 58.796257 70.00714 13.038404 16.124516 8.944272 9.219544 57.428215 37.48333 38.327538 40.81666 16.124516 34.785053 7.81025 25.317978 17.088007 48.010414 19.313208 60.00833 54.33231 17.117243 32.06244 37.336308 36.138622 14.142136 42.201897 14.866069 69.115845 57.558666 63.134777 39.357338 29.017237 20.880613 64.53681 50.159744 28.319605 43.829212 18.384777 59.22837 46.872166 52.34501 62.968246 63.560993 32.01562 28.84441 60.0 14.0 67.44627 14.142136 53.600372 3.6055512 18.384777 16.27882 20.396078 22.825424 34.828148 42.755116 24.083189 49.0408 49.010204 33.105892 4.472136 24.351591 52.611786 37.576588 25.96151 56.142673 39.849716 27.202942 81.88406 39.812057
46.66905 9.055386 41.4367 0.0 31.112698 24.351591 51.351727 33.13608 29.427877 52.009613 30.413813 37.054016 49.47727 16.03122 70.88018 48.166378 35.22783 57.558666 9.433981 47.010635 66.0303 57.0 8.602325 59.008472 22.803509 17.691807 58.137768 9.848858 40.311287 57.801384 55.145264 32.24903 31.400637 29.732138 21.260292 28.653097 65.74192 13.0 21.0 23.409399 9.219544 26.627054 34.0 28.86174 18.027756 15.811388 11.0 21.587032 22.472204 10.198039 59.77458 19.924858 41.773197 26.832815 34.88553 26.076809 40.024994 49.24429 25.179358 47.127487 33.105892 28.319605 14.035668 58.249462 12.083046 10.630146 36.124783 37.85499 51.86521 11.18034 12.206555 20.615528 15.132746 6.708204 52.924473 45.276924 46.66905
15.556349 38.600517 33.83785 31.112698 0.0 30.016663 40.311287 27.313 57.706154 36.619667 36.345562 25.0 42.80187 43.416588 46.043457 17.20465 7.28011 46.09772 22.022715 33.970577 50.119858 41.340054 39.623226 42.544094 36.221542 48.79549 44.407207 29.068884 9.219544 28.86174 42.0119 8.485281 19.235384 59.36329 52.34501 36.124783 37.65634 28.79236 22.022715 46.173584 39.20459 7.0 10.0 16.155495 42.154476 45.80393 39.661064 46.238514 45.221676 23.323807 35.22783 49.648766 23.600847 47.07441 39.051247 24.33105 35.35534 28.231188 25.179358 24.351591 11.313708 3.1622777 42.72002 36.40055 29.15476 41.725292 5.3851647 33.54102 27.45906 38.587563 19.209373 35.510563 44.102154 24.839485 27.073973 54.129475 15.556349
42.201897 24.020824 18.110771 24.351591 30.016663 0.0 28.071337 48.548943 52.086468 30.364452 7.2111025 17.20465 25.317978 40.024994 53.0 42.059483 37.12142 34.0 19.849434 25.0 43.416588 34.928497 30.149628 37.107952 45.221676 36.221542 35.22783 14.56022 37.336308 45.80393 32.24903 36.67424 15.264338 51.0392 39.45884 49.57822 51.62364 11.401754 8.246211 47.759815 32.55764 23.021729 38.63936 15.811388 42.379242 28.86174 34.928497 45.88028 46.818798 16.40122 42.80187 42.047592 24.083189 51.078373 11.313708 42.201897 16.03122 31.400637 5.3851647 31.112698 23.086792 29.274563 24.738634 39.446167 33.83785 31.016125 32.24903 14.0 36.069378 35.44009 24.083189 8.602325 38.470768 24.41311 38.209946 67.80118 42.201897
42.953465 52.086468 10.0 51.351727 40.311287 28.071337 0.0 66.61081 80.00625 7.071068 25.298222 16.124516 6.708204 67.36468 31.06445 40.853397 46.75468 6.3245554 44.38468 6.4031243 15.524175 8.485281 58.00862 10.630146 69.289246 64.28063 7.28011 42.047592 41.880783 35.014282 4.472136 48.79549 22.825424 79.101204 67.47592 72.013885 35.902645 39.012817 30.594116 74.330345 60.133186 35.805027 50.20956 26.41969 69.050705 56.718605 62.289646 72.835434 73.34848 41.773197 24.738634 70.0 17.20465 77.12976 22.36068 61.91123 12.369317 17.262676 26.172504 20.880613 29.0 41.868843 52.611786 18.973665 58.5235 59.008472 38.418747 14.142136 23.086792 62.514 46.818798 35.69314 66.1211 49.47727 26.076809 90.80198 42.953465
36.0 42.047592 58.796257 33.13608 27.313 48.548943 66.61081 0.0 46.043457 63.631752 55.758408 50.606323 68.0147 34.539833 72.18033 39.012817 23.345236 72.67049 30.083218 60.464867 77.36925 68.47627 38.209946 69.77106 18.601076 46.09772 71.34424 38.8973 31.257 53.15073 68.7968 19.646883 44.04543 49.73932 48.76474 13.601471 62.1289 40.853397 40.804413 31.400637 35.510563 30.805843 19.235384 40.459858 30.413813 48.04165 33.955853 33.286633 30.805843 33.61547 61.846584 42.154476 50.606323 29.698484 59.64059 7.071068 59.39697 55.542778 45.607018 51.62364 38.078865 25.059929 47.042534 63.56886 22.090721 40.311287 31.320919 57.280014 54.405884 32.01562 25.079872 49.76947 37.0 27.658634 53.600372 28.0 36.0
72.718636 28.284271 70.00714 29.427877 57.706154 52.086468 80.00625 46.043457 0.0 81.22192 56.718605 66.37017 77.31753 14.3178215 100.16985 74.793045 59.64059 86.05231 38.327538 76.105194 95.047356 86.145226 22.0 88.20431 27.45906 17.464249 87.005745 38.013157 66.37017 86.00581 84.00595 55.803226 60.827625 5.0990195 15.811388 33.54102 94.33981 41.0 50.24938 14.764823 20.22375 54.781384 57.00877 58.249462 16.27882 26.0 18.681541 12.806249 15.264338 39.623226 89.02247 10.049875 71.19691 17.720045 61.0 41.109608 68.117546 78.64477 54.037025 76.40026 61.983868 54.589375 29.410883 87.66413 28.84441 21.095022 63.06346 66.068146 81.0432 19.313208 39.0 45.705578 14.3178215 33.83785 81.908485 38.052597 72.718636
37.215588 53.935146 13.038404 52.009613 36.619667 30.364452 7.071068 63.631752 81.22192 0.0 29.15476 15.033297 13.601471 68.0 24.839485 34.88553 42.520584 10.29563 44.181442 5.3851647 14.3178215 5.0990195 59.3043 7.0 68.154236 66.287254 7.81025 43.289722 36.878178 28.071337 5.8309517 45.0 21.377558 80.75271 69.63476 70.2282 28.86174 40.4475 31.016125 74.330345 61.073727 33.105892 46.227695 24.738634 69.18092 59.20304 63.007935 73.109505 73.33485 42.0119 17.720045 71.34424 13.038404 76.79192 27.018513 59.5063 16.40122 10.770329 27.294687 14.764823 25.553865 38.587563 55.081757 12.083046 57.870544 60.530983 33.970577 17.492855 16.27882 63.007935 45.891174 38.626415 67.06713 49.25444 19.235384 88.95505 37.215588
47.38143 28.442924 16.124516 30.413813 36.345562 7.2111025 25.298222 55.758408 56.718605 29.15476 0.0 18.867962 21.095022 45.54119 53.263496 46.872166 43.56604 30.594116 26.870058 23.853722 40.804413 33.105892 35.17101 35.341194 52.009613 40.04997 32.572994 20.59126 43.011627 48.76474 29.732138 43.416588 19.416489 55.145264 43.0 56.586216 53.600372 17.492855 15.231546 53.712196 37.94733 29.427877 45.35416 21.023796 48.332184 32.01562 40.496914 51.62364 52.801514 23.345236 43.863426 46.69047 26.076809 57.245087 4.472136 49.40648 13.0 32.649654 11.18034 33.286633 28.160255 35.902645 28.0 39.698868 40.60788 35.69314 38.0 11.661903 38.013157 41.231056 31.241 11.045361 43.68066 31.241 40.496914 74.65253 47.38143
31.257 39.56008 8.944272 37.054016 25.0 17.20465 16.124516 50.606323 66.37017 15.033297 18.867962 0.0 17.804493 53.009434 35.846897 30.016663 31.906113 22.36068 29.15476 10.440307 29.274563 20.09975 44.553337 22.022715 53.450912 51.92302 21.84033 28.635643 28.460499 29.966648 18.973665 33.42155 6.708204 66.09841 55.362442 55.946404 34.828148 25.96151 16.124516 59.3043 46.173584 19.849434 35.0 10.29563 54.147945 45.310043 48.04165 58.077534 58.30952 27.0 25.612497 56.568542 7.2111025 61.81424 18.973665 45.79301 11.18034 14.21267 13.0 14.422205 13.892444 26.172504 41.231056 22.36068 42.953465 45.891174 24.166092 10.0 19.209373 48.0 31.04835 25.806976 52.153618 34.234486 21.633308 74.73286 31.257
47.434166 49.09175 9.219544 49.47727 42.80187 25.317978 6.708204 68.0147 77.31753 13.601471 21.095022 17.804493 0.0 65.30697 37.735924 45.607018 49.648766 9.848858 43.462627 11.045361 20.59126 15.0 55.443665 17.029387 68.8767 61.0 12.806249 39.812057 45.617977 41.04875 10.630146 51.224995 24.04163 76.02631 64.03124 72.20111 42.44997 36.67424 29.546574 72.8011 57.870544 37.48333 52.801514 27.58623 67.44627 53.08484 60.207973 71.063354 71.8401 40.496914 31.320919 67.26812 21.189621 75.89466 17.464249 62.801273 9.486833 23.0 24.698177 26.172504 31.622776 43.931767 49.0408 25.632011 57.77543 56.22277 41.677334 11.7046995 29.017237 60.63827 46.52956 32.01562 63.788715 48.466484 32.01562 90.91754 47.434166
58.5235 18.027756 57.428215 16.03122 43.416588 40.024994 67.36468 34.539833 14.3178215 68.0 45.54119 53.009434 65.30697 0.0 86.12201 60.53924 45.607018 73.552704 24.33105 63.03174 82.05486 73.00685 10.816654 75.0 17.117243 13.341664 74.168724 25.495098 52.153618 71.693794 71.17584 41.868843 47.169907 16.27882 15.0 24.083189 80.05623 28.635643 37.01351 9.219544 7.615773 40.496914 43.185646 44.407207 5.0990195 19.416489 5.0990195 6.4031243 8.602325 26.019224 74.953316 7.615773 57.428215 13.601471 49.979996 28.653097 55.9017 64.77654 41.19466 62.369865 47.801674 40.311287 21.213203 73.82411 14.866069 11.313708 48.76474 53.75872 66.94027 5.0990195 24.698177 34.928497 3.1622777 19.646883 67.72001 35.341194 58.5235
37.336308 74.84651 37.48333 70.88018 46.043457 53.0 31.06445 72.18033 100.16985 24.839485 53.263496 35.846897 37.735924 86.12201 0.0 34.176014 48.83646 30.083218 61.846584 29.698484 22.090721 22.825424 79.05694 21.023796 82.02438 87.0919 26.0 63.694584 41.0 20.12461 27.294687 52.611786 39.92493 100.57833 90.62009 82.1523 12.727922 61.326992 51.078373 90.79648 80.08121 46.270943 52.95281 42.059483 86.145226 80.95678 81.49233 90.255196 89.80534 60.728905 11.18034 90.80198 29.546574 92.34717 51.62364 70.256676 41.01219 21.931713 48.76474 23.769728 38.470768 49.010204 76.922035 13.601471 73.552704 80.65358 41.19466 41.773197 19.235384 81.02469 61.81424 61.587337 85.86617 66.4906 19.0 99.849884 37.336308
3.1622777 55.226807 38.327538 48.166378 17.20465 42.059483 40.853397 39.012817 74.793045 34.88553 46.872166 30.016663 45.607018 60.53924 34.176014 0.0 16.27882 45.17743 38.8973 34.785053 45.343136 38.27532 56.727417 38.600517 51.92302 65.8559 42.190044 45.0 8.5440035 14.3178215 40.706264 20.396078 27.45906 76.55064 69.426216 50.48762 23.194826 44.102154 35.341194 62.76942 56.400356 22.022715 20.09975 26.24881 59.03389 62.369865 56.859474 63.07139 61.846584 39.698868 25.23886 66.85058 24.5153 63.245552 48.259712 38.470768 41.109608 24.186773 36.687874 20.12461 18.973665 20.248457 59.03389 29.0 46.06517 58.796257 12.0415945 40.012497 19.849434 55.758408 36.40055 49.24429 61.294373 42.0119 17.691807 67.00746 3.1622777
13.601471 43.416588 40.81666 35.22783 7.28011 37.12142 46.75468 23.345236 59.64059 42.520584 43.56604 31.906113 49.648766 45.607018 48.83646 16.27882 0.0 52.3259 26.832815 40.36087 55.470715 47.010635 43.416588 48.010414 35.735138 52.63079 50.32892 34.785053 8.0 30.0 48.104053 4.1231055 26.400757 61.846584 56.0803 34.234486 39.0 34.928497 29.017237 46.957428 42.44997 14.142136 4.1231055 23.409399 43.56604 50.606323 42.44997 47.507893 46.06517 28.79236 38.600517 52.40229 29.698484 47.169907 46.32494 22.203604 42.48529 33.286633 32.38827 29.15476 18.027756 8.062258 47.853943 40.718548 30.805843 45.607018 8.602325 40.718548 31.38471 41.109608 23.021729 42.190044 46.75468 28.600698 30.364452 51.156624 13.601471
47.507893 58.00862 16.124516 57.558666 46.09772 34.0 6.3245554 72.67049 86.05231 10.29563 30.594116 22.36068 9.848858 73.552704 30.083218 45.17743 52.3259 0.0 50.695168 12.206555 10.816654 8.0 64.070274 9.219544 75.61085 70.11419 4.1231055 48.166378 47.010635 37.65634 4.472136 54.56189 29.068884 85.02353 73.24616 78.29432 37.054016 45.099888 36.878178 80.60397 66.27216 41.880783 55.9017 32.649654 75.31268 62.39391 68.46897 79.07591 79.624115 48.052055 26.0 76.02631 22.627417 83.43261 27.202942 68.09552 18.027756 21.023796 32.38827 25.059929 34.828148 47.801674 58.30952 20.0 64.84597 65.00769 43.863426 20.0 26.24881 68.73136 53.14132 41.303753 72.249565 55.7853 29.12044 97.082436 47.507893
37.536648 16.643316 34.785053 9.433981 22.022715 19.849434 44.38468 30.083218 38.327538 44.181442 26.870058 29.15476 43.462627 24.33105 61.846584 38.8973 26.832815 50.695168 0.0 39.45884 58.420887 49.25444 18.027756 51.156624 25.553865 27.018513 50.803543 9.055386 31.241 48.373547 47.853943 24.351591 23.0 39.0 30.610456 29.732138 56.364883 10.770329 13.928389 30.149628 18.384777 17.20465 26.24881 20.09975 25.019993 23.853722 19.646883 29.0 29.15476 3.6055512 50.695168 29.15476 33.13608 32.75668 31.144823 23.259407 34.0147 40.4475 18.788294 38.078865 23.769728 19.416489 21.023796 49.497475 14.3178215 20.0 26.870058 31.780497 42.72002 19.235384 5.0990195 19.697716 24.04163 5.0990195 43.65776 48.010414 37.536648
36.769554 48.6621 7.81025 47.010635 33.970577 25.0 6.4031243 60.464867 76.105194 5.3851647 23.853722 10.440307 11.045361 63.03174 29.698484 34.785053 40.36087 12.206555 39.45884 0.0 19.026299 10.049875 54.147945 12.165525 63.89053 61.0 11.401754 38.118237 35.510563 30.149628 8.5440035 42.44997 17.088007 75.53807 64.327286 66.309875 32.31099 35.22783 26.019224 69.58448 56.008926 29.681644 43.840622 20.615528 64.381676 53.851646 58.00862 68.26419 68.593 37.12142 21.470911 66.189125 10.816654 72.18033 21.931713 55.946404 11.313708 12.0415945 22.090721 15.132746 22.671568 35.608986 49.729267 16.40122 53.366657 55.326305 32.01562 12.206555 18.110771 58.077534 41.484936 33.24154 62.008064 44.553337 21.095022 85.08819 36.769554
48.104053 67.36468 25.317978 66.0303 50.119858 43.416588 15.524175 77.36925 95.047356 14.3178215 40.804413 29.274563 20.59126 82.05486 22.090721 45.343136 55.470715 10.816654 58.420887 19.026299 0.0 9.219544 73.061615 7.615773 82.46211 79.630394 8.246211 57.035076 49.0408 34.88553 11.18034 58.30952 35.69314 94.33981 82.8734 84.4334 31.780497 54.08327 45.044422 88.56636 75.0 47.169907 59.36329 39.051247 83.38465 72.18033 77.02597 87.28116 87.57283 56.142673 21.931713 85.09406 26.925823 91.08238 37.696156 73.53911 27.89265 22.203604 41.01219 26.400757 39.39543 52.3259 68.06615 16.643316 72.18033 74.168724 46.872166 29.614185 25.495098 77.10383 60.207973 51.1957 81.0 63.505905 27.802877 103.121284 48.104053
40.804413 58.694122 17.088007 57.0 41.340054 34.928497 8.485281 68.47627 86.145226 5.0990195 33.105892 20.09975 15.0 73.00685 22.825424 38.27532 47.010635 8.0 49.25444 10.049875 9.219544 0.0 64.195015 2.236068 73.24616 71.021126 4.1231055 48.166378 41.01219 29.832869 4.472136 49.648766 26.476404 85.58621 74.330345 75.272835 29.068884 45.276924 36.0 79.40403 66.0303 38.078865 50.803543 29.832869 74.24284 63.788715 68.0 78.160095 78.40918 47.042534 18.0 76.23647 17.888544 81.88406 30.528675 64.4748 20.12461 14.21267 32.140316 18.439089 30.413813 43.416588 59.665737 12.0 62.968246 65.37584 38.418747 21.540659 18.788294 68.0294 50.990196 43.011627 72.02777 54.33231 21.540659 93.98404 40.804413
55.17246 7.2111025 48.010414 8.602325 39.623226 30.149628 58.00862 38.209946 22.0 59.3043 35.17101 44.553337 55.443665 10.816654 79.05694 56.727417 43.416588 64.070274 18.027756 54.147945 73.061615 64.195015 0.0 66.27216 24.04163 9.219544 65.00769 16.03122 48.79549 66.37017 62.008064 40.22437 39.293766 21.587032 12.727922 30.805843 74.24284 19.0 28.442924 19.849434 3.6055512 35.22783 41.880783 37.0 14.866069 10.198039 6.4031243 17.20465 19.104973 18.384777 68.007355 12.0415945 49.729267 24.04163 39.56008 31.400637 46.173584 57.280014 32.06244 55.362442 41.59327 36.769554 10.816654 66.21933 16.124516 2.236068 44.687805 44.102154 60.166435 8.062258 20.518284 24.351591 8.5440035 14.866069 61.326992 44.94441 55.17246
41.231056 60.827625 19.313208 59.008472 42.544094 37.107952 10.630146 69.77106 88.20431 7.0 35.341194 22.022715 17.029387 75.0 21.023796 38.600517 48.010414 9.219544 51.156624 12.165525 7.615773 2.236068 66.27216 0.0 74.953316 73.1642 5.0990195 50.24938 41.773197 29.410883 6.4031243 50.77401 28.284271 87.69264 76.48529 76.843994 28.0 47.38143 38.013157 81.3019 68.06615 39.56008 51.86521 31.575306 76.1643 65.96969 70.00714 80.09994 80.305664 49.010204 17.117243 78.31347 19.313208 83.725746 32.75668 65.9242 22.36068 14.866069 34.234486 19.104973 31.780497 44.72136 61.846584 11.18034 64.77654 67.47592 39.40812 23.769728 18.867962 70.00714 52.773098 45.221676 74.06078 56.22277 21.470911 95.51963 41.231056
49.335587 29.966648 60.00833 22.803509 36.221542 45.221676 69.289246 18.601076 27.45906 68.154236 52.009613 53.450912 68.8767 17.117243 82.02438 51.92302 35.735138 75.61085 25.553865 63.89053 82.46211 73.24616 24.04163 74.953316 0.0 30.016663 75.28612 31.827662 43.416588 64.93843 72.42237 31.622776 46.840153 31.304953 32.06244 7.0 73.82411 34.713108 39.357338 12.806249 20.615528 36.124783 32.31099 43.416588 12.369317 34.20526 18.248287 14.764823 12.206555 28.84441 71.0 24.5153 55.9017 11.661903 56.400356 14.422205 59.48109 62.39391 44.294468 59.135437 44.181442 33.13608 34.539833 71.25307 11.401754 25.70992 41.4367 57.245087 63.007935 16.27882 22.472204 43.13931 20.024984 20.808653 63.03174 22.671568 49.335587
64.3506 12.369317 54.33231 17.691807 48.79549 36.221542 64.28063 46.09772 17.464249 66.287254 40.04997 51.92302 61.0 13.341664 87.0919 65.8559 52.63079 70.11419 27.018513 61.0 79.630394 71.021126 9.219544 73.1642 30.016663 0.0 71.44928 23.409399 57.982758 75.16648 68.46897 49.40648 47.169907 15.132746 3.6055512 37.01351 82.85529 25.96151 36.05551 21.931713 10.770329 44.20407 51.0392 45.188496 18.439089 8.5440035 12.165525 18.788294 21.540659 26.925823 76.15773 8.485281 57.58472 26.400757 44.181442 39.56008 52.086468 65.192024 39.051247 63.560993 50.24938 45.96738 12.165525 74.0 24.351591 7.071068 53.814495 50.159744 68.44706 14.142136 29.732138 29.017237 10.198039 24.083189 69.77106 48.466484 64.3506
44.65423 59.211487 17.117243 58.137768 44.407207 35.22783 7.28011 71.34424 87.005745 7.81025 32.572994 21.84033 12.806249 74.168724 26.0 42.190044 50.32892 4.1231055 50.803543 11.401754 8.246211 4.1231055 65.00769 5.0990195 75.28612 71.44928 0.0 49.0 44.598206 33.955853 3.0 52.801514 28.460499 86.209045 74.672615 77.62087 33.01515 46.010868 37.215588 80.895 67.02985 40.706264 54.037025 31.95309 75.66373 63.953106 69.115845 79.51101 79.9062 48.373547 22.022715 77.02597 20.808653 83.546394 29.546574 67.08204 19.646883 18.027756 33.01515 22.203604 33.286633 46.32494 59.841457 16.03122 64.7611 66.068146 41.773197 21.377558 22.847319 69.260376 52.886673 42.953465 73.02739 55.9017 25.632011 96.38464 44.65423
44.102154 11.18034 32.06244 9.848858 29.068884 14.56022 42.047592 38.8973 38.013157 43.289722 20.59126 28.635643 39.812057 25.495098 63.694584 45.0 34.785053 48.166378 9.055386 38.118237 57.035076 48.166378 16.03122 50.24938 31.827662 23.409399 49.0 0.0 38.078865 52.63079 46.0 32.75668 23.769728 37.48333 26.925823 37.01351 59.908264 3.1622777 12.649111 33.24154 18.110771 23.021729 34.713108 21.954498 27.856777 17.804493 20.396078 31.320919 32.31099 6.0827627 52.801514 28.071337 34.176014 36.67424 25.059929 31.95309 30.413813 41.785164 16.03122 40.24922 27.658634 26.925823 14.142136 50.596443 20.518284 17.262676 33.286633 28.284271 45.17743 20.880613 14.142136 11.401754 24.083189 11.661903 46.647614 54.48853 44.102154
6.4031243 47.801674 37.336308 40.311287 9.219544 37.336308 41.880783 31.257 66.37017 36.878178 43.011627 28.460499 45.617977 52.153618 41.0 8.5440035 8.0 47.010635 31.241 35.510563 49.0408 41.01219 48.79549 41.773197 43.416588 57.982758 44.598206 38.078865 0.0 22.0 42.638012 12.0415945 24.186773 68.24222 61.522354 42.190044 31.0 37.576588 29.832869 54.230988 48.270073 15.231546 12.0415945 22.0 50.537113 55.0 48.60041 54.56189 53.310413 32.449963 31.016125 58.60034 24.698177 54.708317 45.099888 30.149628 39.56008 26.907248 32.140316 22.671568 15.132746 12.0415945 51.86521 33.61547 37.589893 50.91169 5.0990195 38.078865 24.186773 47.434166 28.319605 43.68066 53.009434 33.970577 22.847319 59.135437 6.4031243
17.464249 63.600315 36.138622 57.801384 28.86174 45.80393 35.014282 53.15073 86.00581 28.071337 48.76474 29.966648 41.04875 71.693794 20.12461 14.3178215 30.0 37.65634 48.373547 30.149628 34.88553 29.832869 66.37017 29.410883 64.93843 75.16648 33.955853 52.63079 22.0 0.0 33.37664 34.0147 30.610456 87.20665 78.77182 64.12488 9.0 50.990196 41.01219 75.0 66.64833 31.304953 34.0147 31.112698 70.837845 70.434364 67.54258 74.94665 74.04053 48.259712 13.038404 77.36925 22.847319 75.9276 48.8467 52.086468 39.56008 18.110771 40.60788 15.811388 25.0 32.01562 66.70832 18.384777 57.870544 68.26419 23.537205 39.217342 12.0415945 66.70832 47.010635 54.037025 72.013885 52.3259 9.055386 81.09871 17.464249
43.046486 56.22277 14.142136 55.145264 42.0119 32.24903 4.472136 68.7968 84.00595 5.8309517 29.732138 18.973665 10.630146 71.17584 27.294687 40.706264 48.104053 4.472136 47.853943 8.5440035 11.18034 4.472136 62.008064 6.4031243 72.42237 68.46897 3.0 46.0 42.638012 33.37664 0.0 50.447994 25.632011 83.21658 71.70077 74.84651 33.24154 43.011627 34.234486 77.92946 64.03124 38.078865 51.739735 29.15476 72.691124 61.0 66.1211 76.53104 76.941536 45.39824 22.090721 74.02702 18.439089 80.60397 26.832815 64.412735 16.763054 16.552946 30.016663 20.59126 30.805843 43.829212 56.88585 16.124516 61.846584 63.07139 39.59798 18.439089 21.84033 66.27216 50.0 40.024994 70.028564 52.95281 24.738634 93.62158 43.046486
17.720045 40.718548 42.201897 32.24903 8.485281 36.67424 48.79549 19.646883 55.803226 45.0 43.416588 33.42155 51.224995 41.868843 52.611786 20.396078 4.1231055 54.56189 24.351591 42.44997 58.30952 49.648766 40.22437 50.77401 31.622776 49.40648 52.801514 32.75668 12.0415945 34.0147 50.447994 0.0 27.45906 58.137768 52.801514 30.149628 43.011627 33.24154 28.442924 42.941822 39.051247 14.3178215 2.0 24.186773 39.661064 47.853943 38.8973 43.56604 42.059483 26.683329 42.201897 48.79549 32.01562 43.081318 46.486557 18.110771 43.56604 36.23534 32.280025 32.202484 19.79899 7.615773 45.310043 44.011364 27.018513 42.43819 11.7046995 41.677334 34.785053 37.48333 20.12461 41.0 43.13931 25.553865 33.955853 47.26521 17.720045
28.071337 34.928497 14.866069 31.400637 19.235384 15.264338 22.825424 44.04543 60.827625 21.377558 19.416489 6.708204 24.04163 47.169907 39.92493 27.45906 26.400757 29.068884 23.0 17.088007 35.69314 26.476404 39.293766 28.284271 46.840153 47.169907 28.460499 23.769728 24.186773 30.610456 25.632011 27.45906 0.0 60.876926 50.695168 49.24429 36.878178 21.470911 11.18034 53.08484 40.60788 13.453624 29.15476 3.6055512 48.010414 41.18252 42.296574 52.0 52.086468 21.213203 29.068884 51.1957 10.440307 55.443665 21.0 39.115215 16.124516 18.027756 10.0 16.643316 9.055386 20.0 37.215588 26.925823 36.496574 40.804413 19.416489 14.3178215 21.633308 42.107006 24.5153 23.43075 46.52956 28.01785 23.43075 68.0294 28.071337
74.63243 27.018513 69.115845 29.732138 59.36329 51.0392 79.101204 49.73932 5.0990195 80.75271 55.145264 66.09841 76.02631 16.27882 100.57833 76.55064 61.846584 85.02353 39.0 75.53807 94.33981 85.58621 21.587032 87.69264 31.304953 15.132746 86.209045 37.48333 68.24222 87.20665 83.21658 58.137768 60.876926 0.0 12.649111 37.696156 95.34149 40.311287 50.01 18.973665 20.615528 55.9017 59.464275 58.5235 19.416489 23.537205 19.723083 16.552946 19.313208 39.849716 89.49302 9.848858 71.30919 22.36068 59.3043 44.407207 67.00746 78.84795 53.460266 76.843994 62.76942 56.302753 27.294687 87.80091 31.144823 20.22375 64.66065 65.03076 81.596565 20.808653 40.311287 44.102154 15.264338 34.88553 82.637764 43.104523 74.63243
67.89698 15.811388 57.558666 21.260292 52.34501 39.45884 67.47592 48.76474 15.811388 69.63476 43.0 55.362442 64.03124 15.0 90.62009 69.426216 56.0803 73.24616 30.610456 64.327286 82.8734 74.330345 12.727922 76.48529 32.06244 3.6055512 74.672615 26.925823 61.522354 78.77182 71.70077 52.801514 50.695168 12.649111 0.0 39.051247 86.4523 29.410883 39.56008 22.803509 13.892444 47.801674 54.405884 48.754486 20.024984 11.045361 14.866069 19.646883 22.561028 30.528675 79.70571 8.5440035 61.09828 27.202942 47.042534 42.379242 55.226807 68.70953 42.44997 67.11929 53.851646 49.497475 15.0 77.491936 27.313 10.630146 57.384666 53.338543 72.013885 16.763054 33.24154 32.01562 12.0415945 27.58623 73.3553 49.335587 67.89698
47.67599 36.40055 63.134777 28.653097 36.124783 49.57822 72.013885 13.601471 33.54102 70.2282 56.586216 55.946404 72.20111 24.083189 82.1523 50.48762 34.234486 78.29432 29.732138 66.309875 84.4334 75.272835 30.805843 76.843994 7.0 37.01351 77.62087 37.01351 42.190044 64.12488 74.84651 30.149628 49.24429 37.696156 39.051247 0.0 73.109505 39.698868 43.011627 18.788294 27.45906 37.363083 30.413813 45.694637 19.235384 41.0 25.179358 21.189621 18.384777 33.24154 71.34424 31.400637 57.567352 16.40122 60.876926 12.0415945 62.968246 63.560993 48.010414 60.016663 45.35416 33.24154 41.109608 72.18033 16.643316 32.55764 41.01219 60.74537 63.505905 23.194826 25.806976 48.414875 27.018513 25.495098 63.1981 18.788294 47.67599
26.305893 71.021126 39.357338 65.74192 37.65634 51.62364 35.902645 62.1289 94.33981 28.86174 53.600372 34.828148 42.44997 80.05623 12.727922 23.194826 39.0 37.054016 56.364883 32.31099 31.780497 29.068884 74.24284 28.0 73.82411 82.85529 33.01515 59.908264 31.0 9.0 33.24154 43.011627 36.878178 95.34149 86.4523 73.109505 0.0 58.00862 47.801674 83.677956 74.73286 39.56008 43.011627 38.013157 79.40403 77.665955 75.76939 83.52245 82.710335 55.946404 11.18034 85.49269 27.658634 84.723076 53.0 61.073727 42.941822 21.095022 46.69047 20.518284 32.649654 40.792156 73.817345 17.117243 66.48308 76.05919 32.38827 43.046486 15.6205 75.026665 55.362442 60.108234 80.23092 60.53924 13.453624 90.088844 26.305893
43.416588 13.601471 29.017237 13.0 28.79236 11.401754 39.012817 40.853397 41.0 40.4475 17.492855 25.96151 36.67424 28.635643 61.326992 44.102154 34.928497 45.099888 10.770329 35.22783 54.08327 45.276924 19.0 47.38143 34.713108 25.96151 46.010868 3.1622777 37.576588 50.990196 43.011627 33.24154 21.470911 40.311287 29.410883 39.698868 58.00862 0.0 10.29563 36.40055 21.213203 22.36068 35.22783 20.0 31.016125 19.723083 23.537205 34.48188 35.468296 7.28011 50.537113 31.016125 31.780497 39.812057 21.954498 34.0147 27.294687 39.39543 13.152946 38.078865 26.172504 26.925823 15.811388 48.104053 23.345236 20.09975 32.649654 25.179358 43.046486 24.04163 15.811388 8.944272 27.166155 14.21267 44.65423 57.384666 43.416588
35.1141 23.769728 20.880613 21.0 22.022715 8.246211 30.594116 40.804413 50.24938 31.016125 15.231546 16.124516 29.546574 37.01351 51.078373 35.341194 29.017237 36.878178 13.928389 26.019224 45.044422 36.0 28.442924 38.013157 39.357338 36.05551 37.215588 12.649111 29.832869 41.01219 34.234486 28.442924 11.18034 50.01 39.56008 43.011627 47.801674 10.29563 0.0 43.737854 30.066593 15.033297 30.413813 9.899495 38.470768 30.016663 32.0 42.296574 42.755116 11.18034 40.24922 40.4475 21.540659 46.572525 18.867962 34.713108 20.12461 29.15476 5.0 27.784887 16.643316 21.095022 26.076809 37.94733 28.231188 29.832869 24.738634 17.888544 32.75668 32.06244 17.20465 13.928389 36.05551 18.973665 34.4093 61.587337 35.1141
60.41523 27.018513 64.53681 23.409399 46.173584 47.759815 74.330345 31.400637 14.764823 74.330345 53.712196 59.3043 72.8011 9.219544 90.79648 62.76942 46.957428 80.60397 30.149628 69.58448 88.56636 79.40403 19.849434 81.3019 12.806249 21.931713 80.895 33.24154 54.230988 75.0 77.92946 42.941822 53.08484 18.973665 22.803509 18.788294 83.677956 36.40055 43.737854 0.0 16.40122 44.553337 43.908997 50.01 5.3851647 28.600698 13.601471 3.1622777 1.0 32.55764 79.630394 14.3178215 63.0 4.472136 58.18075 26.907248 63.324562 70.064255 48.270073 67.26812 52.34501 43.011627 30.413813 79.101204 17.262676 20.518284 51.546097 61.13101 71.568146 12.529964 29.068884 43.416588 12.206555 25.079872 72.00694 26.57066 60.41523
54.67175 10.630146 50.159744 9.219544 39.20459 32.55764 60.133186 35.510563 20.22375 61.073727 37.94733 46.173584 57.870544 7.615773 80.08121 56.400356 42.44997 66.27216 18.384777 56.008926 75.0 66.0303 3.6055512 68.06615 20.615528 10.770329 67.02985 18.110771 48.270073 66.64833 64.03124 39.051247 40.60788 20.615528 13.892444 27.45906 74.73286 21.213203 30.066593 16.40122 0.0 35.35534 40.60788 38.078865 11.313708 13.601471 2.828427 13.892444 15.6205 19.416489 68.96376 10.770329 50.990196 20.518284 42.379242 28.86174 48.507732 58.463665 34.0147 56.32051 42.154476 36.23534 14.422205 67.46851 13.601471 5.0990195 44.407207 46.389652 61.03278 4.472136 20.0 27.313 6.0 14.422205 62.03225 41.340054 54.67175
21.095022 33.24154 28.319605 26.627054 7.0 23.021729 35.805027 30.805843 54.781384 33.105892 29.427877 19.849434 37.48333 40.496914 46.270943 22.022715 14.142136 41.880783 17.20465 29.681644 47.169907 38.078865 35.22783 39.56008 36.124783 44.20407 40.706264 23.021729 15.231546 31.304953 38.078865 14.3178215 13.453624 55.9017 47.801674 37.363083 39.56008 22.36068 15.033297 44.553337 35.35534 0.0 16.155495 10.0 40.024994 40.36087 36.249138 44.14748 43.56604 17.691807 35.128338 46.06517 20.248457 46.09772 32.280025 26.400757 29.410883 26.305893 18.248287 23.021729 8.062258 6.708204 37.01351 35.128338 27.294687 37.202152 10.29563 27.45906 27.073973 35.468296 15.811388 28.635643 40.718548 21.023796 27.45906 55.97321 21.095022
17.262676 42.544094 43.829212 34.0 10.0 38.63936 50.20956 19.235384 57.00877 46.227695 45.35416 35.0 52.801514 43.185646 52.95281 20.09975 4.1231055 55.9017 26.24881 43.840622 59.36329 50.803543 41.880783 51.86521 32.31099 51.0392 54.037025 34.713108 12.0415945 34.0147 51.739735 2.0 29.15476 59.464275 54.405884 30.413813 43.011627 35.22783 30.413813 43.908997 40.60788 16.155495 0.0 25.942244 40.804413 49.658836 40.36087 44.65423 43.046486 28.635643 42.72002 50.20956 33.30165 43.863426 48.38388 18.439089 45.276924 37.215588 34.20526 33.12099 21.260292 9.486833 47.169907 44.777225 28.319605 44.102154 12.529964 43.416588 35.468296 38.8973 21.931713 43.0 44.553337 27.294687 34.48188 47.095646 17.262676
26.476404 33.12099 18.384777 28.86174 16.155495 15.811388 26.41969 40.459858 58.249462 24.738634 21.023796 10.29563 27.58623 44.407207 42.059483 26.24881 23.409399 32.649654 20.09975 20.615528 39.051247 29.832869 37.0 31.575306 43.416588 45.188496 31.95309 21.954498 22.0 31.112698 29.15476 24.186773 3.6055512 58.5235 48.754486 45.694637 38.013157 20.0 9.899495 50.01 38.078865 10.0 25.942244 0.0 45.01111 39.661064 39.623226 49.0408 49.010204 18.681541 31.016125 48.76474 13.038404 52.23983 23.194826 35.510563 19.416489 20.396078 10.440307 18.384777 7.28011 16.643316 35.805027 29.427877 33.24154 38.626415 17.029387 17.492855 23.259407 39.319206 21.213203 23.323807 43.931767 25.019993 24.698177 64.4748 26.476404
56.82429 21.931713 59.22837 18.027756 42.154476 42.379242 69.050705 30.413813 16.27882 69.18092 48.332184 54.147945 67.44627 5.0990195 86.145226 59.03389 43.56604 75.31268 25.019993 64.381676 83.38465 74.24284 14.866069 76.1643 12.369317 18.439089 75.66373 27.856777 50.537113 70.837845 72.691124 39.661064 48.010414 19.416489 20.024984 19.235384 79.40403 31.016125 38.470768 5.3851647 11.313708 40.024994 40.804413 45.01111 0.0 24.186773 8.485281 4.1231055 4.472136 27.294687 74.96666 12.165525 58.034473 9.219544 52.801514 25.0 57.974133 65.192024 42.953465 62.514 47.67599 39.0 25.612497 74.24284 13.0 15.811388 47.539455 55.7853 66.910385 7.2111025 24.33105 38.078865 8.246211 20.0 67.46851 30.413813 56.82429
61.220913 7.2111025 46.872166 15.811388 45.80393 28.86174 56.718605 48.04165 26.0 59.20304 32.01562 45.310043 53.08484 19.416489 80.95678 62.369865 50.606323 62.39391 23.853722 53.851646 72.18033 63.788715 10.198039 65.96969 34.20526 8.5440035 63.953106 17.804493 55.0 70.434364 61.0 47.853943 41.18252 23.537205 11.045361 41.0 77.665955 19.723083 30.016663 28.600698 13.601471 40.36087 49.658836 39.661064 24.186773 0.0 16.155495 25.612497 28.01785 22.671568 70.23532 16.643316 51.42956 33.01515 36.013885 41.109608 44.407207 59.03389 32.31099 57.801384 45.453274 43.266617 4.1231055 67.62396 26.0 8.5440035 50.447994 42.579338 62.76942 18.027756 27.730848 21.095022 16.40122 22.472204 64.3506 54.589375 61.220913
55.0 13.453624 52.34501 11.0 39.661064 34.928497 62.289646 33.955853 18.681541 63.007935 40.496914 48.04165 60.207973 5.0990195 81.49233 56.859474 42.44997 68.46897 19.646883 58.00862 77.02597 68.0 6.4031243 70.00714 18.248287 12.165525 69.115845 20.396078 48.60041 67.54258 66.1211 38.8973 42.296574 19.723083 14.866069 25.179358 75.76939 23.537205 32.0 13.601471 2.828427 36.249138 40.36087 39.623226 8.485281 16.155495 0.0 11.18034 12.806249 21.095022 70.34202 10.0 52.611786 17.691807 44.94441 27.513634 50.803543 60.016663 36.124783 57.72348 43.32436 36.619667 17.20465 69.050705 12.529964 7.615773 44.94441 48.6621 62.361847 2.0 20.59126 29.966648 4.472136 15.231546 63.245552 38.587563 55.0
60.827625 24.41311 62.968246 21.587032 46.238514 45.88028 72.835434 33.286633 12.806249 73.109505 51.62364 58.077534 71.063354 6.4031243 90.255196 63.07139 47.507893 79.07591 29.0 68.26419 87.28116 78.160095 17.20465 80.09994 14.764823 18.788294 79.51101 31.320919 54.56189 74.94665 76.53104 43.56604 52.0 16.552946 19.646883 21.189621 83.52245 34.48188 42.296574 3.1622777 13.892444 44.14748 44.65423 49.0408 4.1231055 25.612497 11.18034 0.0 3.0 31.144823 79.07591 11.18034 62.072536 7.615773 56.0803 28.319605 61.611687 69.260376 46.69047 66.61081 51.78803 43.081318 27.58623 78.31347 17.088007 17.691807 51.62364 59.439045 71.021126 10.440307 28.442924 41.14608 9.219544 24.020824 71.5891 29.732138 60.827625
59.5063 26.24881 63.560993 22.472204 45.221676 46.818798 73.34848 30.805843 15.264338 73.33485 52.801514 58.30952 71.8401 8.602325 89.80534 61.846584 46.06517 79.624115 29.15476 68.593 87.57283 78.40918 19.104973 80.305664 12.206555 21.540659 79.9062 32.31099 53.310413 74.04053 76.941536 42.059483 52.086468 19.313208 22.561028 18.384777 82.710335 35.468296 42.755116 1.0 15.6205 43.56604 43.046486 49.010204 4.472136 28.01785 12.806249 3.0 0.0 31.575306 78.63841 14.142136 62.0 5.0 57.271286 26.172504 62.361847 69.065186 47.296936 66.27216 51.351727 42.059483 29.732138 78.10249 16.27882 19.849434 50.596443 60.166435 70.5762 11.661903 28.071337 42.544094 11.661903 24.083189 71.021126 26.925823 59.5063
38.600517 15.556349 32.01562 10.198039 23.323807 16.40122 41.773197 33.61547 39.623226 42.0119 23.345236 27.0 40.496914 26.019224 60.728905 39.698868 28.79236 48.052055 3.6055512 37.12142 56.142673 47.042534 18.384777 49.010204 28.84441 26.925823 48.373547 6.0827627 32.449963 48.259712 45.39824 26.683329 21.213203 39.849716 30.528675 33.24154 55.946404 7.28011 11.18034 32.55764 19.416489 17.691807 28.635643 18.681541 27.294687 22.671568 21.095022 31.144823 31.575306 0.0 49.648766 30.083218 31.575306 35.44009 27.658634 26.832815 31.016125 39.051247 15.811388 37.0 23.323807 21.023796 19.416489 48.052055 17.492855 20.12461 27.802877 28.79236 41.785164 21.0 8.5440035 16.155495 25.317978 8.062258 42.953465 51.40039 38.600517
28.301943 63.97656 28.84441 59.77458 35.22783 42.80187 24.738634 61.846584 89.02247 17.720045 43.863426 25.612497 31.320919 74.953316 11.18034 25.23886 38.600517 26.0 50.695168 21.470911 21.931713 18.0 68.007355 17.117243 71.0 76.15773 22.022715 52.801514 31.016125 13.038404 22.090721 42.201897 29.068884 89.49302 79.70571 71.34424 11.18034 50.537113 40.24922 79.630394 68.96376 35.128338 42.72002 31.016125 74.96666 70.23532 70.34202 79.07591 78.63841 49.648766 0.0 79.69943 18.867962 81.22192 42.80187 59.5399 32.449963 11.401754 38.27532 12.649111 27.294687 38.118237 66.24198 6.0 62.39391 69.641945 30.594116 32.80244 8.062258 69.856995 50.635956 51.40039 74.726166 55.31727 8.246211 89.26926 28.301943
65.0 18.248287 60.0 19.924858 49.648766 42.047592 70.0 42.154476 10.049875 71.34424 46.69047 56.568542 67.26812 7.615773 90.80198 66.85058 52.40229 76.02631 29.15476 66.189125 85.09406 76.23647 12.0415945 78.31347 24.5153 8.485281 77.02597 28.071337 58.60034 77.36925 74.02702 48.79549 51.1957 9.848858 8.5440035 31.400637 85.49269 31.016125 40.4475 14.3178215 10.770329 46.06517 50.20956 48.76474 12.165525 16.643316 10.0 11.18034 14.142136 30.083218 79.69943 0.0 61.611687 18.681541 50.990196 36.23534 58.077534 69.12308 44.102154 67.052216 52.924473 46.615448 19.697716 78.10249 22.022715 11.045361 54.91812 56.0357 71.7844 11.313708 30.528675 35.69314 5.656854 25.059929 72.8011 40.804413 65.0
26.24881 45.310043 14.0 41.773197 23.600847 24.083189 17.20465 50.606323 71.19691 13.038404 26.076809 7.2111025 21.189621 57.428215 29.546574 24.5153 29.698484 22.627417 33.13608 10.816654 26.925823 17.888544 49.729267 19.313208 55.9017 57.58472 20.808653 34.176014 24.698177 22.847319 18.439089 32.01562 10.440307 71.30919 61.09828 57.567352 27.658634 31.780497 21.540659 63.0 50.990196 20.248457 33.30165 13.038404 58.034473 51.42956 52.611786 62.072536 62.0 31.575306 18.867962 61.611687 0.0 65.12296 26.0 46.615448 17.117243 7.615773 19.416489 7.2111025 12.529964 25.553865 47.41308 16.492422 46.09772 51.24451 21.260292 16.492422 12.0415945 52.34501 34.058773 32.649654 56.88585 38.052597 14.422205 76.2168 26.24881
