nbNodes
77
nbVehi
15
nbServi
6
r
1 1 1 1 1 1
0 1 0 0 0 0
1 0 0 0 0 0
0 0 1 0 0 0
1 0 0 0 0 0
0 1 0 0 0 0
0 0 0 0 0 1
0 0 0 0 0 1
0 0 0 0 1 0
0 0 0 0 1 0
0 0 0 0 0 1
0 0 0 0 1 0
0 0 1 0 0 0
1 0 0 0 0 0
0 0 0 1 0 0
0 1 0 0 0 0
1 0 0 0 0 0
0 0 0 0 0 1
1 0 0 0 0 0
0 1 0 0 0 0
0 0 1 0 0 0
0 0 0 1 0 0
0 0 1 0 0 0
0 1 0 0 0 0
0 1 0 0 0 0
0 0 1 0 0 0
1 0 0 0 0 0
0 0 0 0 1 0
0 0 0 0 0 1
0 0 0 1 0 0
0 0 1 0 0 0
0 0 1 0 0 0
0 0 0 0 1 0
1 0 0 0 0 0
0 0 0 0 0 1
0 0 0 0 0 1
0 1 0 0 0 0
0 0 0 0 1 0
0 0 0 0 0 1
0 0 0 0 0 1
0 0 1 0 0 0
1 0 0 0 0 0
0 0 0 0 1 0
0 1 0 0 0 0
1 0 0 0 0 0
0 0 0 0 0 1
0 0 0 0 1 0
0 0 1 0 0 0
0 0 0 0 1 0
0 0 0 0 1 0
0 0 0 1 0 0
0 0 1 0 0 0
0 0 0 1 0 0
0 0 0 1 1 0
0 0 0 0 1 1
0 0 0 1 1 0
0 0 0 0 1 1
0 0 0 1 0 1
0 0 0 1 0 1
0 0 0 0 1 1
0 0 0 0 1 1
0 0 0 0 1 1
0 0 0 0 1 1
0 0 0 0 1 1
0 1 0 1 0 0
0 1 0 0 0 1
0 0 1 1 0 0
0 1 0 1 0 0
0 0 1 0 0 1
0 0 1 0 1 0
1 0 0 0 0 1
1 0 0 0 1 0
0 0 1 0 1 0
0 1 0 0 1 0
1 0 0 1 0 0
0 1 0 0 1 0
1 1 1 1 1 1
DS
76 75 74 73 72 71 70 69 68 67 66 65 64 63 62 61 60 59 58 57 56 55 54
a
1  1  1  0  0  0
0  0  1  0  0  0
1  0  1  0  0  0
0  0  1  0  0  0
1  1  1  0  0  0
0  0  0  1  0  1
0  0  0  1  1  1
0  0  0  1  1  1
0  0  0  1  1  1
0  0  0  1  1  1
0  0  0  1  1  0
0  0  0  1  1  0
0  0  0  1  1  1
0  0  0  1  1  1
0  0  0  0  1  1
x
11 66 41 77 90 8 12 29 53 51 9 97 96 92 31 64 16 73 54 61 70 51 5 66 88 32 35 66 59 65 13 15 35 64 21 33 26 18 86 16 56 14 17 17 16 12 81 89 96 14 11 68 69 86 18 55 4 17 68 10 93 97 47 11 24 76 52 48 3 38 11 52 49 95 96 0 11
y
2 43 33 39 45 20 46 19 27 39 40 17 5 19 2 19 0 2 38 13 7 33 6 27 27 9 49 16 39 36 4 49 39 12 13 11 18 5 42 22 13 5 11 25 8 12 30 46 32 4 26 33 46 29 16 44 6 17 12 28 33 36 8 28 48 27 9 3 23 12 13 19 21 45 1 0 2
d
0.0 68.60029 43.13931 75.66373 89.94443 18.248287 44.011364 24.758837 48.8774 54.48853 38.052597 87.29834 85.052925 82.764725 20.0 55.65968 5.3851647 62.0 56.0803 51.1957 59.211487 50.606323 7.2111025 60.41523 80.95678 22.135944 52.773098 56.753853 60.60528 63.812225 2.828427 47.169907 44.102154 53.935146 14.866069 23.769728 21.931713 7.615773 85.0 20.615528 46.32494 4.2426405 10.816654 23.769728 7.81025 10.049875 75.39231 89.55445 90.13878 3.6055512 24.0 64.884514 72.8011 79.71198 15.652476 60.827625 8.062258 16.155495 57.870544 26.019224 87.66413 92.47703 36.496574 26.0 47.801674 69.641945 41.59327 37.01351 22.472204 28.79236 11.0 44.38468 42.48529 94.36631 85.00588 11.18034 0.0
68.60029 0.0 26.925823 11.7046995 24.083189 62.39391 54.08327 44.102154 20.615528 15.524175 57.07889 40.459858 48.414875 35.383614 53.90733 24.083189 65.946945 41.59327 13.0 30.413813 36.221542 18.027756 71.34424 16.0 27.202942 48.08326 31.575306 27.0 8.062258 7.071068 65.802734 51.351727 31.257 31.06445 54.08327 45.96738 47.169907 61.220913 20.024984 54.230988 31.622776 64.40497 58.5235 52.201534 61.03278 62.26556 19.849434 23.194826 31.95309 65.0 57.567352 10.198039 4.2426405 24.41311 55.072678 11.045361 72.20111 55.470715 31.06445 57.974133 28.79236 31.780497 39.824615 57.00877 42.296574 18.867962 36.769554 43.863426 66.09841 41.773197 62.649822 27.784887 27.802877 29.068884 51.613953 78.77182 68.60029
43.13931 26.925823 0.0 36.496574 50.447994 35.468296 31.780497 18.439089 13.416408 11.661903 32.75668 58.24088 61.7171 52.886673 32.572994 26.925823 41.400482 44.553337 13.928389 28.284271 38.948685 10.0 45.0 25.70992 47.38143 25.632011 17.088007 30.232433 18.973665 24.186773 40.311287 30.528675 8.485281 31.144823 28.284271 23.409399 21.213203 36.23534 45.891174 27.313 25.0 38.8973 32.55764 25.298222 35.35534 35.805027 40.112343 49.729267 55.00909 39.623226 30.805843 27.0 30.870699 45.17743 28.600698 17.804493 45.80393 28.84441 34.20526 31.400637 52.0 56.0803 25.70992 30.413813 22.671568 35.510563 26.400757 30.805843 39.293766 21.213203 36.05551 17.804493 14.422205 55.31727 63.631752 52.63079 43.13931
75.66373 11.7046995 36.496574 0.0 14.3178215 71.568146 65.37584 52.0 26.832815 26.0 68.007355 29.732138 38.948685 25.0 59.03389 23.853722 72.40166 37.215588 23.021729 30.528675 32.75668 26.683329 79.20227 16.27882 16.27882 54.08327 43.174065 25.495098 18.0 12.369317 72.94518 62.801273 42.0 29.966648 61.741398 52.153618 55.154327 68.09552 9.486833 63.324562 33.42155 71.5891 66.211784 61.611687 68.42514 70.38466 9.848858 13.892444 20.248457 72.06941 67.26812 10.816654 10.630146 13.453624 63.324562 22.561028 80.11242 63.90618 28.460499 67.89698 17.088007 20.22375 43.13931 66.910385 53.75872 12.0415945 39.051247 46.227695 75.70998 47.434166 70.93659 32.01562 33.286633 18.973665 42.48529 86.313385 75.66373
89.94443 24.083189 50.447994 14.3178215 0.0 85.72631 78.00641 66.309875 41.14608 39.45884 81.154175 28.86174 40.4475 26.076809 73.00685 36.769554 86.608315 46.238514 36.67424 43.185646 42.941822 40.804413 93.52005 30.0 18.110771 68.26419 55.145264 37.64306 31.575306 26.57066 87.23531 75.10659 55.326305 42.0119 76.05919 66.37017 69.46222 82.36504 5.0 77.491936 46.69047 85.883644 80.529495 75.690155 82.73451 84.693565 17.492855 1.4142135 14.3178215 86.35392 81.25269 25.059929 21.023796 16.492422 77.62087 35.014282 94.42987 78.18568 39.661064 81.78631 12.369317 11.401754 56.727417 80.80842 66.068146 22.803509 52.34501 59.39697 89.73851 61.587337 85.23497 46.043457 47.507893 5.0 44.407207 100.62306 89.94443
18.248287 62.39391 35.468296 71.568146 85.72631 0.0 26.305893 21.023796 45.54119 47.010635 20.024984 89.050545 89.26926 84.00595 29.206163 56.008926 21.540659 67.44627 49.396355 53.460266 63.348244 44.922153 14.3178215 58.420887 80.305664 26.400757 39.623226 58.137768 54.42426 59.20304 16.763054 29.832869 33.01515 56.568542 14.764823 26.57066 18.110771 18.027756 81.0432 8.246211 48.507732 16.155495 12.727922 10.29563 14.422205 8.944272 73.68175 85.07056 88.814415 17.088007 6.708204 61.39218 66.309875 78.51752 10.770329 52.773098 14.56022 9.486833 60.530983 8.246211 85.98837 90.426765 40.804413 8.5440035 32.24903 68.359344 45.35416 43.462627 5.8309517 31.04835 7.615773 44.011364 41.01219 90.52071 90.02777 21.540659 18.248287
44.011364 54.08327 31.780497 65.37584 78.00641 26.305893 0.0 31.906113 45.188496 39.623226 6.708204 89.81091 93.471924 84.4334 47.92703 58.59181 46.173584 75.21303 42.755116 59.07622 69.89278 41.109608 40.60788 57.245087 78.339005 42.059483 23.194826 61.77378 47.518417 53.935146 42.0119 4.2426405 24.04163 62.1289 34.20526 40.81666 31.304953 41.4367 74.10803 24.33105 55.0 41.04875 35.35534 21.587032 38.209946 34.0 70.83079 77.0 85.158676 42.047592 20.024984 57.48913 57.0 75.9276 30.594116 43.046486 40.792156 29.427877 65.51336 18.110771 82.036575 85.58621 51.662365 18.027756 12.165525 66.760765 54.48853 56.0803 24.698177 42.80187 33.01515 48.259712 44.65423 83.00603 95.29428 47.539455 44.011364
24.758837 44.102154 18.439089 52.0 66.309875 21.023796 31.906113 0.0 25.298222 29.732138 29.0 68.0294 68.44706 63.0 17.117243 35.0 23.021729 47.169907 31.400637 32.55764 42.72002 26.076809 27.294687 37.85499 59.5399 10.440307 30.594116 37.12142 36.05551 39.812057 21.931713 33.105892 20.880613 35.69314 10.0 8.944272 3.1622777 17.804493 61.46544 13.341664 27.658634 20.518284 14.422205 13.416408 17.029387 18.384777 53.15073 65.795135 68.24954 21.213203 19.313208 41.4367 48.259712 57.870544 11.401754 36.069378 28.178005 12.165525 39.623226 21.023796 65.51336 70.0928 21.095022 20.12461 29.427877 47.67599 25.079872 24.839485 26.305893 11.401754 18.973665 23.0 20.09975 70.93659 69.375786 34.669872 24.758837
48.8774 20.615528 13.416408 26.832815 41.14608 45.54119 45.188496 25.298222 0.0 12.165525 45.88028 45.122055 48.30114 39.812057 33.30165 13.601471 45.80393 32.01562 11.045361 16.124516 26.24881 6.3245554 52.392746 13.0 35.0 27.658634 28.42534 17.029387 13.416408 15.0 46.141087 43.908997 21.633308 18.601076 34.928497 25.612497 28.460499 41.340054 36.249138 37.336308 14.3178215 44.777225 39.39543 36.05551 41.59327 43.65776 28.160255 40.706264 43.289722 45.276924 42.0119 16.155495 24.839485 33.06055 36.687874 17.117243 53.310413 37.363083 21.213203 43.011627 40.4475 44.911022 19.924858 42.0119 35.805027 23.0 18.027756 24.5153 50.159744 21.213203 44.27189 8.062258 7.2111025 45.694637 50.24938 59.48109 48.8774
54.48853 15.524175 11.661903 26.0 39.45884 47.010635 39.623226 29.732138 12.165525 0.0 42.0119 50.990196 56.400356 45.617977 42.059483 23.853722 52.40229 43.046486 3.1622777 27.856777 37.215588 6.0 56.61272 19.209373 38.8973 35.510563 18.867962 27.45906 8.0 14.3178215 51.662365 37.363083 16.0 29.966648 39.698868 33.286633 32.649654 47.38143 35.128338 38.910152 26.476404 50.24938 44.04543 36.769554 46.75468 47.434166 31.320919 38.63936 45.54119 50.931328 42.059483 18.027756 19.313208 36.40055 40.22437 6.4031243 57.428215 40.496914 31.906113 42.44997 42.426407 46.09772 31.257 41.484936 28.460499 27.730848 30.016663 36.124783 50.596443 29.966648 47.707443 20.024984 18.110771 44.407207 58.898216 64.202805 54.48853
38.052597 57.07889 32.75668 68.007355 81.154175 20.024984 6.708204 29.0 45.88028 42.0119 0.0 90.95603 93.77633 85.61542 43.908997 58.872746 40.60788 74.431175 45.044422 58.59181 69.354164 42.579338 34.234486 58.463665 80.06248 38.600517 27.513634 61.846584 50.01 56.142673 36.221542 10.816654 26.019224 61.7171 29.546574 37.64306 27.802877 36.138622 77.02597 19.313208 54.20332 35.35534 30.083218 17.0 32.75668 28.160255 72.691124 80.224686 87.36704 36.345562 14.142136 59.413803 60.299255 77.781746 25.632011 46.173584 34.36568 24.351591 65.30697 12.0415945 84.29116 88.09086 49.67897 12.165525 17.0 68.24954 53.009434 53.75872 18.027756 40.311287 27.073973 47.853943 44.28318 86.145226 95.34149 41.0 38.052597
87.29834 40.459858 58.24088 29.732138 28.86174 89.050545 89.81091 68.0294 45.122055 50.990196 90.95603 0.0 12.0415945 5.3851647 67.68308 33.06055 82.764725 28.301943 47.853943 36.221542 28.79236 48.703182 92.65527 32.572994 13.453624 65.490456 69.77106 31.016125 43.908997 37.215588 85.0 88.02273 65.78754 33.37664 76.105194 64.28063 71.00704 79.9062 27.313 81.154175 41.19466 83.86298 80.224686 80.399 81.49847 85.146935 20.615528 30.083218 15.033297 84.0119 86.46965 33.12099 40.311287 16.27882 79.00633 49.92995 93.64828 80.0 29.427877 87.69264 16.492422 19.0 50.803543 86.70064 79.30952 23.259407 45.705578 50.96077 94.19129 59.211487 86.09297 45.044422 48.166378 28.071337 16.03122 98.478424 87.29834
85.052925 48.414875 61.7171 38.948685 40.4475 89.26926 93.471924 68.44706 48.30114 56.400356 93.77633 12.0415945 0.0 14.56022 65.06919 34.928497 80.1561 23.194826 53.413483 35.902645 26.076809 53.0 91.00549 37.202152 23.409399 64.12488 75.21303 31.95309 50.24938 43.840622 83.00603 92.17918 69.83552 32.75668 75.42546 63.28507 71.19691 78.0 38.327538 81.78631 40.792156 82.0 79.22752 81.49233 80.05623 84.29116 29.15476 41.59327 27.0 82.006096 87.555695 39.59798 49.09175 26.0 78.77182 56.586216 92.00543 79.9062 28.86174 89.02247 28.160255 31.016125 49.09175 88.0568 83.86298 29.732138 44.181442 48.04165 94.72592 58.420887 85.37564 46.173584 49.648766 40.012497 4.0 96.13012 85.052925
82.764725 35.383614 52.886673 25.0 26.076809 84.00595 84.4334 63.0 39.812057 45.617977 85.61542 5.3851647 14.56022 0.0 63.324562 28.0 78.339005 25.495098 42.48529 31.575306 25.059929 43.32436 87.965904 27.202942 8.944272 60.827625 64.412735 26.172504 38.587563 31.906113 80.411446 82.637764 60.40695 28.86174 71.25307 59.5399 66.007576 75.31268 23.769728 76.05919 36.496574 79.24645 75.42546 75.23962 76.79192 80.305664 15.556349 27.166155 13.601471 79.429214 81.3019 27.784887 35.468296 11.661903 74.06078 44.65423 88.95505 75.026665 25.0 82.492424 14.035668 17.720045 46.32494 81.49847 73.92564 17.888544 41.231056 46.818798 89.08984 54.451813 81.22192 40.0 43.046486 26.172504 18.439089 93.941475 82.764725
20.0 53.90733 32.572994 59.03389 73.00685 29.206163 47.92703 17.117243 33.30165 42.059483 43.908997 67.68308 65.06919 63.324562 0.0 37.12142 15.132746 42.0 42.72002 31.95309 39.319206 36.891735 26.305893 43.011627 62.241467 7.071068 47.169907 37.696156 46.400433 48.08326 18.110771 49.648766 37.215588 34.48188 14.866069 9.219544 16.763054 13.341664 68.007355 25.0 27.313 17.262676 16.643316 26.925823 16.155495 21.470911 57.306194 72.8011 71.5891 17.117243 31.241 48.270073 58.137768 61.269894 19.104973 48.373547 27.294687 20.518284 38.327538 33.42155 69.31811 74.24284 17.088007 32.80244 46.52956 51.47815 22.135944 17.029387 35.0 12.206555 22.825424 27.018513 26.172504 77.10383 65.00769 31.06445 20.0
55.65968 24.083189 26.925823 23.853722 36.769554 56.008926 58.59181 35.0 13.601471 23.853722 58.872746 33.06055 34.928497 28.0 37.12142 0.0 51.62364 19.235384 21.470911 6.708204 13.416408 19.104973 60.41523 8.246211 25.298222 33.526108 41.725292 3.6055512 20.615528 17.029387 53.160137 57.45433 35.22783 7.0 43.416588 32.01562 38.013157 48.08326 31.827662 48.09366 10.0 51.92302 47.67599 47.38143 49.24429 52.46904 20.248457 36.796738 34.539833 52.201534 53.460266 14.56022 27.45906 24.166092 46.09772 26.57066 61.39218 47.042534 8.062258 54.74486 32.202484 37.12142 20.248457 53.75872 49.40648 14.422205 15.6205 22.627417 61.13101 26.925823 53.338543 12.0 15.132746 40.459858 36.71512 66.760765 55.65968
5.3851647 65.946945 41.400482 72.40166 86.608315 21.540659 46.173584 23.021729 45.80393 52.40229 40.60788 82.764725 80.1561 78.339005 15.132746 51.62364 0.0 57.035076 53.740116 46.840153 54.451813 48.104053 12.529964 56.82429 76.896034 18.35756 52.554733 52.49762 58.0517 60.80296 5.0 49.010204 43.382023 49.47727 13.928389 20.248457 20.59126 5.3851647 81.63332 22.0 42.059483 5.3851647 11.045361 25.019993 8.0 12.649111 71.5891 86.28442 86.162636 4.472136 26.476404 61.587337 70.178345 75.76939 16.124516 58.796257 13.416408 17.029387 53.366657 28.635643 83.773506 88.63972 32.01562 28.442924 48.6621 65.795135 37.107952 32.140316 26.41969 25.059929 13.928389 40.706264 39.115215 90.91754 80.00625 16.0 5.3851647
62.0 41.59327 44.553337 37.215588 46.238514 67.44627 75.21303 47.169907 32.01562 43.046486 74.431175 28.301943 23.194826 25.495098 42.0 19.235384 57.035076 0.0 40.706264 16.27882 5.8309517 38.013157 68.117546 25.96151 29.15476 41.59327 60.440052 15.652476 39.56008 34.928497 60.033325 74.65253 53.037724 13.453624 53.15073 41.0 49.648766 55.081757 42.059483 60.40695 20.248457 59.07622 56.718605 60.53924 57.31492 61.81424 29.12044 46.818798 37.802116 59.03389 66.48308 31.400637 44.181442 29.966648 56.753853 45.694637 69.115845 57.974133 11.18034 68.154236 36.891735 41.617306 26.683329 67.23094 67.20863 25.179358 22.135944 25.019993 73.082146 36.40055 62.968246 27.018513 30.610456 48.30114 23.021729 73.02739 62.0
56.0803 13.0 13.928389 23.021729 36.67424 49.396355 42.755116 31.400637 11.045361 3.1622777 45.044422 47.853943 53.413483 42.48529 42.72002 21.470911 53.740116 40.706264 0.0 25.96151 34.88553 5.8309517 58.5235 16.27882 35.735138 36.40055 21.954498 25.059929 5.0990195 11.18034 53.263496 40.5216 19.026299 27.856777 41.400482 34.20526 34.4093 48.83646 32.24903 41.231056 25.079872 51.855568 45.80393 39.217342 48.414875 49.396355 28.160255 35.902645 42.426407 52.49762 44.64303 14.866069 17.0 33.24154 42.190044 6.0827627 59.36329 42.544094 29.529646 45.122055 39.319206 43.046486 30.805843 44.14748 31.622776 24.596748 29.068884 35.510563 53.160137 30.528675 49.73932 19.104973 17.720045 41.59327 55.97321 66.0303 56.0803
51.1957 30.413813 28.284271 30.528675 43.185646 53.460266 59.07622 32.55764 16.124516 27.856777 58.59181 36.221542 35.902645 31.575306 31.95309 6.708204 46.840153 16.27882 25.96151 0.0 10.816654 22.36068 56.435802 14.866069 30.413813 29.274563 44.407207 5.8309517 26.076809 23.345236 48.83646 58.412327 36.769554 3.1622777 40.0 28.071337 35.35534 43.737854 38.28838 45.891174 5.0 47.67599 44.04543 45.607018 45.276924 49.010204 26.24881 43.27817 39.824615 47.853943 51.662365 21.189621 33.955853 29.681644 43.104523 31.575306 57.428215 44.181442 7.071068 53.160137 37.735924 42.72002 14.866069 52.201534 50.931328 20.518284 9.848858 16.40122 58.855755 23.021729 50.0 10.816654 14.422205 46.69047 37.0 62.369865 51.1957
59.211487 36.221542 38.948685 32.75668 42.941822 63.348244 69.89278 42.72002 26.24881 37.215588 69.354164 28.79236 26.076809 25.059929 39.319206 13.416408 54.451813 5.8309517 34.88553 10.816654 0.0 32.202484 65.00769 20.396078 26.907248 38.052597 54.67175 9.848858 33.83785 29.427877 57.07889 69.2026 47.423622 7.81025 49.365982 37.215588 45.35416 52.03845 38.483765 56.044624 15.231546 56.0357 53.15073 55.97321 54.00926 58.21512 25.495098 43.382023 36.069378 56.0803 61.983868 26.076809 39.012817 27.202942 52.773098 39.92493 66.007576 53.935146 5.3851647 63.56886 34.713108 39.623226 23.021729 62.625874 61.6198 20.880613 18.110771 22.36068 68.88396 32.38827 59.3043 21.633308 25.23886 45.486263 26.683329 70.34913 59.211487
50.606323 18.027756 10.0 26.683329 40.804413 44.922153 41.109608 26.076809 6.3245554 6.0 42.579338 48.703182 53.0 43.32436 36.891735 19.104973 48.104053 38.013157 5.8309517 22.36068 32.202484 0.0 53.338543 16.155495 37.48333 30.610456 22.627417 22.671568 10.0 14.3178215 47.801674 39.39543 17.088007 24.698177 36.05551 28.42534 29.15476 43.27817 36.138622 36.687874 20.615528 46.400433 40.496914 34.928497 43.011627 44.294468 30.149628 40.16217 45.01111 47.010635 40.60788 17.0 22.203604 35.22783 37.12142 11.7046995 54.20332 37.576588 27.018513 41.303753 42.0 46.09772 25.317978 40.311287 30.88689 25.70992 24.020824 30.149628 49.0306 24.698177 44.72136 14.035668 12.165525 45.607018 55.21775 60.74537 50.606323
7.2111025 71.34424 45.0 79.20227 93.52005 14.3178215 40.60788 27.294687 52.392746 56.61272 34.234486 92.65527 91.00549 87.965904 26.305893 60.41523 12.529964 68.117546 58.5235 56.435802 65.00769 53.338543 0.0 64.513565 85.61542 27.166155 52.43091 61.81424 63.28507 67.08204 8.246211 44.14748 44.598206 59.3043 17.464249 28.442924 24.186773 13.038404 88.63972 19.416489 51.47815 9.055386 13.0 22.472204 11.18034 9.219544 79.69943 93.03763 94.641426 9.219544 20.880613 68.54196 75.47185 84.20214 16.40122 62.801273 1.0 16.27882 63.28507 22.561028 92.0489 96.76776 42.047592 22.803509 46.09772 74.04053 47.095646 43.104523 17.117243 33.54102 9.219544 48.76474 46.486557 98.08669 91.13726 7.81025 7.2111025
60.41523 16.0 25.70992 16.27882 30.0 58.420887 57.245087 37.85499 13.0 19.209373 58.463665 32.572994 37.202152 27.202942 43.011627 8.246211 56.82429 25.96151 16.27882 14.866069 20.396078 16.155495 64.513565 0.0 22.0 38.470768 38.013157 11.0 13.892444 9.055386 57.77543 55.542778 33.24154 15.132746 47.127487 36.67424 41.0 52.801514 25.0 50.24938 17.20465 56.462376 51.546097 49.0408 53.488316 56.044624 15.297058 29.832869 30.413813 56.859474 55.00909 6.3245554 19.235384 20.09975 49.24429 20.248457 65.459915 50.01 15.132746 56.008926 27.658634 32.280025 26.870058 55.00909 46.957428 10.0 22.803509 30.0 63.126858 31.764761 56.753853 16.124516 18.027756 34.132095 39.698868 71.30919 60.41523
80.95678 27.202942 47.38143 16.27882 18.110771 80.305664 78.339005 59.5399 35.0 38.8973 80.06248 13.453624 23.409399 8.944272 62.241467 25.298222 76.896034 29.15476 35.735138 30.413813 26.907248 37.48333 85.61542 22.0 0.0 58.821766 57.384666 24.596748 31.38471 24.698177 78.44743 76.243034 54.34151 28.301943 68.44706 57.280014 62.649822 73.37575 15.132746 72.1734 34.928497 77.201035 72.780495 71.02816 74.46476 77.46612 7.615773 19.026299 9.433981 77.491936 77.00649 20.880613 26.870058 2.828427 70.85902 37.12142 86.58522 71.70077 25.0 78.00641 7.81025 12.727922 45.188496 77.00649 67.357254 12.0 40.24922 46.647614 85.09406 52.201534 78.26238 36.878178 39.45884 19.313208 27.202942 92.0489 80.95678
22.135944 48.08326 25.632011 54.08327 68.26419 26.400757 42.059483 10.440307 27.658634 35.510563 38.600517 65.490456 64.12488 60.827625 7.071068 33.526108 18.35756 41.59327 36.40055 29.274563 38.052597 30.610456 27.166155 38.470768 58.821766 0.0 40.112343 34.713108 40.36087 42.638012 19.646883 43.462627 30.149628 32.140316 11.7046995 2.236068 10.816654 14.56022 63.28507 20.615528 24.33105 18.439089 15.132746 21.931713 16.03122 20.22375 53.310413 67.95587 68.007355 18.681541 27.018513 43.266617 52.3259 57.58472 15.652476 41.880783 28.160255 17.0 36.124783 29.068884 65.551506 70.38466 15.033297 28.319605 39.812057 47.539455 20.0 17.088007 32.202484 6.708204 21.377558 22.36068 20.808653 72.56032 64.49806 33.24154 22.135944
52.773098 31.575306 17.088007 43.174065 55.145264 39.623226 23.194826 30.594116 28.42534 18.867962 27.513634 69.77106 75.21303 64.412735 47.169907 41.725292 52.554733 60.440052 21.954498 44.407207 54.67175 22.627417 52.43091 38.013157 57.384666 40.112343 0.0 45.276924 26.0 32.695564 50.08992 20.0 10.0 47.010635 38.626415 38.052597 32.280025 47.169907 51.47815 33.01515 41.677334 48.754486 42.047592 30.0 45.188496 43.56604 49.76947 54.08327 63.324562 49.658836 33.24154 36.67424 34.132095 54.781384 37.12142 20.615528 53.009434 36.71512 49.57822 32.649654 60.166435 63.348244 42.72002 31.890438 11.045361 46.52956 43.462627 47.801674 41.231056 37.12142 43.266617 34.48188 31.304953 60.133186 77.62087 60.216278 52.773098
56.753853 27.0 30.232433 25.495098 37.64306 58.137768 61.77378 37.12142 17.029387 27.45906 61.846584 31.016125 31.95309 26.172504 37.696156 3.6055512 52.49762 15.652476 25.059929 5.8309517 9.848858 22.671568 61.81424 11.0 24.596748 34.713108 45.276924 0.0 24.04163 20.024984 54.34151 60.74537 38.600517 4.472136 45.099888 33.37664 40.04997 49.24429 32.80244 50.358715 10.440307 53.15073 49.25444 49.819675 50.635956 54.147945 20.518284 37.802116 34.0 53.366657 55.9017 17.117243 30.149628 23.853722 48.0 30.083218 62.801273 49.010204 4.472136 57.271286 31.906113 36.891735 20.615528 56.293873 52.801514 14.866069 15.652476 22.203604 63.387695 28.284271 55.081757 14.3178215 17.720045 41.01219 33.54102 67.911705 56.753853
60.60528 8.062258 18.973665 18.0 31.575306 54.42426 47.518417 36.05551 13.416408 8.0 50.01 43.908997 50.24938 38.587563 46.400433 20.615528 58.0517 39.56008 5.0990195 26.076809 33.83785 10.0 63.28507 13.892444 31.38471 40.36087 26.0 24.04163 0.0 6.708204 57.801384 45.122055 24.0 27.45906 46.043457 38.209946 39.115215 53.263496 27.166155 46.238514 26.172504 56.400356 50.47772 44.27189 53.009434 54.20332 23.769728 30.805843 37.65634 57.00877 49.729267 10.816654 12.206555 28.79236 47.010635 6.4031243 64.14047 47.41308 28.460499 50.219517 34.525352 38.118237 33.24154 49.24429 36.138622 20.808653 30.805843 37.64306 58.24088 34.20526 54.589375 21.189621 20.59126 36.496574 53.037724 70.724815 60.60528
63.812225 7.071068 24.186773 12.369317 26.57066 59.20304 53.935146 39.812057 15.0 14.3178215 56.142673 37.215588 43.840622 31.906113 48.08326 17.029387 60.80296 34.928497 11.18034 23.345236 29.427877 14.3178215 67.08204 9.055386 24.698177 42.638012 32.695564 20.024984 6.708204 0.0 61.05735 51.662365 30.149628 24.020824 49.648766 40.60788 42.953465 56.302753 21.84033 50.96077 24.698177 59.682495 54.120235 49.24429 56.435802 58.18075 17.088007 26.0 31.257 60.207973 54.91812 4.2426405 10.770329 22.135944 51.078373 12.806249 67.977936 51.62364 24.186773 55.578773 28.160255 32.0 33.286633 54.589375 42.72002 14.21267 29.966648 37.12142 63.348244 36.124783 58.694122 21.400934 21.931713 31.320919 46.75468 74.30343 63.812225
2.828427 65.802734 40.311287 72.94518 87.23531 16.763054 42.0119 21.931713 46.141087 51.662365 36.221542 85.0 83.00603 80.411446 18.110771 53.160137 5.0 60.033325 53.263496 48.83646 57.07889 47.801674 8.246211 57.77543 78.44743 19.646883 50.08992 54.34151 57.801384 61.05735 0.0 45.044422 41.340054 51.62364 12.0415945 21.189621 19.104973 5.0990195 82.29824 18.248287 43.931767 1.4142135 8.062258 21.377558 5.0 8.062258 72.8011 86.833176 87.595665 1.0 22.090721 62.177166 70.0 77.16217 13.0 58.0 9.219544 13.601471 55.578773 24.186773 85.09406 89.88882 34.234486 24.083189 45.35416 67.06713 39.319206 35.014282 21.470911 26.24881 9.219544 41.785164 39.812057 91.67879 83.0542 13.601471 2.828427
47.169907 51.351727 30.528675 62.801273 75.10659 29.832869 4.2426405 33.105892 43.908997 37.363083 10.816654 88.02273 92.17918 82.637764 49.648766 57.45433 49.010204 74.65253 40.5216 58.412327 69.2026 39.39543 44.14748 55.542778 76.243034 43.462627 20.0 60.74537 45.122055 51.662365 45.044422 0.0 22.36068 61.400326 36.496574 42.047592 32.89377 44.102154 71.34424 27.018513 54.56189 44.011364 38.052597 24.083189 41.01219 37.12142 68.68042 74.06078 82.764725 45.01111 23.345236 55.362442 54.08327 73.76314 33.13608 40.311287 44.38468 32.06244 64.63745 21.587032 79.624115 83.02409 52.009613 21.377558 9.055386 64.84597 54.48853 56.61272 28.635643 43.56604 36.221542 47.63402 44.04543 80.09994 94.15413 51.24451 47.169907
44.102154 31.257 8.485281 42.0 55.326305 33.01515 24.04163 20.880613 21.633308 16.0 26.019224 65.78754 69.83552 60.40695 37.215588 35.22783 43.382023 53.037724 19.026299 36.769554 47.423622 17.088007 44.598206 33.24154 54.34151 30.149628 10.0 38.600517 24.0 30.149628 41.340054 22.36068 0.0 39.623226 29.529646 28.071337 22.847319 38.013157 51.088158 25.495098 33.42155 39.962482 33.286633 22.803509 36.359318 35.468296 46.872166 54.451813 61.400326 40.81666 27.294687 33.54102 34.713108 51.971146 28.600698 20.615528 45.276924 28.42534 42.638012 27.313 58.30952 62.072536 33.24154 26.400757 14.21267 42.72002 34.48188 38.27532 35.77709 27.166155 35.383614 26.24881 22.803509 60.299255 71.867935 52.40229 44.102154
53.935146 31.06445 31.144823 29.966648 42.0119 56.568542 62.1289 35.69314 18.601076 29.966648 61.7171 33.37664 32.75668 28.86174 34.48188 7.0 49.47727 13.453624 27.856777 3.1622777 7.81025 24.698177 59.3043 15.132746 28.301943 32.140316 47.010635 4.472136 27.45906 24.020824 51.62364 61.400326 39.623226 0.0 43.011627 31.016125 38.470768 46.52956 37.202152 49.0306 8.062258 50.48762 47.010635 48.76474 48.166378 52.0 24.758837 42.201897 37.735924 50.635956 54.81788 21.377558 34.36568 27.802877 46.173584 33.24154 60.299255 47.26521 4.0 56.32051 35.805027 40.804413 17.464249 55.362442 53.814495 19.209373 12.369317 18.35756 61.983868 26.0 53.009434 13.892444 17.492855 45.276924 33.83785 65.11528 53.935146
14.866069 54.08327 28.284271 61.741398 76.05919 14.764823 34.20526 10.0 34.928497 39.698868 29.546574 76.105194 75.42546 71.25307 14.866069 43.416588 13.928389 53.15073 41.400482 40.0 49.365982 36.05551 17.464249 47.127487 68.44706 11.7046995 38.626415 45.099888 46.043457 49.648766 12.0415945 36.496574 29.529646 43.011627 0.0 12.165525 7.071068 8.5440035 71.17584 10.29563 35.0 10.630146 4.472136 12.649111 7.071068 9.055386 62.361847 75.58439 77.36925 11.401754 16.40122 51.078373 58.249462 66.94027 4.2426405 46.010868 18.384777 5.656854 47.010635 18.601076 74.726166 79.40403 26.476404 18.027756 35.128338 56.753853 31.257 28.79236 20.59126 17.029387 10.0 31.575306 29.12044 80.622574 75.95393 24.698177 14.866069
23.769728 45.96738 23.409399 52.153618 66.37017 26.57066 40.81666 8.944272 25.612497 33.286633 37.64306 64.28063 63.28507 59.5399 9.219544 32.01562 20.248457 41.0 34.20526 28.071337 37.215588 28.42534 28.442924 36.67424 57.280014 2.236068 38.052597 33.37664 38.209946 40.60788 21.189621 42.047592 28.071337 31.016125 12.165525 0.0 9.899495 16.155495 61.400326 20.248457 23.086792 19.924858 16.0 21.260292 17.262676 21.023796 51.62364 66.037865 66.40783 20.248457 26.627054 41.340054 50.20956 55.97321 15.811388 39.661064 29.427877 17.088007 35.014282 28.600698 63.90618 68.70953 14.3178215 27.802877 38.078865 45.88028 19.104973 17.0 32.31099 5.0990195 22.090721 20.615528 18.867962 70.71068 63.788715 34.785053 23.769728
21.931713 47.169907 21.213203 55.154327 69.46222 18.110771 31.304953 3.1622777 28.460499 32.649654 27.802877 71.00704 71.19691 66.007576 16.763054 38.013157 20.59126 49.648766 34.4093 35.35534 45.35416 29.15476 24.186773 41.0 62.649822 10.816654 32.280025 40.04997 39.115215 42.953465 19.104973 32.89377 22.847319 38.470768 7.071068 9.899495 0.0 15.264338 64.62198 10.770329 30.413813 17.691807 11.401754 11.401754 14.142136 15.231546 56.293873 68.942 71.38628 18.439089 17.0 44.598206 51.312767 61.0 8.246211 38.948685 25.059929 9.055386 42.426407 18.867962 68.65858 73.24616 23.259407 18.027756 30.066593 50.803543 27.513634 26.627054 23.537205 13.416408 15.811388 26.019224 23.194826 74.094536 72.03471 31.622776 21.931713
7.615773 61.220913 36.23534 68.09552 82.36504 18.027756 41.4367 17.804493 41.340054 47.38143 36.138622 79.9062 78.0 75.31268 13.341664 48.08326 5.3851647 55.081757 48.83646 43.737854 52.03845 43.27817 13.038404 52.801514 73.37575 14.56022 47.169907 49.24429 53.263496 56.302753 5.0990195 44.102154 38.013157 46.52956 8.5440035 16.155495 15.264338 0.0 77.41447 17.117243 38.832977 4.0 6.0827627 20.024984 3.6055512 9.219544 67.77905 81.9878 82.5409 4.1231055 22.135944 57.306194 65.43699 72.11102 11.0 53.75872 14.035668 12.0415945 50.48762 24.351591 80.05623 84.8646 29.15476 24.04163 43.416588 62.03225 34.234486 30.066593 23.43075 21.189621 10.630146 36.769554 34.88553 86.76981 78.10249 18.681541 7.615773
85.0 20.024984 45.891174 9.486833 5.0 81.0432 74.10803 61.46544 36.249138 35.128338 77.02597 27.313 38.327538 23.769728 68.007355 31.827662 81.63332 42.059483 32.24903 38.28838 38.483765 36.138622 88.63972 25.0 15.132746 63.28507 51.47815 32.80244 27.166155 21.84033 82.29824 71.34424 51.088158 37.202152 71.17584 61.400326 64.62198 77.41447 0.0 72.8011 41.725292 80.9506 75.643906 71.063354 77.820305 79.84986 13.0 5.0 14.142136 81.41253 76.687675 20.12461 17.464249 13.0 72.8011 31.06445 89.55445 73.38937 34.98571 77.27872 11.401754 12.529964 51.739735 76.29548 62.289646 18.027756 47.38143 54.451813 85.146935 56.603886 80.411446 41.04875 42.544094 9.486833 42.201897 95.707886 85.0
20.615528 54.230988 27.313 63.324562 77.491936 8.246211 24.33105 13.341664 37.336308 38.910152 19.313208 81.154175 81.78631 76.05919 25.0 48.09366 22.0 60.40695 41.231056 45.891174 56.044624 36.687874 19.416489 50.24938 72.1734 20.615528 33.01515 50.358715 46.238514 50.96077 18.248287 27.018513 25.495098 49.0306 10.29563 20.248457 10.770329 17.117243 72.8011 0.0 41.0 17.117243 11.045361 3.1622777 14.0 10.770329 65.490456 76.843994 80.622574 18.110771 6.4031243 53.15073 58.18075 70.34913 6.3245554 44.777225 20.0 5.0990195 52.95281 8.485281 77.781746 82.20097 34.0147 7.81025 27.202942 60.207973 38.27532 37.215588 13.038404 24.166092 10.29563 36.124783 33.01515 82.28001 82.710335 27.202942 20.615528
46.32494 31.622776 25.0 33.42155 46.69047 48.507732 55.0 27.658634 14.3178215 26.476404 54.20332 41.19466 40.792156 36.496574 27.313 10.0 42.059483 20.248457 25.079872 5.0 15.231546 20.615528 51.47815 17.20465 34.928497 24.33105 41.677334 10.440307 26.172504 24.698177 43.931767 54.56189 33.42155 8.062258 35.0 23.086792 30.413813 38.832977 41.725292 41.0 0.0 42.755116 39.051247 40.804413 40.311287 44.011364 30.232433 46.66905 44.28318 42.953465 46.840153 23.323807 35.468296 34.0 38.118237 31.016125 52.46904 39.20459 12.0415945 48.38388 42.059483 47.010635 10.29563 47.434166 47.423622 24.41311 5.656854 12.806249 53.935146 18.027756 45.0 7.2111025 10.630146 50.447994 41.761227 57.48913 46.32494
4.2426405 64.40497 38.8973 71.5891 85.883644 16.155495 41.04875 20.518284 44.777225 50.24938 35.35534 83.86298 82.0 79.24645 17.262676 51.92302 5.3851647 59.07622 51.855568 47.67599 56.0357 46.400433 9.055386 56.462376 77.201035 18.439089 48.754486 53.15073 56.400356 59.682495 1.4142135 44.011364 39.962482 50.48762 10.630146 19.924858 17.691807 4.0 80.9506 17.117243 42.755116 0.0 6.708204 20.22375 3.6055512 7.28011 71.51224 85.47514 86.33076 1.0 21.213203 60.827625 68.60029 75.89466 11.7046995 56.586216 10.049875 12.369317 54.451813 23.345236 83.81527 88.60023 33.13608 23.194826 44.14748 65.78754 38.209946 34.058773 21.095022 25.0 8.5440035 40.496914 38.483765 90.33826 82.0975 14.866069 4.2426405
10.816654 58.5235 32.55764 66.211784 80.529495 12.727922 35.35534 14.422205 39.39543 44.04543 30.083218 80.224686 79.22752 75.42546 16.643316 47.67599 11.045361 56.718605 45.80393 44.04543 53.15073 40.496914 13.0 51.546097 72.780495 15.132746 42.047592 49.25444 50.47772 54.120235 8.062258 38.052597 33.286633 47.010635 4.472136 16.0 11.401754 6.0827627 75.643906 11.045361 39.051247 6.708204 0.0 14.0 3.1622777 5.0990195 66.760765 80.05623 81.7435 7.615773 16.155495 55.542778 62.681736 71.30919 5.0990195 50.32892 13.928389 6.0 51.009804 18.384777 79.12016 83.81527 30.149628 18.027756 37.65634 61.13101 35.057095 32.01562 18.439089 21.023796 6.3245554 35.902645 33.526108 85.08819 79.630394 20.248457 10.816654
23.769728 52.201534 25.298222 61.611687 75.690155 10.29563 21.587032 13.416408 36.05551 36.769554 17.0 80.399 81.49233 75.23962 26.925823 47.38143 25.019993 60.53924 39.217342 45.607018 55.97321 34.928497 22.472204 49.0408 71.02816 21.931713 30.0 49.819675 44.27189 49.24429 21.377558 24.083189 22.803509 48.76474 12.649111 21.260292 11.401754 20.024984 71.063354 3.1622777 40.804413 20.22375 14.0 0.0 17.029387 13.928389 64.195015 75.0 79.30952 21.213203 6.0827627 51.62364 56.0803 69.115845 9.055386 42.48529 23.021729 8.0 52.63079 7.615773 76.41989 80.75271 34.48188 6.708204 24.04163 59.03389 38.483765 38.013157 14.142136 24.698177 13.416408 35.510563 32.24903 80.523285 82.565125 30.232433 23.769728
7.81025 61.03278 35.35534 68.42514 82.73451 14.422205 38.209946 17.029387 41.59327 46.75468 32.75668 81.49847 80.05623 76.79192 16.155495 49.24429 8.0 57.31492 48.414875 45.276924 54.00926 43.011627 11.18034 53.488316 74.46476 16.03122 45.188496 50.635956 53.009434 56.435802 5.0 41.01219 36.359318 48.166378 7.071068 17.262676 14.142136 3.6055512 77.820305 14.0 40.311287 3.6055512 3.1622777 17.029387 0.0 5.656854 68.622154 82.29824 83.52245 4.472136 18.681541 57.697487 65.21503 73.082146 8.246211 53.075417 12.165525 9.055386 52.153618 20.880613 80.95678 85.70297 31.0 20.615528 40.792156 62.936478 36.013885 32.38827 19.849434 22.36068 7.071068 37.64306 35.468296 87.23531 80.305664 17.888544 7.81025
10.049875 62.26556 35.805027 70.38466 84.693565 8.944272 34.0 18.384777 43.65776 47.434166 28.160255 85.146935 84.29116 80.305664 21.470911 52.46904 12.649111 61.81424 49.396355 49.010204 58.21512 44.294468 9.219544 56.044624 77.46612 20.22375 43.56604 54.147945 54.20332 58.18075 8.062258 37.12142 35.468296 52.0 9.055386 21.023796 15.231546 9.219544 79.84986 10.770329 44.011364 7.28011 5.0990195 13.928389 5.656854 0.0 71.30919 84.17244 86.34813 8.246211 14.035668 59.808025 66.37017 75.9276 7.2111025 53.600372 10.0 7.071068 56.0 16.124516 83.677956 88.32327 35.22783 16.03122 37.94733 65.734314 40.112343 37.107952 14.21267 26.0 1.4142135 40.60788 38.078865 89.31965 84.71718 16.970562 10.049875
75.39231 19.849434 40.112343 9.848858 17.492855 73.68175 70.83079 53.15073 28.160255 31.320919 72.691124 20.615528 29.15476 15.556349 57.306194 20.248457 71.5891 29.12044 28.160255 26.24881 25.495098 30.149628 79.69943 15.297058 7.615773 53.310413 49.76947 20.518284 23.769728 17.088007 72.8011 68.68042 46.872166 24.758837 62.361847 51.62364 56.293873 67.77905 13.0 65.490456 30.232433 71.51224 66.760765 64.195015 68.622154 71.30919 0.0 17.888544 15.132746 71.867935 70.11419 13.341664 20.0 5.0990195 64.53681 29.529646 80.65358 65.30697 22.203604 71.02816 12.369317 17.088007 40.496914 70.028564 59.77458 5.8309517 35.805027 42.638012 78.31347 46.615448 72.03471 31.016125 33.24154 20.518284 32.649654 86.37708 75.39231
89.55445 23.194826 49.729267 13.892444 1.4142135 85.07056 77.0 65.795135 40.706264 38.63936 80.224686 30.083218 41.59327 27.166155 72.8011 36.796738 86.28442 46.818798 35.902645 43.27817 43.382023 40.16217 93.03763 29.832869 19.026299 67.95587 54.08327 37.802116 30.805843 26.0 86.833176 74.06078 54.451813 42.201897 75.58439 66.037865 68.942 81.9878 5.0 76.843994 46.66905 85.47514 80.05623 75.0 82.29824 84.17244 17.888544 0.0 15.652476 85.95929 80.523285 24.698177 20.0 17.262676 77.07788 34.058773 93.941475 77.62087 39.962482 81.02469 13.601471 12.806249 56.63921 80.04999 65.03076 23.021729 52.3259 59.413803 89.02247 61.294373 84.693565 45.80393 47.169907 6.0827627 45.54119 100.18483 89.55445
90.13878 31.95309 55.00909 20.248457 14.3178215 88.814415 85.158676 68.24954 43.289722 45.54119 87.36704 15.033297 27.0 13.601471 71.5891 34.539833 86.162636 37.802116 42.426407 39.824615 36.069378 45.01111 94.641426 30.413813 9.433981 68.007355 63.324562 34.0 37.65634 31.257 87.595665 82.764725 61.400326 37.735924 77.36925 66.40783 71.38628 82.5409 14.142136 80.622574 44.28318 86.33076 81.7435 79.30952 83.52245 86.34813 15.132746 15.652476 0.0 86.64872 85.2115 28.01785 30.413813 10.440307 79.624115 42.72002 95.60335 80.411446 34.4093 86.09297 3.1622777 4.1231055 54.56189 85.09406 73.756355 20.615528 49.648766 56.0803 93.43447 61.351448 87.09765 45.88028 48.270073 13.038404 31.0 101.19289 90.13878
3.6055512 65.0 39.623226 72.06941 86.35392 17.088007 42.047592 21.213203 45.276924 50.931328 36.345562 84.0119 82.006096 79.429214 17.117243 52.201534 4.472136 59.03389 52.49762 47.853943 56.0803 47.010635 9.219544 56.859474 77.491936 18.681541 49.658836 53.366657 57.00877 60.207973 1.0 45.01111 40.81666 50.635956 11.401754 20.248457 18.439089 4.1231055 81.41253 18.110771 42.953465 1.0 7.615773 21.213203 4.472136 8.246211 71.867935 85.95929 86.64872 0.0 22.203604 61.294373 69.2026 76.2168 12.649111 57.280014 10.198039 13.341664 54.589375 24.33105 84.15462 88.95505 33.24154 24.186773 45.122055 66.12866 38.327538 34.0147 21.954498 25.298222 9.486833 40.853397 38.910152 90.78546 82.05486 14.56022 3.6055512
24.0 57.567352 30.805843 67.26812 81.25269 6.708204 20.024984 19.313208 42.0119 42.059483 14.142136 86.46965 87.555695 81.3019 31.241 53.460266 26.476404 66.48308 44.64303 51.662365 61.983868 40.60788 20.880613 55.00909 77.00649 27.018513 33.24154 55.9017 49.729267 54.91812 22.090721 23.345236 27.294687 54.81788 16.40122 26.627054 17.0 22.135944 76.687675 6.4031243 46.840153 21.213203 16.155495 6.0827627 18.681541 14.035668 70.11419 80.523285 85.2115 22.203604 0.0 57.428215 61.351448 75.059975 12.206555 47.539455 21.189621 10.816654 58.694122 2.236068 82.29824 86.579445 40.24922 2.0 25.553865 65.00769 44.38468 43.56604 8.5440035 30.413813 13.0 41.59327 38.327538 86.12201 88.60023 28.231188 24.0
64.884514 10.198039 27.0 10.816654 25.059929 61.39218 57.48913 41.4367 16.155495 18.027756 59.413803 33.12099 39.59798 27.784887 48.270073 14.56022 61.587337 31.400637 14.866069 21.189621 26.076809 17.0 68.54196 6.3245554 20.880613 43.266617 36.67424 17.117243 10.816654 4.2426405 62.177166 55.362442 33.54102 21.377558 51.078373 41.340054 44.598206 57.306194 20.12461 53.15073 23.323807 60.827625 55.542778 51.62364 57.697487 59.808025 13.341664 24.698177 28.01785 61.294373 57.428215 0.0 13.038404 18.439089 52.810986 17.029387 69.46222 53.450912 21.0 58.21512 25.0 29.15476 32.649654 57.21888 46.486557 10.0 28.84441 36.05551 65.76473 36.619667 60.40695 21.260292 22.472204 29.546574 42.520584 75.58439 64.884514
72.8011 4.2426405 30.870699 10.630146 21.023796 66.309875 57.0 48.259712 24.839485 19.313208 60.299255 40.311287 49.09175 35.468296 58.137768 27.45906 70.178345 44.181442 17.0 33.955853 39.012817 22.203604 75.47185 19.235384 26.870058 52.3259 34.132095 30.149628 12.206555 10.770329 70.0 54.08327 34.713108 34.36568 58.249462 50.20956 51.312767 65.43699 17.464249 58.18075 35.468296 68.60029 62.681736 56.0803 65.21503 66.37017 20.0 20.0 30.413813 69.2026 61.351448 13.038404 0.0 24.04163 59.16925 14.142136 76.321686 59.5399 34.0147 61.68468 27.294687 29.732138 43.908997 60.728905 45.044422 20.248457 40.718548 47.853943 69.89278 46.010868 66.730804 31.906113 32.01562 26.019224 52.478565 82.92768 72.8011
