nbNodes
27
nbVehi
5
nbServi
6
r
1 1 1 1 1 1
0 0 0 1 0 0
0 0 0 0 1 0
0 1 0 0 0 0
0 0 0 1 0 0
0 0 1 0 0 0
0 0 0 0 1 0
0 0 1 0 0 0
0 0 0 0 1 0
0 0 0 0 1 0
0 0 0 0 1 0
0 1 0 0 0 0
0 1 0 0 0 0
0 1 0 0 0 0
0 0 0 1 0 0
1 0 0 0 0 0
0 0 0 0 1 0
0 0 1 0 0 0
0 0 0 0 1 1
0 0 0 0 1 1
0 0 0 1 0 1
0 0 0 0 1 1
0 1 0 1 0 0
0 1 0 0 0 1
1 0 0 1 0 0
1 0 0 1 0 0
1 1 1 1 1 1
DS
26 25 24 23 22 21 20 19
a
1  0  0  0  0  0
0  1  1  0  0  0
0  0  0  0  1  1
0  0  0  1  1  1
0  0  0  1  1  1
x
85 47 54 34 78 69 17 62 92 96 76 10 74 98 37 5 0 63 89 75 15 77 77 20 0 0 85
y
2 33 26 5 36 45 8 29 4 34 0 1 36 33 48 46 8 14 15 28 9 16 15 8 22 0 2
d
0.0 49.0408 39.20459 51.088158 34.713108 45.88028 68.26419 35.468296 7.28011 33.83785 9.219544 75.00667 35.735138 33.61547 66.48308 91.3017 85.2115 25.059929 13.601471 27.856777 70.34913 16.124516 15.264338 65.27634 87.32124 85.02353 0.0
49.0408 0.0 9.899495 30.870699 31.144823 25.059929 39.051247 15.524175 53.535034 49.010204 43.931767 48.9183 27.166155 51.0 18.027756 43.965897 53.235325 24.839485 45.694637 28.442924 40.0 34.48188 34.98571 36.796738 48.270073 57.428215 49.0408
39.20459 9.899495 0.0 29.0 26.0 24.207438 41.14608 8.5440035 43.908997 42.755116 34.058773 50.606323 22.36068 44.553337 27.802877 52.924473 56.920998 15.0 36.687874 21.095022 42.544094 25.079872 25.495098 38.470768 54.147945 59.933296 39.20459
51.088158 30.870699 29.0 0.0 53.823788 53.15073 17.262676 36.878178 58.00862 68.44706 42.296574 24.33105 50.606323 69.856995 43.104523 50.219517 34.132095 30.364452 55.9017 47.010635 19.416489 44.38468 44.14748 14.3178215 38.013157 34.36568 51.088158
34.713108 31.144823 26.0 53.823788 0.0 12.727922 67.11929 17.464249 34.928497 18.110771 36.05551 76.47875 4.0 20.22375 42.72002 73.68175 82.8734 26.627054 23.70654 8.5440035 68.54196 20.024984 21.023796 64.40497 79.24645 85.90693 34.713108
45.88028 25.059929 24.207438 53.15073 12.727922 0.0 63.82006 17.464249 47.010635 29.15476 45.54119 73.60027 10.29563 31.38471 32.140316 64.00781 78.29432 31.575306 36.05551 18.027756 64.899925 30.083218 31.04835 61.400326 72.73238 82.37718 45.88028
68.26419 39.051247 41.14608 17.262676 67.11929 63.82006 0.0 49.658836 75.10659 83.1685 59.5399 9.899495 63.505905 84.77028 44.72136 39.849716 17.0 46.389652 72.33948 61.351448 2.236068 60.530983 60.40695 3.0 22.022715 18.788294 68.26419
35.468296 15.524175 8.5440035 36.878178 17.464249 17.464249 49.658836 0.0 39.051247 34.36568 32.202484 59.05929 13.892444 36.221542 31.400637 59.48109 65.459915 15.033297 30.413813 13.038404 51.078373 19.849434 20.518284 46.957428 62.39391 68.44706 35.468296
7.28011 53.535034 43.908997 58.00862 34.928497 47.010635 75.10659 39.051247 0.0 30.265491 16.492422 82.05486 36.71512 29.614185 70.434364 96.60745 92.086914 30.675724 11.401754 29.410883 77.16217 19.209373 18.601076 72.11102 93.74433 92.086914 7.28011
33.83785 49.010204 42.755116 68.44706 18.110771 29.15476 83.1685 34.36568 30.265491 0.0 39.446167 92.11406 22.090721 2.236068 60.63827 91.787796 99.458534 38.587563 20.248457 21.84033 84.77028 26.172504 26.870058 80.32434 96.74709 101.84302 33.83785
9.219544 43.931767 34.058773 42.296574 36.05551 45.54119 59.5399 32.202484 16.492422 39.446167 0.0 66.007576 36.05551 39.661064 61.846584 84.59905 76.41989 19.104973 19.849434 28.01785 61.66036 16.03122 15.033297 56.568542 79.12016 76.0 9.219544
75.00667 48.9183 50.606323 24.33105 76.47875 73.60027 9.899495 59.05929 82.05486 92.11406 66.007576 0.0 72.94518 93.637596 54.20332 45.276924 12.206555 54.571056 80.23092 70.38466 9.433981 68.65858 68.44706 12.206555 23.259407 10.049875 75.00667
35.735138 27.166155 22.36068 50.606323 4.0 10.29563 63.505905 13.892444 36.71512 22.090721 36.05551 72.94518 0.0 24.186773 38.8973 69.72087 79.12016 24.596748 25.806976 8.062258 64.884514 20.22375 21.213203 60.827625 75.31268 82.29216 35.735138
33.61547 51.0 44.553337 69.856995 20.22375 31.38471 84.77028 36.221542 29.614185 2.236068 39.661064 93.637596 24.186773 0.0 62.817196 93.904205 101.13852 39.824615 20.12461 23.537205 86.40023 27.018513 27.658634 81.908485 98.61542 103.40696 33.61547
66.48308 18.027756 27.802877 43.104523 42.72002 32.140316 44.72136 31.400637 70.434364 60.63827 61.846584 54.20332 38.8973 62.817196 0.0 32.06244 54.48853 42.80187 61.587337 42.941822 44.777225 51.224995 51.855568 43.462627 45.221676 60.60528 66.48308
91.3017 43.965897 52.924473 50.219517 73.68175 64.00781 39.849716 59.48109 96.60745 91.787796 84.59905 45.276924 69.72087 93.904205 32.06244 0.0 38.327538 66.24198 89.537704 72.277245 38.327538 78.0 78.39005 40.853397 24.5153 46.270943 91.3017
85.2115 53.235325 56.920998 34.132095 82.8734 78.29432 17.0 65.459915 92.086914 99.458534 76.41989 12.206555 79.12016 101.13852 54.48853 38.327538 0.0 63.28507 89.27486 77.62087 15.033297 77.41447 77.31753 20.0 14.0 8.0 85.2115
25.059929 24.839485 15.0 30.364452 26.627054 31.575306 46.389652 15.033297 30.675724 38.587563 19.104973 54.571056 24.596748 39.824615 42.80187 66.24198 63.28507 0.0 26.019224 18.439089 48.259712 14.142136 14.035668 43.416588 63.505905 64.53681 25.059929
13.601471 45.694637 36.687874 55.9017 23.70654 36.05551 72.33948 30.413813 11.401754 20.248457 19.849434 80.23092 25.806976 20.12461 61.587337 89.537704 89.27486 26.019224 0.0 19.104973 74.24284 12.0415945 12.0 69.354164 89.27486 90.255196 13.601471
27.856777 28.442924 21.095022 47.010635 8.5440035 18.027756 61.351448 13.038404 29.410883 21.84033 28.01785 70.38466 8.062258 23.537205 42.941822 72.277245 77.62087 18.439089 19.104973 0.0 62.936478 12.165525 13.152946 58.5235 75.23962 80.05623 27.856777
70.34913 40.0 42.544094 19.416489 68.54196 64.899925 2.236068 51.078373 77.16217 84.77028 61.66036 9.433981 64.884514 86.40023 44.777225 38.327538 15.033297 48.259712 74.24284 62.936478 0.0 62.39391 62.289646 5.0990195 19.849434 17.492855 70.34913
16.124516 34.48188 25.079872 44.38468 20.024984 30.083218 60.530983 19.849434 19.209373 26.172504 16.03122 68.65858 20.22375 27.018513 51.224995 78.0 77.41447 14.142136 12.0415945 12.165525 62.39391 0.0 1.0 57.558666 77.23341 78.64477 16.124516
15.264338 34.98571 25.495098 44.14748 21.023796 31.04835 60.40695 20.518284 18.601076 26.870058 15.033297 68.44706 21.213203 27.658634 51.855568 78.39005 77.31753 14.035668 12.0 13.152946 62.289646 1.0 0.0 57.428215 77.31753 78.44743 15.264338
65.27634 36.796738 38.470768 14.3178215 64.40497 61.400326 3.0 46.957428 72.11102 80.32434 56.568542 12.206555 60.827625 81.908485 43.462627 40.853397 20.0 43.416588 69.354164 58.5235 5.0990195 57.558666 57.428215 0.0 24.41311 21.540659 65.27634
87.32124 48.270073 54.147945 38.013157 79.24645 72.73238 22.022715 62.39391 93.74433 96.74709 79.12016 23.259407 75.31268 98.61542 45.221676 24.5153 14.0 63.505905 89.27486 75.23962 19.849434 77.23341 77.31753 24.41311 0.0 22.0 87.32124
85.02353 57.428215 59.933296 34.36568 85.90693 82.37718 18.788294 68.44706 92.086914 101.84302 76.0 10.049875 82.29216 103.40696 60.60528 46.270943 8.0 64.53681 90.255196 80.05623 17.492855 78.64477 78.44743 21.540659 22.0 0.0 85.02353
0.0 49.0408 39.20459 51.088158 34.713108 45.88028 68.26419 35.468296 7.28011 33.83785 9.219544 75.00667 35.735138 33.61547 66.48308 91.3017 85.2115 25.059929 13.601471 27.856777 70.34913 16.124516 15.264338 65.27634 87.32124 85.02353 0.0
p
0 0 0 0 0 0
0 0 0 0 0 0
0 0 0 0 0 0
0 0 0 0 0 0
0 0 0 0 0 0
14.0 14.0 14.0 14.0 14.0 14.0
14.0 14.0 14.0 14.0 14.0 14.0
14.0 14.0 14.0 14.0 14.0 14.0
14.0 14.0 14.0 14.0 14.0 14.0
14.0 14.0 14.0 14.0 14.0 14.0
14.0 14.0 14.0 14.0 14.0 14.0
14.0 14.0 14.0 14.0 14.0 14.0
14.0 14.0 14.0 14.0 14.0 14.0
14.0 14.0 14.0 14.0 14.0 14.0
14.0 14.0 14.0 14.0 14.0 14.0
14.0 14.0 14.0 14.0 14.0 14.0
14.0 14.0 14.0 14.0 14.0 14.0
14.0 14.0 14.0 14.0 14.0 14.0
14.0 14.0 14.0 14.0 14.0 14.0
14.0 14.0 14.0 14.0 14.0 14.0
14.0 14.0 14.0 14.0 14.0 14.0
14.0 14.0 14.0 14.0 14.0 14.0
14.0 14.0 14.0 14.0 14.0 14.0
14.0 14.0 14.0 14.0 14.0 14.0
14.0 14.0 14.0 14.0 14.0 14.0
14.0 14.0 14.0 14.0 14.0 14.0
14.0 14.0 14.0 14.0 14.0 14.0
14.0 14.0 14.0 14.0 14.0 14.0
14.0 14.0 14.0 14.0 14.0 14.0
14.0 14.0 14.0 14.0 14.0 14.0
14.0 14.0 14.0 14.0 14.0 14.0
14.0 14.0 14.0 14.0 14.0 14.0
14.0 14.0 14.0 14.0 14.0 14.0
14.0 14.0 14.0 14.0 14.0 14.0
14.0 14.0 14.0 14.0 14.0 14.0
14.0 14.0 14.0 14.0 14.0 14.0
14.0 14.0 14.0 14.0 14.0 14.0
14.0 14.0 14.0 14.0 14.0 14.0
14.0 14.0 14.0 14.0 14.0 14.0
14.0 14.0 14.0 14.0 14.0 14.0
14.0 14.0 14.0 14.0 14.0 14.0
14.0 14.0 14.0 14.0 14.0 14.0
14.0 14.0 14.0 14.0 14.0 14.0
14.0 14.0 14.0 14.0 14.0 14.0
14.0 14.0 14.0 14.0 14.0 14.0
14.0 14.0 14.0 14.0 14.0 14.0
14.0 14.0 14.0 14.0 14.0 14.0
14.0 14.0 14.0 14.0 14.0 14.0
14.0 14.0 14.0 14.0 14.0 14.0
14.0 14.0 14.0 14.0 14.0 14.0
14.0 14.0 14.0 14.0 14.0 14.0
14.0 14.0 14.0 14.0 14.0 14.0
14.0 14.0 14.0 14.0 14.0 14.0
14.0 14.0 14.0 14.0 14.0 14.0
14.0 14.0 14.0 14.0 14.0 14.0
14.0 14.0 14.0 14.0 14.0 14.0
14.0 14.0 14.0 14.0 14.0 14.0
14.0 14.0 14.0 14.0 14.0 14.0
14.0 14.0 14.0 14.0 14.0 14.0
14.0 14.0 14.0 14.0 14.0 14.0
14.0 14.0 14.0 14.0 14.0 14.0
14.0 14.0 14.0 14.0 14.0 14.0
14.0 14.0 14.0 14.0 14.0 14.0
14.0 14.0 14.0 14.0 14.0 14.0
14.0 14.0 14.0 14.0 14.0 14.0
14.0 14.0 14.0 14.0 14.0 14.0
14.0 14.0 14.0 14.0 14.0 14.0
14.0 14.0 14.0 14.0 14.0 14.0
14.0 14.0 14.0 14.0 14.0 14.0
14.0 14.0 14.0 14.0 14.0 14.0
14.0 14.0 14.0 14.0 14.0 14.0
14.0 14.0 14.0 14.0 14.0 14.0
14.0 14.0 14.0 14.0 14.0 14.0
14.0 14.0 14.0 14.0 14.0 14.0
14.0 14.0 14.0 14.0 14.0 14.0
14.0 14.0 14.0 14.0 14.0 14.0
14.0 14.0 14.0 14.0 14.0 14.0
14.0 14.0 14.0 14.0 14.0 14.0
14.0 14.0 14.0 14.0 14.0 14.0
14.0 14.0 14.0 14.0 14.0 14.0
14.0 14.0 14.0 14.0 14.0 14.0
14.0 14.0 14.0 14.0 14.0 14.0
14.0 14.0 14.0 14.0 14.0 14.0
14.0 14.0 14.0 14.0 14.0 14.0
14.0 14.0 14.0 14.0 14.0 14.0
14.0 14.0 14.0 14.0 14.0 14.0
14.0 14.0 14.0 14.0 14.0 14.0
14.0 14.0 14.0 14.0 14.0 14.0
14.0 14.0 14.0 14.0 14.0 14.0
14.0 14.0 14.0 14.0 14.0 14.0
14.0 14.0 14.0 14.0 14.0 14.0
14.0 14.0 14.0 14.0 14.0 14.0
14.0 14.0 14.0 14.0 14.0 14.0
14.0 14.0 14.0 14.0 14.0 14.0
14.0 14.0 14.0 14.0 14.0 14.0
14.0 14.0 14.0 14.0 14.0 14.0
14.0 14.0 14.0 14.0 14.0 14.0
14.0 14.0 14.0 14.0 14.0 14.0
14.0 14.0 14.0 14.0 14.0 14.0
14.0 14.0 14.0 14.0 14.0 14.0
14.0 14.0 14.0 14.0 14.0 14.0
14.0 14.0 14.0 14.0 14.0 14.0
14.0 14.0 14.0 14.0 14.0 14.0
14.0 14.0 14.0 14.0 14.0 14.0
14.0 14.0 14.0 14.0 14.0 14.0
14.0 14.0 14.0 14.0 14.0 14.0
14.0 14.0 14.0 14.0 14.0 14.0
14.0 14.0 14.0 14.0 14.0 14.0
14.0 14.0 14.0 14.0 14.0 14.0
14.0 14.0 14.0 14.0 14.0 14.0
14.0 14.0 14.0 14.0 14.0 14.0
14.0 14.0 14.0 14.0 14.0 14.0
14.0 14.0 14.0 14.0 14.0 14.0
14.0 14.0 14.0 14.0 14.0 14.0
14.0 14.0 14.0 14.0 14.0 14.0
14.0 14.0 14.0 14.0 14.0 14.0
14.0 14.0 14.0 14.0 14.0 14.0
14.0 14.0 14.0 14.0 14.0 14.0
14.0 14.0 14.0 14.0 14.0 14.0
14.0 14.0 14.0 14.0 14.0 14.0
14.0 14.0 14.0 14.0 14.0 14.0
14.0 14.0 14.0 14.0 14.0 14.0
14.0 14.0 14.0 14.0 14.0 14.0
14.0 14.0 14.0 14.0 14.0 14.0
14.0 14.0 14.0 14.0 14.0 14.0
14.0 14.0 14.0 14.0 14.0 14.0
14.0 14.0 14.0 14.0 14.0 14.0
14.0 14.0 14.0 14.0 14.0 14.0
14.0 14.0 14.0 14.0 14.0 14.0
14.0 14.0 14.0 14.0 14.0 14.0
0 0 0 0 0 0
0 0 0 0 0 0
0 0 0 0 0 0
0 0 0 0 0 0
0 0 0 0 0 0
mind
14 24 36 38 46 10 27 16 51 8 36 9 27 34 10 53 27 50 0 0 0 0 7 49 13 9 60
maxd
28 48 72 76 92 20 54 32 102 16 72 18 54 68 20 106 54 100 0 0 0 0 14 98 26 18 120
e
0  345 268 247 393 254 184 434 46 298 148 409 73 157 63 282 274 152 222 276 29 416 332 190 59 434 0
l
600  465 388 367 513 374 304 554 166 418 268 529 193 277 183 402 394 272 342 396 149 536 452 310 179 554 1000
