nbNodes
27
nbVehi
5
nbServi
6
r
1 1 1 1 1 1
0 0 0 0 1 0
0 0 0 0 1 0
0 0 0 0 1 0
0 1 0 0 0 0
1 0 0 0 0 0
0 0 1 0 0 0
0 0 0 1 0 0
0 0 0 0 0 1
0 0 0 0 0 1
1 0 0 0 0 0
1 0 0 0 0 0
0 0 1 0 0 0
0 0 1 0 0 0
0 0 0 0 0 1
0 0 0 0 1 0
1 0 0 0 0 0
1 0 0 0 0 0
0 0 0 1 1 0
0 0 0 0 1 1
0 0 0 0 1 1
0 0 0 1 1 0
1 0 0 1 0 0
0 0 1 0 0 1
0 1 0 0 1 0
0 0 1 0 1 0
1 1 1 1 1 1
DS
26 25 24 23 22 21 20 19
a
1  1  0  0  0  0
1  0  1  0  0  0
0  0  0  1  1  1
0  0  0  0  1  1
0  0  0  1  1  1
x
64 30 72 31 53 54 82 28 2 83 58 68 79 15 99 67 51 88 39 78 97 88 24 90 17 0 64
y
18 22 39 11 40 46 9 28 31 42 36 40 47 47 12 5 3 36 15 47 17 16 40 0 43 0 18
d
0.0 34.234486 22.472204 33.734257 24.596748 29.732138 20.12461 37.363083 63.348244 30.610456 18.973665 22.36068 32.649654 56.938564 35.510563 13.341664 19.849434 30.0 25.179358 32.202484 33.01515 24.083189 45.65085 31.622776 53.235325 66.48308 0.0
34.234486 0.0 45.310043 11.045361 29.206163 33.941124 53.600372 6.3245554 29.410883 56.648037 31.304953 42.047592 55.00909 29.15476 69.72087 40.718548 28.319605 59.665737 11.401754 54.120235 67.18631 58.30952 18.973665 63.90618 24.698177 37.202152 34.234486
22.472204 45.310043 0.0 49.648766 19.026299 19.313208 31.622776 45.35416 70.45566 11.401754 14.3178215 4.1231055 10.630146 57.558666 38.183765 34.36568 41.677334 16.27882 40.804413 10.0 33.30165 28.01785 48.010414 42.953465 55.145264 81.88406 22.472204
33.734257 11.045361 49.648766 0.0 36.40055 41.880783 51.0392 17.262676 35.22783 60.53924 36.796738 47.010635 60.0 39.39543 68.007355 36.496574 21.540659 62.241467 8.944272 59.20304 66.27216 57.21888 29.832869 60.016663 34.928497 32.89377 33.734257
24.596748 29.206163 19.026299 36.40055 0.0 6.0827627 42.44997 27.730848 51.78803 30.066593 6.4031243 15.0 26.925823 38.63936 53.851646 37.696156 37.054016 35.22783 28.653097 25.96151 49.648766 42.43819 29.0 54.48853 36.124783 66.4003 24.596748
29.732138 33.941124 19.313208 41.880783 6.0827627 0.0 46.400433 31.622776 54.120235 29.274563 10.770329 15.231546 25.019993 39.012817 56.400356 43.011627 43.104523 35.44009 34.43835 24.020824 51.86521 45.343136 30.594116 58.412327 37.12142 70.93659 29.732138
20.12461 53.600372 31.622776 51.0392 42.44997 46.400433 0.0 57.245087 82.96987 33.01515 36.124783 34.0147 38.118237 77.02597 17.262676 15.524175 31.575306 27.658634 43.416588 38.209946 17.0 9.219544 65.76473 12.0415945 73.3553 82.492424 20.12461
37.363083 6.3245554 45.35416 17.262676 27.730848 31.622776 57.245087 0.0 26.172504 56.753853 31.04835 41.761227 54.42426 23.021729 72.780495 45.276924 33.970577 60.530983 17.029387 53.488316 69.87131 61.188232 12.649111 68.0294 18.601076 39.59798 37.363083
63.348244 29.410883 70.45566 35.22783 51.78803 54.120235 82.96987 26.172504 0.0 81.7435 56.22277 66.61081 78.64477 20.615528 98.84331 70.00714 56.435802 86.145226 40.311287 77.665955 96.02604 87.29834 23.769728 93.30059 19.209373 31.06445 63.348244
30.610456 56.648037 11.401754 60.53924 30.066593 29.274563 33.01515 56.753853 81.7435 0.0 25.70992 15.132746 6.4031243 68.18358 34.0 40.311287 50.447994 7.81025 51.62364 7.071068 28.653097 26.476404 59.03389 42.579338 66.007576 93.0215 30.610456
18.973665 31.304953 14.3178215 36.796738 6.4031243 10.770329 36.124783 31.04835 56.22277 25.70992 0.0 10.770329 23.70654 44.38468 47.507893 32.280025 33.734257 30.0 28.319605 22.825424 43.382023 36.05551 34.234486 48.166378 41.59327 68.26419 18.973665
22.36068 42.047592 4.1231055 47.010635 15.0 15.231546 34.0147 41.761227 66.61081 15.132746 10.770329 0.0 13.038404 53.460266 41.773197 35.014282 40.718548 20.396078 38.28838 12.206555 37.01351 31.241 44.0 45.65085 51.088158 78.892334 22.36068
32.649654 55.00909 10.630146 60.0 26.925823 25.019993 38.118237 54.42426 78.64477 6.4031243 23.70654 13.038404 0.0 64.0 40.311287 43.68066 52.153618 14.21267 51.224995 1.0 34.98571 32.280025 55.443665 48.270073 62.1289 91.92388 32.649654
56.938564 29.15476 57.558666 39.39543 38.63936 39.012817 77.02597 23.021729 20.615528 68.18358 44.38468 53.460266 64.0 0.0 91.0 66.8431 56.85068 73.82411 40.0 63.0 87.31552 79.30952 11.401754 88.50989 4.472136 49.335587 56.938564
35.510563 69.72087 38.183765 68.007355 53.851646 56.400356 17.262676 72.780495 98.84331 34.0 47.507893 41.773197 40.311287 91.0 0.0 32.75668 48.83646 26.400757 60.074955 40.81666 5.3851647 11.7046995 80.05623 15.0 87.66413 99.724625 35.510563
13.341664 40.718548 34.36568 36.496574 37.696156 43.011627 15.524175 45.276924 70.00714 40.311287 32.280025 35.014282 43.68066 66.8431 32.75668 0.0 16.124516 37.44329 29.732138 43.416588 32.31099 23.70654 55.443665 23.537205 62.801273 67.18631 13.341664
19.849434 28.319605 41.677334 21.540659 37.054016 43.104523 31.575306 33.970577 56.435802 50.447994 33.734257 40.718548 52.153618 56.85068 48.83646 16.124516 0.0 49.57822 16.970562 51.62364 48.08326 39.217342 45.80393 39.115215 52.49762 51.088158 19.849434
30.0 59.665737 16.27882 62.241467 35.22783 35.44009 27.658634 60.530983 86.145226 7.81025 30.0 20.396078 14.21267 73.82411 26.400757 37.44329 49.57822 0.0 53.310413 14.866069 21.023796 20.0 64.12488 36.05551 71.34424 95.07891 30.0
25.179358 11.401754 40.804413 8.944272 28.653097 34.43835 43.416588 17.029387 40.311287 51.62364 28.319605 38.28838 51.224995 40.0 60.074955 29.732138 16.970562 53.310413 0.0 50.447994 58.034473 49.010204 29.15476 53.160137 35.608986 41.785164 25.179358
32.202484 54.120235 10.0 59.20304 25.96151 24.020824 38.209946 53.488316 77.665955 7.071068 22.825424 12.206555 1.0 63.0 40.81666 43.416588 51.62364 14.866069 50.447994 0.0 35.510563 32.572994 54.451813 48.507732 61.13101 91.06591 32.202484
33.01515 67.18631 33.30165 66.27216 49.648766 51.86521 17.0 69.87131 96.02604 28.653097 43.382023 37.01351 34.98571 87.31552 5.3851647 32.31099 48.08326 21.023796 58.034473 35.510563 0.0 9.055386 76.537575 18.384777 84.118965 98.478424 33.01515
24.083189 58.30952 28.01785 57.21888 42.43819 45.343136 9.219544 61.188232 87.29834 26.476404 36.05551 31.241 32.280025 79.30952 11.7046995 23.70654 39.217342 20.0 49.010204 32.572994 9.055386 0.0 68.35203 16.124516 75.96052 89.44272 24.083189
45.65085 18.973665 48.010414 29.832869 29.0 30.594116 65.76473 12.649111 23.769728 59.03389 34.234486 44.0 55.443665 11.401754 80.05623 55.443665 45.80393 64.12488 29.15476 54.451813 76.537575 68.35203 0.0 77.175125 7.615773 46.647614 45.65085
31.622776 63.90618 42.953465 60.016663 54.48853 58.412327 12.0415945 68.0294 93.30059 42.579338 48.166378 45.65085 48.270073 88.50989 15.0 23.537205 39.115215 36.05551 53.160137 48.507732 18.384777 16.124516 77.175125 0.0 84.723076 90.0 31.622776
53.235325 24.698177 55.145264 34.928497 36.124783 37.12142 73.3553 18.601076 19.209373 66.007576 41.59327 51.088158 62.1289 4.472136 87.66413 62.801273 52.49762 71.34424 35.608986 61.13101 84.118965 75.96052 7.615773 84.723076 0.0 46.238514 53.235325
66.48308 37.202152 81.88406 32.89377 66.4003 70.93659 82.492424 39.59798 31.06445 93.0215 68.26419 78.892334 91.92388 49.335587 99.724625 67.18631 51.088158 95.07891 41.785164 91.06591 98.478424 89.44272 46.647614 90.0 46.238514 0.0 66.48308
0.0 34.234486 22.472204 33.734257 24.596748 29.732138 20.12461 37.363083 63.348244 30.610456 18.973665 22.36068 32.649654 56.938564 35.510563 13.341664 19.849434 30.0 25.179358 32.202484 33.01515 24.083189 45.65085 31.622776 53.235325 66.48308 0.0
p
0 0 0 0 0 0
0 0 0 0 0 0
0 0 0 0 0 0
0 0 0 0 0 0
0 0 0 0 0 0
13.0 13.0 13.0 13.0 13.0 13.0
13.0 13.0 13.0 13.0 13.0 13.0
13.0 13.0 13.0 13.0 13.0 13.0
13.0 13.0 13.0 13.0 13.0 13.0
13.0 13.0 13.0 13.0 13.0 13.0
13.0 13.0 13.0 13.0 13.0 13.0
13.0 13.0 13.0 13.0 13.0 13.0
13.0 13.0 13.0 13.0 13.0 13.0
13.0 13.0 13.0 13.0 13.0 13.0
13.0 13.0 13.0 13.0 13.0 13.0
13.0 13.0 13.0 13.0 13.0 13.0
13.0 13.0 13.0 13.0 13.0 13.0
13.0 13.0 13.0 13.0 13.0 13.0
13.0 13.0 13.0 13.0 13.0 13.0
13.0 13.0 13.0 13.0 13.0 13.0
13.0 13.0 13.0 13.0 13.0 13.0
13.0 13.0 13.0 13.0 13.0 13.0
13.0 13.0 13.0 13.0 13.0 13.0
13.0 13.0 13.0 13.0 13.0 13.0
13.0 13.0 13.0 13.0 13.0 13.0
13.0 13.0 13.0 13.0 13.0 13.0
13.0 13.0 13.0 13.0 13.0 13.0
13.0 13.0 13.0 13.0 13.0 13.0
13.0 13.0 13.0 13.0 13.0 13.0
13.0 13.0 13.0 13.0 13.0 13.0
13.0 13.0 13.0 13.0 13.0 13.0
13.0 13.0 13.0 13.0 13.0 13.0
13.0 13.0 13.0 13.0 13.0 13.0
13.0 13.0 13.0 13.0 13.0 13.0
13.0 13.0 13.0 13.0 13.0 13.0
13.0 13.0 13.0 13.0 13.0 13.0
13.0 13.0 13.0 13.0 13.0 13.0
13.0 13.0 13.0 13.0 13.0 13.0
13.0 13.0 13.0 13.0 13.0 13.0
13.0 13.0 13.0 13.0 13.0 13.0
13.0 13.0 13.0 13.0 13.0 13.0
13.0 13.0 13.0 13.0 13.0 13.0
13.0 13.0 13.0 13.0 13.0 13.0
13.0 13.0 13.0 13.0 13.0 13.0
13.0 13.0 13.0 13.0 13.0 13.0
13.0 13.0 13.0 13.0 13.0 13.0
13.0 13.0 13.0 13.0 13.0 13.0
13.0 13.0 13.0 13.0 13.0 13.0
13.0 13.0 13.0 13.0 13.0 13.0
13.0 13.0 13.0 13.0 13.0 13.0
13.0 13.0 13.0 13.0 13.0 13.0
13.0 13.0 13.0 13.0 13.0 13.0
13.0 13.0 13.0 13.0 13.0 13.0
13.0 13.0 13.0 13.0 13.0 13.0
13.0 13.0 13.0 13.0 13.0 13.0
13.0 13.0 13.0 13.0 13.0 13.0
13.0 13.0 13.0 13.0 13.0 13.0
13.0 13.0 13.0 13.0 13.0 13.0
13.0 13.0 13.0 13.0 13.0 13.0
13.0 13.0 13.0 13.0 13.0 13.0
13.0 13.0 13.0 13.0 13.0 13.0
13.0 13.0 13.0 13.0 13.0 13.0
13.0 13.0 13.0 13.0 13.0 13.0
13.0 13.0 13.0 13.0 13.0 13.0
13.0 13.0 13.0 13.0 13.0 13.0
13.0 13.0 13.0 13.0 13.0 13.0
13.0 13.0 13.0 13.0 13.0 13.0
13.0 13.0 13.0 13.0 13.0 13.0
13.0 13.0 13.0 13.0 13.0 13.0
13.0 13.0 13.0 13.0 13.0 13.0
13.0 13.0 13.0 13.0 13.0 13.0
13.0 13.0 13.0 13.0 13.0 13.0
13.0 13.0 13.0 13.0 13.0 13.0
13.0 13.0 13.0 13.0 13.0 13.0
13.0 13.0 13.0 13.0 13.0 13.0
13.0 13.0 13.0 13.0 13.0 13.0
13.0 13.0 13.0 13.0 13.0 13.0
13.0 13.0 13.0 13.0 13.0 13.0
13.0 13.0 13.0 13.0 13.0 13.0
13.0 13.0 13.0 13.0 13.0 13.0
13.0 13.0 13.0 13.0 13.0 13.0
13.0 13.0 13.0 13.0 13.0 13.0
13.0 13.0 13.0 13.0 13.0 13.0
13.0 13.0 13.0 13.0 13.0 13.0
13.0 13.0 13.0 13.0 13.0 13.0
13.0 13.0 13.0 13.0 13.0 13.0
13.0 13.0 13.0 13.0 13.0 13.0
13.0 13.0 13.0 13.0 13.0 13.0
13.0 13.0 13.0 13.0 13.0 13.0
13.0 13.0 13.0 13.0 13.0 13.0
13.0 13.0 13.0 13.0 13.0 13.0
13.0 13.0 13.0 13.0 13.0 13.0
13.0 13.0 13.0 13.0 13.0 13.0
13.0 13.0 13.0 13.0 13.0 13.0
13.0 13.0 13.0 13.0 13.0 13.0
13.0 13.0 13.0 13.0 13.0 13.0
13.0 13.0 13.0 13.0 13.0 13.0
13.0 13.0 13.0 13.0 13.0 13.0
13.0 13.0 13.0 13.0 13.0 13.0
13.0 13.0 13.0 13.0 13.0 13.0
13.0 13.0 13.0 13.0 13.0 13.0
13.0 13.0 13.0 13.0 13.0 13.0
13.0 13.0 13.0 13.0 13.0 13.0
13.0 13.0 13.0 13.0 13.0 13.0
13.0 13.0 13.0 13.0 13.0 13.0
13.0 13.0 13.0 13.0 13.0 13.0
13.0 13.0 13.0 13.0 13.0 13.0
13.0 13.0 13.0 13.0 13.0 13.0
13.0 13.0 13.0 13.0 13.0 13.0
13.0 13.0 13.0 13.0 13.0 13.0
13.0 13.0 13.0 13.0 13.0 13.0
13.0 13.0 13.0 13.0 13.0 13.0
13.0 13.0 13.0 13.0 13.0 13.0
13.0 13.0 13.0 13.0 13.0 13.0
13.0 13.0 13.0 13.0 13.0 13.0
13.0 13.0 13.0 13.0 13.0 13.0
13.0 13.0 13.0 13.0 13.0 13.0
13.0 13.0 13.0 13.0 13.0 13.0
13.0 13.0 13.0 13.0 13.0 13.0
13.0 13.0 13.0 13.0 13.0 13.0
13.0 13.0 13.0 13.0 13.0 13.0
13.0 13.0 13.0 13.0 13.0 13.0
13.0 13.0 13.0 13.0 13.0 13.0
13.0 13.0 13.0 13.0 13.0 13.0
13.0 13.0 13.0 13.0 13.0 13.0
13.0 13.0 13.0 13.0 13.0 13.0
13.0 13.0 13.0 13.0 13.0 13.0
13.0 13.0 13.0 13.0 13.0 13.0
13.0 13.0 13.0 13.0 13.0 13.0
13.0 13.0 13.0 13.0 13.0 13.0
0 0 0 0 0 0
0 0 0 0 0 0
0 0 0 0 0 0
0 0 0 0 0 0
0 0 0 0 0 0
mind
29 47 31 5 36 26 9 24 48 33 17 42 1 46 22 3 39 54 0 0 0 0 28 43 9 16 24
maxd
58 94 62 10 72 52 18 48 96 66 34 84 2 92 44 6 78 108 0 0 0 0 56 86 18 32 48
e
0  124 316 370 301 372 278 51 11 413 0 114 290 302 137 268 348 102 469 243 255 78 121 128 220 59 0
l
600  244 436 490 421 492 398 171 131 533 120 234 410 422 257 388 468 222 589 363 375 198 241 248 340 179 1000
