nbNodes
27
nbVehi
5
nbServi
6
r
1 1 1 1 1 1
0 0 0 0 0 1
0 0 0 0 1 0
0 0 1 0 0 0
0 0 1 0 0 0
1 0 0 0 0 0
0 0 0 0 0 1
0 0 0 0 1 0
0 0 0 0 0 1
0 0 1 0 0 0
0 0 0 1 0 0
0 0 0 0 0 1
0 0 0 1 0 0
0 1 0 0 0 0
1 0 0 0 0 0
0 0 1 0 0 0
0 0 0 0 1 0
1 0 0 0 0 0
0 0 0 0 1 1
0 0 0 1 0 1
0 0 0 0 1 1
0 0 0 0 1 1
1 0 0 1 0 0
0 0 1 0 1 0
0 0 1 0 1 0
0 1 0 0 1 0
1 1 1 1 1 1
DS
26 25 24 23 22 21 20 19
a
1  0  0  0  0  0
0  1  1  0  0  0
0  0  0  0  0  1
0  0  0  1  1  1
0  0  0  1  1  1
x
87 74 6 54 22 31 47 28 78 17 8 8 61 80 15 89 57 7 46 69 84 70 41 52 53 0 87
y
25 5 12 37 3 12 9 0 47 31 49 1 7 26 48 15 33 47 44 18 49 36 8 30 5 0 25
d
0.0 23.853722 82.036575 35.1141 68.622154 57.48913 43.081318 64.07808 23.769728 70.256676 82.565125 82.565125 31.622776 7.071068 75.58439 10.198039 31.04835 82.96987 45.188496 19.313208 24.186773 20.248457 49.0408 35.35534 39.446167 90.52071 0.0
23.853722 0.0 68.359344 37.735924 52.03845 43.56604 27.294687 46.270943 42.190044 62.649822 79.32213 66.1211 13.152946 21.84033 73.00685 18.027756 32.75668 79.07591 48.010414 13.928389 45.122055 31.257 33.13608 33.30165 21.0 74.168724 23.853722
82.036575 68.359344 0.0 54.120235 18.35756 25.0 41.109608 25.059929 80.05623 21.954498 37.054016 11.18034 55.226807 75.31268 37.107952 83.0542 55.154327 35.014282 51.224995 63.28507 86.33076 68.35203 35.22783 49.396355 47.518417 13.416408 82.036575
35.1141 37.735924 54.120235 0.0 46.69047 33.970577 28.86174 45.221676 26.0 37.48333 47.539455 58.412327 30.805843 28.231188 40.5216 41.340054 5.0 48.052055 10.630146 24.207438 32.31099 16.03122 31.780497 7.28011 32.01562 65.459915 35.1141
68.622154 52.03845 18.35756 46.69047 0.0 12.727922 25.70992 6.708204 71.21797 28.442924 48.08326 14.142136 39.20459 62.39391 45.54119 68.06615 46.09772 46.486557 47.507893 49.335587 77.201035 58.249462 19.646883 40.36087 31.06445 22.203604 68.622154
57.48913 43.56604 25.0 33.970577 12.727922 0.0 16.27882 12.369317 58.60034 23.600847 43.56604 25.495098 30.413813 50.96077 39.39543 58.077534 33.42155 42.43819 35.341194 38.470768 64.63745 45.79301 10.770329 27.658634 23.086792 33.24154 57.48913
43.081318 27.294687 41.109608 28.86174 25.70992 16.27882 0.0 21.023796 49.0408 37.202152 55.86591 39.812057 14.142136 37.12142 50.447994 42.426407 26.0 55.17246 35.014282 23.769728 54.48853 35.468296 6.0827627 21.587032 7.2111025 47.853943 43.081318
64.07808 46.270943 25.059929 45.221676 6.708204 12.369317 21.023796 0.0 68.622154 32.89377 52.924473 20.024984 33.734257 58.137768 49.729267 62.817196 43.931767 51.47815 47.539455 44.777225 74.41102 55.31727 15.264338 38.418747 25.495098 28.0 64.07808
23.769728 42.190044 80.05623 26.0 71.21797 58.60034 49.0408 68.622154 0.0 63.06346 70.028564 83.761566 43.462627 21.095022 63.007935 33.83785 25.23886 71.0 32.140316 30.364452 6.3245554 13.601471 53.75872 31.06445 48.8774 91.06591 23.769728
70.256676 62.649822 21.954498 37.48333 28.442924 23.600847 37.202152 32.89377 63.06346 0.0 20.12461 31.320919 50.119858 63.1981 17.117243 73.756355 40.04997 18.867962 31.780497 53.600372 69.375786 53.235325 33.24154 35.014282 44.407207 35.35534 70.256676
82.565125 79.32213 37.054016 47.539455 48.08326 43.56604 55.86591 52.924473 70.028564 20.12461 0.0 48.0 67.62396 75.58439 7.071068 87.84646 51.546097 2.236068 38.327538 68.42514 76.0 63.348244 52.63079 47.92703 62.936478 49.648766 82.565125
82.565125 66.1211 11.18034 58.412327 14.142136 25.495098 39.812057 20.024984 83.761566 31.320919 48.0 0.0 53.338543 76.2168 47.518417 82.20097 58.5235 46.010868 57.384666 63.324562 89.88882 71.19691 33.734257 52.69725 45.17743 8.062258 82.565125
31.622776 13.152946 55.226807 30.805843 39.20459 30.413813 14.142136 33.734257 43.462627 50.119858 67.62396 53.338543 0.0 26.870058 61.6198 29.12044 26.305893 67.20119 39.92493 13.601471 47.88528 30.364452 20.024984 24.698177 8.246211 61.400326 31.622776
7.071068 21.84033 75.31268 28.231188 62.39391 50.96077 37.12142 58.137768 21.095022 63.1981 75.58439 76.2168 26.870058 0.0 68.622154 14.21267 24.04163 75.96052 38.470768 13.601471 23.345236 14.142136 42.953465 28.284271 34.20526 84.118965 7.071068
75.58439 73.00685 37.107952 40.5216 45.54119 39.39543 50.447994 49.729267 63.007935 17.117243 7.071068 47.518417 61.6198 68.622154 0.0 81.02469 44.598206 8.062258 31.257 61.77378 69.00725 56.293873 47.707443 41.14608 57.384666 50.289165 75.58439
10.198039 18.027756 83.0542 41.340054 68.06615 58.077534 42.426407 62.817196 33.83785 73.756355 87.84646 82.20097 29.12044 14.21267 81.02469 0.0 36.71512 88.02273 51.86521 20.22375 34.36568 28.319605 48.507732 39.92493 37.363083 90.255196 10.198039
31.04835 32.75668 55.154327 5.0 46.09772 33.42155 26.0 43.931767 25.23886 40.04997 51.546097 58.5235 26.305893 24.04163 44.598206 36.71512 0.0 51.92302 15.556349 19.209373 31.38471 13.341664 29.681644 5.8309517 28.284271 65.863495 31.04835
82.96987 79.07591 35.014282 48.052055 46.486557 42.43819 55.17246 51.47815 71.0 18.867962 2.236068 46.010868 67.20119 75.96052 8.062258 88.02273 51.92302 0.0 39.115215 68.44706 77.02597 63.953106 51.739735 48.104053 62.289646 47.518417 82.96987
45.188496 48.010414 51.224995 10.630146 47.507893 35.341194 35.014282 47.539455 32.140316 31.780497 38.327538 57.384666 39.92493 38.470768 31.257 51.86521 15.556349 39.115215 0.0 34.713108 38.327538 25.298222 36.345562 15.231546 39.623226 63.655323 45.188496
19.313208 13.928389 63.28507 24.207438 49.335587 38.470768 23.769728 44.777225 30.364452 53.600372 68.42514 63.324562 13.601471 13.601471 61.77378 20.22375 19.209373 68.44706 34.713108 0.0 34.43835 18.027756 29.732138 20.808653 20.615528 71.30919 19.313208
24.186773 45.122055 86.33076 32.31099 77.201035 64.63745 54.48853 74.41102 6.3245554 69.375786 76.0 89.88882 47.88528 23.345236 69.00725 34.36568 31.38471 77.02597 38.327538 34.43835 0.0 19.104973 59.413803 37.215588 53.823788 97.24711 24.186773
20.248457 31.257 68.35203 16.03122 58.249462 45.79301 35.468296 55.31727 13.601471 53.235325 63.348244 71.19691 30.364452 14.142136 56.293873 28.319605 13.341664 63.953106 25.298222 18.027756 19.104973 0.0 40.311287 18.973665 35.35534 78.714676 20.248457
49.0408 33.13608 35.22783 31.780497 19.646883 10.770329 6.0827627 15.264338 53.75872 33.24154 52.63079 33.734257 20.024984 42.953465 47.707443 48.507732 29.681644 51.739735 36.345562 29.732138 59.413803 40.311287 0.0 24.596748 12.369317 41.773197 49.0408
35.35534 33.30165 49.396355 7.28011 40.36087 27.658634 21.587032 38.418747 31.06445 35.014282 47.92703 52.69725 24.698177 28.284271 41.14608 39.92493 5.8309517 48.104053 15.231546 20.808653 37.215588 18.973665 24.596748 0.0 25.019993 60.033325 35.35534
39.446167 21.0 47.518417 32.01562 31.06445 23.086792 7.2111025 25.495098 48.8774 44.407207 62.936478 45.17743 8.246211 34.20526 57.384666 37.363083 28.284271 62.289646 39.623226 20.615528 53.823788 35.35534 12.369317 25.019993 0.0 53.235325 39.446167
90.52071 74.168724 13.416408 65.459915 22.203604 33.24154 47.853943 28.0 91.06591 35.35534 49.648766 8.062258 61.400326 84.118965 50.289165 90.255196 65.863495 47.518417 63.655323 71.30919 97.24711 78.714676 41.773197 60.033325 53.235325 0.0 90.52071
0.0 23.853722 82.036575 35.1141 68.622154 57.48913 43.081318 64.07808 23.769728 70.256676 82.565125 82.565125 31.622776 7.071068 75.58439 10.198039 31.04835 82.96987 45.188496 19.313208 24.186773 20.248457 49.0408 35.35534 39.446167 90.52071 0.0
p
0 0 0 0 0 0
0 0 0 0 0 0
0 0 0 0 0 0
0 0 0 0 0 0
0 0 0 0 0 0
10.0 10.0 10.0 10.0 10.0 10.0
10.0 10.0 10.0 10.0 10.0 10.0
10.0 10.0 10.0 10.0 10.0 10.0
10.0 10.0 10.0 10.0 10.0 10.0
10.0 10.0 10.0 10.0 10.0 10.0
10.0 10.0 10.0 10.0 10.0 10.0
10.0 10.0 10.0 10.0 10.0 10.0
10.0 10.0 10.0 10.0 10.0 10.0
10.0 10.0 10.0 10.0 10.0 10.0
10.0 10.0 10.0 10.0 10.0 10.0
10.0 10.0 10.0 10.0 10.0 10.0
10.0 10.0 10.0 10.0 10.0 10.0
10.0 10.0 10.0 10.0 10.0 10.0
10.0 10.0 10.0 10.0 10.0 10.0
10.0 10.0 10.0 10.0 10.0 10.0
10.0 10.0 10.0 10.0 10.0 10.0
10.0 10.0 10.0 10.0 10.0 10.0
10.0 10.0 10.0 10.0 10.0 10.0
10.0 10.0 10.0 10.0 10.0 10.0
10.0 10.0 10.0 10.0 10.0 10.0
10.0 10.0 10.0 10.0 10.0 10.0
10.0 10.0 10.0 10.0 10.0 10.0
10.0 10.0 10.0 10.0 10.0 10.0
10.0 10.0 10.0 10.0 10.0 10.0
10.0 10.0 10.0 10.0 10.0 10.0
10.0 10.0 10.0 10.0 10.0 10.0
10.0 10.0 10.0 10.0 10.0 10.0
10.0 10.0 10.0 10.0 10.0 10.0
10.0 10.0 10.0 10.0 10.0 10.0
10.0 10.0 10.0 10.0 10.0 10.0
10.0 10.0 10.0 10.0 10.0 10.0
10.0 10.0 10.0 10.0 10.0 10.0
10.0 10.0 10.0 10.0 10.0 10.0
10.0 10.0 10.0 10.0 10.0 10.0
10.0 10.0 10.0 10.0 10.0 10.0
10.0 10.0 10.0 10.0 10.0 10.0
10.0 10.0 10.0 10.0 10.0 10.0
10.0 10.0 10.0 10.0 10.0 10.0
10.0 10.0 10.0 10.0 10.0 10.0
10.0 10.0 10.0 10.0 10.0 10.0
10.0 10.0 10.0 10.0 10.0 10.0
10.0 10.0 10.0 10.0 10.0 10.0
10.0 10.0 10.0 10.0 10.0 10.0
10.0 10.0 10.0 10.0 10.0 10.0
10.0 10.0 10.0 10.0 10.0 10.0
10.0 10.0 10.0 10.0 10.0 10.0
10.0 10.0 10.0 10.0 10.0 10.0
10.0 10.0 10.0 10.0 10.0 10.0
10.0 10.0 10.0 10.0 10.0 10.0
10.0 10.0 10.0 10.0 10.0 10.0
10.0 10.0 10.0 10.0 10.0 10.0
10.0 10.0 10.0 10.0 10.0 10.0
10.0 10.0 10.0 10.0 10.0 10.0
10.0 10.0 10.0 10.0 10.0 10.0
10.0 10.0 10.0 10.0 10.0 10.0
10.0 10.0 10.0 10.0 10.0 10.0
10.0 10.0 10.0 10.0 10.0 10.0
10.0 10.0 10.0 10.0 10.0 10.0
10.0 10.0 10.0 10.0 10.0 10.0
10.0 10.0 10.0 10.0 10.0 10.0
10.0 10.0 10.0 10.0 10.0 10.0
10.0 10.0 10.0 10.0 10.0 10.0
10.0 10.0 10.0 10.0 10.0 10.0
10.0 10.0 10.0 10.0 10.0 10.0
10.0 10.0 10.0 10.0 10.0 10.0
10.0 10.0 10.0 10.0 10.0 10.0
10.0 10.0 10.0 10.0 10.0 10.0
10.0 10.0 10.0 10.0 10.0 10.0
10.0 10.0 10.0 10.0 10.0 10.0
10.0 10.0 10.0 10.0 10.0 10.0
10.0 10.0 10.0 10.0 10.0 10.0
10.0 10.0 10.0 10.0 10.0 10.0
10.0 10.0 10.0 10.0 10.0 10.0
10.0 10.0 10.0 10.0 10.0 10.0
10.0 10.0 10.0 10.0 10.0 10.0
10.0 10.0 10.0 10.0 10.0 10.0
10.0 10.0 10.0 10.0 10.0 10.0
10.0 10.0 10.0 10.0 10.0 10.0
10.0 10.0 10.0 10.0 10.0 10.0
10.0 10.0 10.0 10.0 10.0 10.0
10.0 10.0 10.0 10.0 10.0 10.0
10.0 10.0 10.0 10.0 10.0 10.0
10.0 10.0 10.0 10.0 10.0 10.0
10.0 10.0 10.0 10.0 10.0 10.0
10.0 10.0 10.0 10.0 10.0 10.0
10.0 10.0 10.0 10.0 10.0 10.0
10.0 10.0 10.0 10.0 10.0 10.0
10.0 10.0 10.0 10.0 10.0 10.0
10.0 10.0 10.0 10.0 10.0 10.0
10.0 10.0 10.0 10.0 10.0 10.0
10.0 10.0 10.0 10.0 10.0 10.0
10.0 10.0 10.0 10.0 10.0 10.0
10.0 10.0 10.0 10.0 10.0 10.0
10.0 10.0 10.0 10.0 10.0 10.0
10.0 10.0 10.0 10.0 10.0 10.0
10.0 10.0 10.0 10.0 10.0 10.0
10.0 10.0 10.0 10.0 10.0 10.0
10.0 10.0 10.0 10.0 10.0 10.0
10.0 10.0 10.0 10.0 10.0 10.0
10.0 10.0 10.0 10.0 10.0 10.0
10.0 10.0 10.0 10.0 10.0 10.0
10.0 10.0 10.0 10.0 10.0 10.0
10.0 10.0 10.0 10.0 10.0 10.0
10.0 10.0 10.0 10.0 10.0 10.0
10.0 10.0 10.0 10.0 10.0 10.0
10.0 10.0 10.0 10.0 10.0 10.0
10.0 10.0 10.0 10.0 10.0 10.0
10.0 10.0 10.0 10.0 10.0 10.0
10.0 10.0 10.0 10.0 10.0 10.0
10.0 10.0 10.0 10.0 10.0 10.0
10.0 10.0 10.0 10.0 10.0 10.0
10.0 10.0 10.0 10.0 10.0 10.0
10.0 10.0 10.0 10.0 10.0 10.0
10.0 10.0 10.0 10.0 10.0 10.0
10.0 10.0 10.0 10.0 10.0 10.0
10.0 10.0 10.0 10.0 10.0 10.0
10.0 10.0 10.0 10.0 10.0 10.0
10.0 10.0 10.0 10.0 10.0 10.0
10.0 10.0 10.0 10.0 10.0 10.0
10.0 10.0 10.0 10.0 10.0 10.0
10.0 10.0 10.0 10.0 10.0 10.0
10.0 10.0 10.0 10.0 10.0 10.0
10.0 10.0 10.0 10.0 10.0 10.0
10.0 10.0 10.0 10.0 10.0 10.0
10.0 10.0 10.0 10.0 10.0 10.0
0 0 0 0 0 0
0 0 0 0 0 0
0 0 0 0 0 0
0 0 0 0 0 0
0 0 0 0 0 0
mind
31 38 8 1 13 44 17 46 33 14 33 18 47 50 34 50 53 44 0 0 0 0 45 11 45 5 40
maxd
62 76 16 2 26 88 34 92 66 28 66 36 94 100 68 100 106 88 0 0 0 0 90 22 90 10 80
e
0  287 172 194 464 426 5 334 131 122 201 71 183 427 0 68 10 138 295 257 177 228 125 168 476 361 0
l
600  407 292 314 584 546 125 454 251 242 321 191 303 547 120 188 130 258 415 377 297 348 245 288 596 481 1000
