nbNodes
12
nbVehi
3
nbServi
6
r
1 1 1 1 1 1
0 0 0 1 0 0
1 0 0 0 0 0
0 0 0 1 0 0
1 0 0 0 0 0
0 0 0 0 1 0
0 0 0 0 1 0
0 1 0 0 0 0
0 0 0 1 1 0
0 1 0 0 1 0
0 0 1 1 0 0
1 1 1 1 1 1
DS
11 10 9
a
1  1  1  0  0  0
0  0  0  0  1  0
0  0  0  1  0  1
x
13 93 46 97 81 23 91 95 86 73 0 13
y
43 9 45 8 35 49 24 20 8 0 0 43
d
0.0 86.925255 33.06055 91.0 68.46897 11.661903 80.280754 85.16454 80.95678 73.817345 44.922153 0.0
86.925255 0.0 59.20304 4.1231055 28.635643 80.622574 15.132746 11.18034 7.071068 21.931713 93.43447 86.925255
33.06055 59.20304 0.0 63.007935 36.40055 23.345236 49.658836 55.00909 54.48853 52.478565 64.3506 33.06055
91.0 4.1231055 63.007935 0.0 31.38471 84.59905 17.088007 12.165525 11.0 25.298222 97.32934 91.0
68.46897 28.635643 36.40055 31.38471 0.0 59.665737 14.866069 20.518284 27.45906 35.902645 88.23831 68.46897
11.661903 80.622574 23.345236 84.59905 59.665737 0.0 72.44998 77.62087 75.16648 70.00714 54.129475 11.661903
80.280754 15.132746 49.658836 17.088007 14.866069 72.44998 0.0 5.656854 16.763054 30.0 94.11163 80.280754
85.16454 11.18034 55.00909 12.165525 20.518284 77.62087 5.656854 0.0 15.0 29.732138 97.082436 85.16454
80.95678 7.071068 54.48853 11.0 27.45906 75.16648 16.763054 15.0 0.0 15.264338 86.37129 80.95678
73.817345 21.931713 52.478565 25.298222 35.902645 70.00714 30.0 29.732138 15.264338 0.0 73.0 73.817345
44.922153 93.43447 64.3506 97.32934 88.23831 54.129475 94.11163 97.082436 86.37129 73.0 0.0 44.922153
0.0 86.925255 33.06055 91.0 68.46897 11.661903 80.280754 85.16454 80.95678 73.817345 44.922153 0.0
p
0 0 0 0 0 0
0 0 0 0 0 0
0 0 0 0 0 0
15.0 15.0 15.0 15.0 15.0 15.0
15.0 15.0 15.0 15.0 15.0 15.0
15.0 15.0 15.0 15.0 15.0 15.0
15.0 15.0 15.0 15.0 15.0 15.0
15.0 15.0 15.0 15.0 15.0 15.0
15.0 15.0 15.0 15.0 15.0 15.0
15.0 15.0 15.0 15.0 15.0 15.0
15.0 15.0 15.0 15.0 15.0 15.0
15.0 15.0 15.0 15.0 15.0 15.0
15.0 15.0 15.0 15.0 15.0 15.0
15.0 15.0 15.0 15.0 15.0 15.0
15.0 15.0 15.0 15.0 15.0 15.0
15.0 15.0 15.0 15.0 15.0 15.0
15.0 15.0 15.0 15.0 15.0 15.0
15.0 15.0 15.0 15.0 15.0 15.0
15.0 15.0 15.0 15.0 15.0 15.0
15.0 15.0 15.0 15.0 15.0 15.0
15.0 15.0 15.0 15.0 15.0 15.0
15.0 15.0 15.0 15.0 15.0 15.0
15.0 15.0 15.0 15.0 15.0 15.0
15.0 15.0 15.0 15.0 15.0 15.0
15.0 15.0 15.0 15.0 15.0 15.0
15.0 15.0 15.0 15.0 15.0 15.0
15.0 15.0 15.0 15.0 15.0 15.0
15.0 15.0 15.0 15.0 15.0 15.0
15.0 15.0 15.0 15.0 15.0 15.0
15.0 15.0 15.0 15.0 15.0 15.0
15.0 15.0 15.0 15.0 15.0 15.0
15.0 15.0 15.0 15.0 15.0 15.0
15.0 15.0 15.0 15.0 15.0 15.0
0 0 0 0 0 0
0 0 0 0 0 0
0 0 0 0 0 0
mind
51 41 16 23 22 38 15 39 0 57 0 49
maxd
102 82 32 46 44 76 30 78 0 114 0 98
e
0  393 60 93 90 46 256 37 208 261 454 0
l
600  513 180 213 210 166 376 157 328 381 574 1000
