nbNodes
102
nbVehi
20
nbServi
6
r
1 1 1 1 1 1 
0 0 0 0 1 0 
1 0 0 0 0 0 
0 0 1 0 0 0 
0 1 0 0 0 0 
0 0 0 1 0 0 
1 0 0 0 0 0 
1 0 0 0 0 0 
0 0 0 1 0 0 
0 1 0 0 0 0 
1 0 0 0 0 0 
0 0 1 0 0 0 
0 0 1 0 0 0 
0 0 0 0 1 0 
1 0 0 0 0 0 
0 0 1 0 0 0 
0 0 1 0 0 0 
0 1 0 0 0 0 
0 0 0 1 0 0 
0 0 1 0 0 0 
0 0 0 0 0 1 
1 0 0 0 0 0 
0 0 0 1 0 0 
0 0 0 0 0 1 
0 0 0 0 1 0 
0 0 0 0 1 0 
1 0 0 0 0 0 
0 0 0 0 1 0 
0 0 0 0 0 1 
0 0 0 1 0 0 
0 0 0 0 1 0 
0 1 0 0 0 0 
1 0 0 0 0 0 
0 1 0 0 0 0 
0 0 1 0 0 0 
0 0 0 0 1 0 
0 0 1 0 0 0 
0 0 0 1 0 0 
0 1 0 0 0 0 
0 1 0 0 0 0 
0 0 1 0 0 0 
0 0 1 0 0 0 
0 1 0 0 0 0 
0 0 1 0 0 0 
0 1 0 0 0 0 
1 0 0 0 0 0 
1 0 0 0 0 0 
0 0 0 0 1 0 
0 0 0 1 0 0 
0 0 0 0 1 0 
0 0 0 0 0 1 
0 0 0 0 0 1 
0 0 0 0 1 0 
0 0 0 0 1 0 
0 1 0 0 0 0 
0 0 0 0 0 1 
0 1 0 0 0 0 
1 0 0 0 0 0 
0 0 0 0 1 0 
0 0 1 0 0 0 
0 0 0 0 0 1 
0 0 1 0 0 0 
0 0 0 0 1 0 
0 0 0 0 1 0 
0 0 0 1 0 0 
0 0 1 0 0 0 
0 0 1 0 0 0 
1 0 0 0 0 0 
0 0 0 0 1 0 
0 0 0 0 1 0 
0 0 0 0 0 1 
0 0 0 0 1 1 
0 0 0 1 1 0 
0 0 0 1 0 1 
0 0 0 1 1 0 
0 0 0 1 1 0 
0 0 0 1 1 0 
0 0 0 1 1 0 
0 0 0 1 1 0 
0 0 0 1 1 0 
0 0 0 1 1 0 
0 0 0 1 0 1 
0 0 0 1 1 0 
0 0 0 0 1 1 
0 0 0 0 1 1 
0 0 0 1 0 1 
1 0 0 1 0 0 
0 1 0 0 1 0 
0 0 1 0 0 1 
0 1 0 0 0 1 
0 1 0 1 0 0 
1 0 0 1 0 0 
0 1 0 0 1 0 
0 0 1 0 1 0 
0 0 1 1 0 0 
0 1 0 0 1 0 
0 1 0 0 0 1 
0 0 1 0 1 0 
0 1 0 1 0 0 
0 1 0 0 1 0 
0 1 0 0 1 0 
1 1 1 1 1 1 
DS
72 73 74 75 76 77 78 79 80 81 82 83 84 85 86 87 88 89 90 91 92 93 94 95 96 97 98 99 100 101 
a
1 0 0 0 0 0 
0 1 1 0 0 0 
1 1 1 0 0 0 
0 1 0 0 0 0 
0 0 1 0 0 0 
1 0 1 0 0 0 
1 1 0 0 0 0 
0 0 0 1 1 1 
0 0 0 1 1 1 
0 0 0 1 1 1 
0 0 0 1 1 0 
0 0 0 1 0 1 
0 0 0 0 1 1 
0 0 0 0 1 1 
0 0 0 0 1 1 
0 0 0 1 1 1 
0 0 0 1 1 0 
0 0 0 1 0 1 
0 0 0 1 1 1 
0 0 0 1 0 1 
x
8 40 89 6 47 94 34 14 67 30 78 99 56 62 53 79 7 30 97 67 2 58 42 34 36 59 98 99 58 70 14 94 34 38 94 91 35 33 8 5 31 72 46 8 35 86 3 43 70 96 9 22 18 24 57 56 45 28 57 17 0 63 24 9 7 81 97 35 99 1 24 38 53 85 75 71 45 70 86 52 68 63 27 14 93 38 2 4 77 14 1 65 6 9 80 29 15 47 30 36 0 8 
y
1 29 41 16 9 35 15 15 31 49 25 2 16 31 32 17 9 44 28 17 22 2 7 10 0 8 24 36 22 17 25 3 45 24 1 1 29 30 36 8 25 0 39 16 35 0 43 49 9 1 27 13 46 16 41 14 0 36 29 13 4 40 27 29 31 27 41 38 24 9 1 46 35 9 2 39 6 48 40 25 40 14 30 0 47 10 35 36 44 26 37 49 18 32 49 2 17 40 20 8 0 1 
d
0.00000 42.52058 90.33825 15.13275 39.81206 92.47702 29.52965 15.23155 66.18912 52.80152 74.00000 91.00549 50.28916 61.77378 54.64430 72.78049 8.06226 48.30114 93.00538 61.13101 21.84033 50.01000 34.52535 27.51363 28.01785 51.47815 92.89241 97.49872 54.23099 64.03124 24.73863 86.02325 51.10773 37.80212 86.00000 83.00000 38.89730 38.28838 35.00000 7.61577 33.24154 64.00781 53.74012 15.00000 43.41659 78.00641 42.29657 59.40539 62.51400 88.00000 26.01922 18.43909 46.09772 21.93171 63.25346 49.72927 37.01351 40.31129 56.43580 15.00000 8.54400 67.42403 30.52868 28.01785 30.01666 77.49194 97.57561 45.80393 93.86160 10.63015 16.00000 54.08327 56.40035 77.41447 67.00746 73.57309 37.33631 77.80103 87.20665 50.11986 71.56116 56.51548 34.66987 6.08276 96.64885 31.32092 34.52535 35.22783 81.30191 25.70992 36.67424 74.51845 17.11724 31.01612 86.53323 21.02380 17.46425 55.15433 29.06888 28.86174 8.06226 0.00000 
42.52058 0.00000 50.44799 36.40055 21.18962 54.33231 15.23155 29.52965 27.07397 22.36068 38.20995 64.88451 20.61553 22.09072 13.34166 40.80441 38.58756 18.02776 57.00877 29.54657 38.63936 32.44996 22.09072 19.92486 29.27456 28.31960 58.21512 59.41380 19.31321 32.31099 26.30589 59.93330 17.08801 5.38516 60.82763 58.18075 5.00000 7.07107 32.75668 40.81666 9.84886 43.18565 11.66190 34.53983 7.81025 54.37830 39.56008 20.22375 36.05551 62.60990 31.06445 24.08319 27.80288 20.61553 20.80865 21.93171 29.42788 13.89244 17.00000 28.01785 47.16991 25.49510 16.12452 31.00000 33.06055 41.04875 58.24946 10.29563 59.21149 43.82921 32.24903 17.11724 14.31782 49.24429 44.20407 32.57299 23.53720 35.51056 47.29693 12.64911 30.08322 27.45906 13.03840 38.94868 55.97321 19.10497 38.47077 36.67424 39.92493 26.17250 39.81206 32.01562 35.73514 31.14482 44.72136 29.15476 27.73085 13.03840 13.45362 21.37756 49.40648 42.52058 
90.33825 50.44799 0.00000 86.68333 52.80152 7.81025 60.83584 79.37884 24.16609 59.53990 19.41649 40.26164 41.40048 28.79236 37.10795 26.00000 88.02272 59.07622 15.26434 32.55764 89.05055 49.81967 58.00862 63.13478 67.00746 44.59821 19.23538 11.18034 36.35932 30.61046 76.68768 38.32754 55.14526 53.75872 40.31129 40.04997 55.31727 57.07013 81.15417 90.24965 60.16644 44.38468 43.04649 84.77028 54.33231 41.10961 86.02325 46.69047 37.21559 40.60788 81.21576 72.61543 71.17584 69.64194 32.00000 42.63801 60.14150 61.20457 34.17601 77.25283 96.38465 26.01922 66.49060 80.89499 82.60751 16.12452 8.00000 54.08327 19.72308 93.63760 76.32169 51.24451 36.49658 32.24903 41.43670 18.11077 56.22277 20.24846 3.16228 40.31129 21.02380 37.48333 62.96825 85.47514 7.21110 59.68249 87.20665 85.14693 12.36932 76.48529 88.09086 25.29822 86.12781 80.50466 12.04159 71.56116 77.79460 42.01190 62.62587 62.43397 97.98980 90.33825 
15.13275 36.40055 86.68333 0.00000 41.59327 90.02777 28.01785 8.06226 62.81720 40.80441 72.56032 94.04786 50.00000 57.97413 49.64877 73.00685 7.07107 36.87818 91.78780 61.00820 7.21110 53.85165 37.10795 28.63564 34.00000 53.60037 92.34717 95.12623 52.34501 64.00781 12.04159 88.95504 40.31129 32.98485 89.26926 86.31338 31.78050 30.41381 20.09975 8.06226 26.57066 67.91171 46.14109 2.00000 34.66987 81.58431 27.16616 49.57822 64.38167 91.24144 11.40175 16.27882 32.31099 18.00000 56.79789 50.03998 42.15448 29.73214 52.63079 11.40175 13.41641 61.84658 21.09502 13.34166 15.03330 75.80237 94.37161 36.40055 93.34345 8.60233 23.43075 43.86342 50.69517 79.30952 70.40597 68.94926 40.26164 71.55418 83.52245 46.87217 66.48308 57.03508 25.23886 17.88854 92.35800 32.55764 19.41649 20.09975 76.32169 12.80625 21.58703 67.60178 2.00000 16.27882 81.02469 26.92582 9.05539 47.50789 24.33105 31.04835 17.08801 15.13275 
39.81206 21.18962 52.80152 41.59327 0.00000 53.71220 14.31782 33.54102 29.73214 43.46263 34.88553 52.46904 11.40175 26.62705 23.76973 32.98485 40.00000 38.91015 53.48832 21.54066 46.84015 13.03840 5.38516 13.03840 14.21267 12.04159 53.16014 58.59181 17.02939 24.35159 36.67424 47.38143 38.27532 17.49286 47.67599 44.72136 23.32381 25.23886 47.43416 42.01190 22.62742 26.57066 30.01666 39.62323 28.63564 40.02499 55.60576 40.19950 23.00000 49.64877 42.04759 25.31798 47.01064 24.04163 33.52611 10.29563 9.21954 33.01515 22.36068 30.26549 47.26521 34.88553 29.20616 42.94182 45.65085 38.47077 59.36329 31.38471 54.12024 46.00000 24.35159 38.07887 26.68333 38.00000 28.86174 38.41875 3.60555 45.27693 49.81967 16.76305 37.44329 16.76305 29.00000 34.20526 59.66574 9.05539 51.97115 50.77401 46.09772 37.12142 53.85165 43.86342 41.97618 44.41846 51.85557 19.31321 32.98485 31.00000 20.24846 11.04536 47.85394 39.81206 
92.47702 54.33231 7.81025 90.02777 53.71220 0.00000 63.24555 82.46211 27.29469 65.51336 18.86796 33.37664 42.48529 32.24903 41.10961 23.43075 90.80198 64.62971 7.61577 32.44996 92.91394 48.83646 59.05929 65.00000 67.74216 44.20407 11.70470 5.09902 38.27532 30.00000 80.62258 32.00000 60.82763 57.07013 34.00000 34.13210 59.30430 61.20457 86.00581 93.00538 63.78871 41.34005 48.16638 88.07383 59.00000 35.90265 91.35097 52.88667 35.38361 34.05877 85.37564 75.28612 76.79193 72.53275 37.48333 43.41659 60.21628 66.00758 37.48333 80.08121 98.97980 31.40064 70.45566 85.21150 87.09191 15.26434 6.70820 59.07622 12.08305 96.56604 77.82031 57.07013 41.00000 27.51363 38.07887 23.34524 56.93856 27.29469 9.43398 43.17407 26.47640 37.44329 67.18631 87.32125 12.04159 61.32699 92.00000 90.00556 19.23538 80.50466 93.02150 32.20248 89.62700 85.05292 19.79899 72.89719 81.02469 47.26521 65.73431 63.97656 100.30454 92.47702 
29.52965 15.23155 60.83584 28.01785 14.31782 63.24555 0.00000 20.00000 36.67424 34.23449 45.12206 66.28725 22.02272 32.24903 25.49510 45.04442 27.65863 29.27456 64.32729 33.06055 32.75668 27.29469 11.31371 5.00000 15.13275 25.96151 64.62971 68.30813 25.00000 36.05551 22.36068 61.18823 30.00000 9.84886 61.61169 58.69412 14.03567 15.03330 33.42155 29.83287 10.44031 40.85340 26.83282 26.01922 20.02498 54.12024 41.77320 35.17101 36.49658 63.56099 27.73085 12.16553 34.88553 10.04988 34.71311 22.02272 18.60108 21.84033 26.92582 17.11724 35.73514 38.28838 15.62050 28.65310 31.38471 48.50773 68.15424 23.02173 65.62012 33.54102 17.20465 31.25700 27.58623 51.35173 43.01163 44.10215 14.21267 48.83646 57.69749 20.59126 42.20190 29.01724 16.55295 25.00000 67.11930 6.40312 37.73592 36.61967 51.86521 22.82542 39.66106 46.01087 28.16026 30.23243 57.20140 13.92839 19.10497 28.17801 6.40312 7.28011 37.16181 29.52965 
15.23155 29.52965 79.37884 8.06226 33.54102 82.46211 20.00000 0.00000 55.36244 37.57659 64.77654 85.98837 42.01190 50.59644 42.54409 65.03076 9.21954 33.12099 84.01190 53.03772 13.89244 45.88028 29.12044 20.61553 26.62705 45.54119 84.48077 87.55570 44.55334 56.03570 10.00000 80.89499 36.05551 25.63201 81.21576 78.26238 25.23886 24.20744 21.84033 11.40175 19.72308 59.90826 40.00000 6.08276 29.00000 73.54590 30.08322 44.68781 56.32051 83.18654 13.00000 8.24621 31.25700 10.04988 50.24938 42.01190 34.43835 25.23886 45.22168 3.60555 17.80449 55.00909 15.62050 14.86607 17.46425 68.06614 86.97701 31.14482 85.47514 14.31782 17.20465 39.20459 43.82921 71.25307 62.36986 61.84658 32.28002 65.00000 76.21680 39.29377 59.50630 49.01020 19.84943 15.00000 85.23497 24.51530 23.32381 23.25941 69.35416 11.00000 25.55386 61.29437 8.54400 17.72005 74.24284 19.84943 2.23607 41.40048 16.76305 23.08679 20.51828 15.23155 
66.18912 27.07397 24.16609 62.81720 29.73214 27.29469 36.67424 55.36244 0.00000 41.14608 12.52996 43.18565 18.60108 5.00000 14.03567 18.43909 63.90618 39.21734 30.14963 14.00000 65.62012 30.36445 34.65545 39.11521 43.84062 24.35159 31.78050 32.38827 12.72792 14.31782 53.33854 38.89730 35.84690 29.83287 40.36087 38.41875 32.06244 34.01470 59.21149 66.12866 36.49658 31.40064 22.47221 60.87693 32.24903 36.35932 65.11528 30.00000 22.20360 41.72529 58.13777 48.46648 51.24451 45.54119 14.14214 20.24846 38.01316 39.31921 10.19804 53.14132 72.23573 9.84886 43.18565 58.03447 60.00000 14.56022 31.62278 32.75668 32.75668 69.57011 52.43091 32.64966 14.56022 28.42534 30.08322 8.94427 33.30165 17.26268 21.02380 16.15549 9.05539 17.46425 40.01250 61.40033 30.52868 35.80503 65.12296 63.19810 16.40122 53.23533 66.27217 18.11077 62.36986 58.00862 22.20360 47.80167 53.85165 21.93171 38.60052 38.60052 73.82412 66.18912 
52.80152 22.36068 59.53990 40.80441 43.46263 65.51336 34.23449 37.57659 41.14608 0.00000 53.66563 83.48653 42.01190 36.71512 28.60070 58.52350 46.14109 5.00000 70.21396 48.91830 38.89730 54.70832 43.68066 39.20459 49.36598 50.21952 72.44998 70.21396 38.89730 51.22499 28.84441 78.81624 5.65685 26.24881 80.00000 77.62087 20.61553 19.23538 25.55386 48.02083 24.02082 64.53681 18.86796 39.66106 14.86607 74.41102 27.65863 13.00000 56.56854 81.60882 30.41381 36.87818 12.36932 33.54102 28.16026 43.60046 51.24451 13.15295 33.60060 38.27532 54.08327 34.20526 22.80351 29.00000 29.20616 55.54278 67.47592 12.08305 73.38937 49.40648 48.37355 8.54400 26.92582 68.00735 65.06919 42.20190 45.54119 40.01250 56.71860 32.55764 39.05125 48.10405 19.23538 51.54610 63.03174 39.81206 31.30495 29.06888 47.26521 28.01785 31.38471 35.00000 39.20459 27.01851 50.00000 47.01064 35.34119 19.23538 29.00000 41.43670 57.45433 52.80152 
74.00000 38.20995 19.41649 72.56032 34.88553 18.86796 45.12206 64.77654 12.52996 53.66563 0.00000 31.14482 23.76973 17.08801 25.96151 8.06226 72.78049 51.62364 19.23538 13.60147 76.05919 30.47950 40.24922 46.48656 48.87740 25.49510 20.02498 23.70654 20.22375 11.31371 64.00000 27.20294 48.33218 40.01250 28.84441 27.29469 43.18565 45.27693 70.85901 74.95332 47.00000 25.70992 34.92850 70.57620 44.14748 26.24881 77.12976 42.43819 17.88854 30.00000 69.02898 57.27128 63.56886 54.74486 26.40076 24.59675 41.40048 51.19570 21.37756 62.16912 80.77747 21.21320 54.03702 69.11584 71.25307 3.60555 24.83948 44.92215 21.02380 78.64477 59.09315 45.17743 26.92582 17.46425 23.19483 15.65248 38.07887 24.35159 17.00000 26.00000 18.02776 18.60108 51.24451 68.70953 26.62705 42.72002 76.65507 74.81310 19.02630 64.00781 77.92946 27.29469 72.33948 69.35416 24.08319 54.12947 63.50591 34.43835 48.25971 45.31004 81.90849 74.00000 
91.00549 64.88451 40.26164 94.04786 52.46904 33.37664 66.28725 85.98837 43.18565 83.48653 31.14482 0.00000 45.22168 47.01064 54.91812 25.00000 92.26592 80.77747 26.07681 35.34119 99.04040 41.00000 57.21888 65.49046 63.03174 40.44750 22.02272 34.00000 45.61798 32.64966 88.05680 5.09902 77.93587 64.84597 5.09902 8.06226 69.46222 71.69379 97.14422 94.19129 71.78440 27.07397 64.63745 92.07063 72.00694 13.15295 104.38870 73.10951 29.83287 3.16228 93.40771 77.78175 92.17917 76.29548 57.31492 44.64303 54.03702 78.72103 49.92995 82.73452 99.02020 52.34501 79.05694 93.96276 96.46243 30.80584 39.05125 73.43024 22.00000 98.24968 75.00667 75.21303 56.61272 15.65248 24.00000 46.40043 54.14795 54.37830 40.16217 52.32590 49.04080 37.94733 77.25283 85.02353 45.39824 61.52235 102.45975 100.90094 47.41308 88.32327 104.06248 58.00862 94.36631 94.86833 50.69517 70.00000 85.32878 64.40497 71.30919 63.28507 99.02020 91.00549 
50.28916 20.61553 41.40048 50.00000 11.40175 42.48529 22.02272 42.01190 18.60108 42.01190 23.76973 45.22168 0.00000 16.15549 16.27882 23.02173 49.49747 38.20995 42.72002 11.04536 54.33231 14.14214 16.64332 22.80351 25.61250 8.54400 42.75512 47.42362 6.32456 14.03567 42.95346 40.16217 36.40055 19.69772 40.85340 38.07887 24.69818 26.92582 52.00000 51.62364 26.57066 22.62742 25.07987 48.00000 28.31960 34.00000 59.48109 35.46830 15.65248 42.72002 48.27007 34.13210 48.41487 32.00000 25.01999 2.00000 19.41649 34.40930 13.03840 39.11521 57.27128 25.00000 33.83785 48.76474 51.24451 27.31300 48.02083 30.41381 43.73786 55.44367 35.34119 34.98571 19.23538 29.83287 23.60085 27.45906 14.86607 34.92850 38.41875 9.84886 26.83282 7.28011 32.20248 44.94441 48.27007 18.97367 57.24509 55.71355 35.00000 43.17407 58.87274 34.20526 50.03998 49.64877 40.80441 30.41381 41.01219 25.63201 26.30589 21.54066 58.24088 50.28916 
61.77378 22.09072 28.79236 57.97413 26.62705 32.24903 32.24903 50.59644 5.00000 36.71512 17.08801 47.01064 16.15549 0.00000 9.05539 22.02272 59.23681 34.53983 35.12834 14.86607 60.67125 29.27456 31.24100 35.00000 40.45986 23.19483 36.67424 37.33631 9.84886 16.12452 48.37355 42.52058 31.30495 25.00000 43.86342 41.72529 27.07397 29.01724 54.23099 61.46544 31.57531 32.57299 17.88854 56.04463 27.29469 39.20459 60.20797 26.17250 23.40940 45.34314 53.15073 43.86342 46.48656 40.85340 11.18034 18.02776 35.35534 34.36568 5.38516 48.46648 67.62396 9.05539 38.20995 53.03772 55.00000 19.41649 36.40055 27.89265 37.65634 64.84597 48.41487 28.30194 9.84886 31.82766 31.78050 12.04159 30.23243 18.78829 25.63201 11.66190 10.81665 17.02939 35.01428 57.14018 34.88553 31.89044 60.13319 58.21512 19.84943 48.25971 61.29437 18.24829 57.48913 53.00943 25.45584 43.93177 49.04080 17.49286 33.83785 34.71311 69.31811 61.77378 
54.64430 13.34166 37.10795 49.64877 23.76973 41.10961 25.49510 42.54409 14.03567 28.60070 25.96151 54.91812 16.27882 9.05539 0.00000 30.01666 51.42956 25.94224 44.18144 20.51828 51.97115 30.41381 27.31300 29.06888 36.23534 24.73863 45.70558 46.17359 11.18034 22.67157 39.62323 50.21952 23.02173 17.00000 51.40039 49.04080 18.24829 20.09975 45.17743 53.66563 23.08679 37.21559 9.89949 47.75982 18.24829 45.96738 51.19570 19.72308 28.60070 53.00943 44.28318 36.35932 37.69615 33.12099 9.84886 18.24829 32.98485 25.31798 5.00000 40.70626 59.94164 12.80625 29.42788 44.10215 46.01087 28.44293 44.91102 18.97367 46.69047 56.85948 42.44997 20.51828 3.00000 39.40812 37.20215 19.31321 27.20294 23.34524 33.95585 7.07107 17.00000 20.59126 26.07681 50.44799 42.72002 26.62705 51.08816 49.16299 26.83282 39.45884 52.23983 20.80865 49.04080 44.00000 31.90611 38.41875 40.85340 10.00000 25.94224 29.41088 61.91123 54.64430 
72.78049 40.80441 26.00000 73.00685 32.98485 23.43075 45.04442 65.03076 18.43909 58.52350 8.06226 25.00000 23.02173 22.02272 30.01666 0.00000 72.44308 55.94640 21.09502 12.00000 77.16217 25.80698 38.32754 45.54119 46.23851 21.93171 20.24846 27.58623 21.58703 9.00000 65.49046 20.51828 53.00000 41.59327 21.93171 20.00000 45.60702 47.80167 73.49830 74.54529 48.66210 18.38478 39.66106 71.00704 47.53946 18.38478 80.32434 48.16638 12.04159 23.34524 70.71068 57.14018 67.54258 55.00909 32.55764 23.19483 38.01316 54.42426 25.05993 62.12890 80.06248 28.01785 55.90170 71.02112 73.34848 10.19804 30.00000 48.75449 21.18962 78.40918 57.28001 50.21952 31.62278 10.00000 15.52417 23.40940 35.73514 32.28002 24.04163 28.16026 25.49510 16.27882 53.60037 67.18631 33.10589 41.59327 79.07591 77.36924 27.07397 65.62012 80.52329 34.92850 73.00685 71.58911 32.01562 52.20153 64.00000 39.40812 49.09175 43.93177 80.80842 72.78049 
8.06226 38.58756 88.02272 7.07107 40.00000 90.80198 27.65863 9.21954 63.90618 46.14109 72.78049 92.26592 49.49747 59.23681 51.42956 72.44308 0.00000 41.88078 91.98369 60.53098 13.92839 51.47815 35.05710 27.01851 30.36445 52.00961 92.22798 95.88013 52.63079 63.50591 17.46425 87.20665 45.00000 34.43835 87.36704 84.38009 34.40930 33.42155 27.01851 2.23607 28.84441 65.62012 49.20366 7.07107 38.20995 79.51101 34.23449 53.81450 63.00000 89.35883 18.11077 15.52417 38.60052 18.38478 59.36329 49.25444 39.05125 34.20526 53.85165 10.77033 8.60233 64.00781 24.75884 20.09975 22.00000 76.15773 95.51963 40.31129 93.21481 6.00000 18.78829 48.27007 52.83938 78.00000 68.35934 70.68239 38.11824 74.09453 84.86460 47.75982 68.42514 56.22277 29.00000 11.40175 94.02127 31.01612 26.47640 27.16616 78.26238 18.38478 28.63564 70.45566 9.05539 23.08679 83.24062 23.08679 11.31371 50.60632 25.49510 29.01724 11.40175 8.06226 
48.30114 18.02776 59.07622 36.87818 38.91015 64.62971 29.27456 33.12099 39.21734 5.00000 51.62364 80.77747 38.20995 34.53983 25.94224 55.94640 41.88078 0.00000 68.88396 45.80393 35.60899 50.47772 38.89730 34.23449 44.40721 46.22770 70.88018 69.46222 35.60899 48.25971 24.83948 76.00658 4.12311 21.54066 77.10383 74.63243 15.81139 14.31782 23.40940 43.82921 19.02630 60.82763 16.76305 35.60899 10.29563 71.21798 27.01851 13.92839 53.15073 78.77182 27.01851 32.01562 12.16553 28.63564 27.16616 39.69887 46.48656 8.24621 30.88689 33.61547 50.00000 33.24154 18.02776 25.80698 26.41969 53.75872 67.06713 7.81025 71.84010 45.45327 43.41659 8.24621 24.69818 65.19202 61.55485 41.30375 40.85340 40.19950 56.14268 29.06888 38.20995 44.59821 14.31782 46.81880 63.07139 34.92850 29.41088 27.20294 47.00000 24.08319 29.83287 35.35534 35.38361 24.18677 50.24938 42.01190 30.88689 17.46425 24.00000 36.49658 53.25411 48.30114 
93.00538 57.00877 15.26434 91.78780 53.48832 7.61577 64.32729 84.01190 30.14963 70.21396 19.23538 26.07681 42.72002 35.12834 44.18144 21.09502 91.98369 68.88396 0.00000 31.95309 95.18929 46.87217 58.87274 65.52099 67.11930 42.94182 4.12311 8.24621 39.45884 29.15476 83.05420 25.17936 65.25335 59.13544 27.16616 27.65863 62.00806 64.03124 89.35883 94.14882 66.06815 37.53665 52.17279 89.80535 62.39391 30.08322 95.18929 57.93962 33.01515 27.01851 88.00568 76.48529 81.02469 73.97973 42.05948 43.32436 59.05929 69.46222 40.01250 81.39410 99.92497 36.05551 73.00685 88.00568 90.04999 16.03122 13.00000 62.80127 4.47214 97.86215 77.83315 61.68468 44.55334 22.47221 34.05877 28.23119 56.46238 33.60060 16.27882 45.09989 31.38471 36.76955 70.02857 87.59566 19.41649 61.68468 95.25755 93.34345 25.61250 83.02409 96.42095 38.27532 91.54780 88.09086 27.01851 72.80110 82.73452 51.41984 67.47592 64.19502 100.96039 93.00538 
61.13101 29.54657 32.55764 61.00820 21.54066 32.44996 33.06055 53.03772 14.00000 48.91830 13.60147 35.34119 11.04536 14.86607 20.51828 12.00000 60.53098 45.80393 31.95309 0.00000 65.19202 17.49286 26.92582 33.73426 35.35534 12.04159 31.78050 37.21559 10.29563 3.00000 53.60037 30.41381 43.27817 29.83287 31.38471 28.84441 34.17601 36.40055 61.98387 62.64982 36.87818 17.72005 30.41381 59.00847 36.71512 25.49510 69.07966 40.00000 8.54400 33.12099 58.85576 45.17743 56.93856 43.01163 26.00000 11.40175 27.80288 43.38202 15.62050 50.15974 68.24954 23.34524 44.14748 59.22837 61.61169 17.20465 38.41875 38.27532 32.75668 66.48308 45.88028 41.01219 22.80351 19.69772 17.00000 22.36068 24.59675 31.14482 29.83287 17.00000 23.02173 5.00000 42.05948 55.65968 39.69887 29.83287 67.44627 65.80274 28.79236 53.75872 68.96376 32.06244 61.00820 59.90826 34.53983 40.85340 52.00000 30.47950 37.12142 32.28002 69.12308 61.13101 
21.84033 38.63936 89.05055 7.21110 46.84015 92.91394 32.75668 13.89244 65.62012 38.89730 76.05919 99.04040 54.33231 60.67125 51.97115 77.16217 13.92839 35.60899 95.18929 65.19202 0.00000 59.46427 42.72002 34.17601 40.49691 58.69412 96.02083 98.00510 56.00000 68.18358 12.36932 93.94147 39.40812 36.05551 94.36631 91.44397 33.73426 32.01562 15.23155 14.31782 29.15476 73.37575 47.16991 8.48528 35.46830 86.83317 21.02380 49.09175 69.23150 96.31718 8.60233 21.93171 28.84441 22.80351 58.18935 54.58938 48.30114 29.52965 55.44367 17.49286 18.11077 63.60031 22.56103 9.89949 10.29563 79.15807 96.88137 36.67424 97.02062 13.03840 30.41381 43.26662 52.63079 84.01190 75.69016 71.06335 45.88028 72.80110 85.90693 50.08992 68.41053 61.52235 26.24881 25.05993 94.37161 37.94733 13.00000 14.14214 78.16009 12.64911 15.03330 68.54196 5.65685 12.20656 82.54090 33.60060 13.92839 48.46648 28.07134 36.76955 22.09072 21.84033 
50.01000 32.44996 49.81967 53.85165 13.03840 48.83646 27.29469 45.88028 30.36445 54.70832 30.47950 41.00000 14.14214 29.27456 30.41381 25.80698 51.47815 50.47772 46.87217 17.49286 59.46427 0.00000 16.76305 25.29822 22.09072 6.08276 45.65085 53.26350 20.00000 19.20937 49.64877 36.01389 49.24429 29.73214 36.01389 33.01515 35.46830 37.53665 60.46487 53.33854 35.46830 14.14214 38.89730 51.92302 40.22437 28.07134 68.60029 49.33559 13.89244 38.01316 55.00909 37.64306 59.46427 36.76955 39.01282 12.16553 13.15295 45.34314 27.01851 42.44997 58.03447 38.32754 42.20190 55.94640 58.66856 33.97058 55.15433 42.72002 46.52956 57.42822 34.01470 48.33218 33.37664 27.89265 17.00000 39.21734 13.60147 47.53946 47.20169 23.76973 39.29377 13.00000 41.77320 44.04543 57.00877 21.54066 65.00000 63.81222 46.09772 50.11986 66.88797 47.51842 54.40588 57.45433 51.89412 29.00000 45.54119 39.56008 33.28663 22.80351 58.03447 50.01000 
34.52535 22.09072 58.00862 37.10795 5.38516 59.05929 11.31371 29.12044 34.65545 43.68066 40.24922 57.21888 16.64332 31.24100 27.31300 38.32754 35.05710 38.89730 58.87274 26.92582 42.72002 16.76305 0.00000 8.54400 9.21954 17.02939 58.52350 63.95311 21.93171 29.73214 33.28663 52.15362 38.83298 17.46425 52.34501 49.36598 23.08679 24.69818 44.68781 37.01351 21.09502 30.80584 32.24903 35.17101 28.86174 44.55334 53.07542 42.01190 28.07134 54.33231 38.58756 20.88061 45.79301 20.12461 37.16181 15.65248 7.61577 32.20248 26.62705 25.70992 42.10701 39.11521 26.90725 39.66106 42.43819 43.82921 64.66065 31.78050 59.48109 41.04875 18.97367 39.20459 30.08322 43.04649 33.37664 43.18565 3.16228 49.64877 55.00000 20.59126 42.01190 22.13594 27.45906 28.86174 64.81512 5.00000 48.82622 47.80167 50.93133 33.83785 50.80354 47.88528 37.64306 41.40048 56.63921 13.92839 28.79236 33.37664 17.69181 6.08276 42.57934 34.52535 
27.51363 19.92486 63.13478 28.63564 13.03840 65.00000 5.00000 20.61553 39.11521 39.20459 46.48656 65.49046 22.80351 35.00000 29.06888 45.54119 27.01851 34.23449 65.52099 33.73426 34.17601 25.29822 8.54400 0.00000 10.19804 25.07987 65.51336 70.00714 26.83282 36.67424 25.00000 60.40695 35.00000 14.56022 60.67125 57.70615 19.02630 20.02498 36.76955 29.06888 15.29706 39.29377 31.38471 26.68333 25.01999 52.95281 45.27693 40.02499 36.01389 62.64982 30.23243 12.36932 39.39543 11.66190 38.60052 22.36068 14.86607 26.68333 29.83287 17.26268 34.52535 41.72529 19.72308 31.40064 34.20526 49.98000 70.21396 28.01785 66.49060 33.01515 13.45362 36.22154 31.40064 51.00980 41.77320 47.01064 11.70470 52.34501 60.03332 23.43075 45.34314 29.27456 21.18962 22.36068 69.64194 4.00000 40.60788 39.69887 54.81788 25.61250 42.63801 49.81967 29.12044 33.30165 60.30755 9.43398 20.24846 32.69557 10.77033 2.82843 35.44009 27.51363 
28.01785 29.27456 67.00746 34.00000 14.21267 67.74216 15.13275 26.62705 43.84062 49.36598 48.87740 63.03174 25.61250 40.45986 36.23534 46.23851 30.36445 44.40721 67.11930 35.35534 40.49691 22.09072 9.21954 10.19804 0.00000 24.35159 66.48308 72.56032 31.11270 38.01316 33.30165 58.07753 45.04442 24.08319 58.00862 55.00909 29.01724 30.14963 45.60702 32.01562 25.49510 36.00000 40.26164 32.24903 35.01428 50.00000 54.20332 49.49747 35.17101 60.00833 38.18377 19.10497 49.39636 20.00000 46.06517 24.41311 9.00000 36.87818 35.80503 23.02173 36.22154 48.25971 29.54657 39.62323 42.44997 52.47857 73.49830 38.01316 67.41662 36.13862 12.04159 46.04346 38.91015 49.81967 39.05125 52.40229 10.81665 58.82176 64.03124 29.68164 51.22499 30.41381 31.32092 22.00000 73.87828 10.19804 48.79549 48.16638 60.14150 34.05877 50.93133 56.93856 34.98571 41.86884 65.85590 7.28011 27.01851 41.48494 20.88061 8.00000 36.00000 28.01785 
51.47815 28.31960 44.59821 53.60037 12.04159 44.20407 25.96151 45.54119 24.35159 50.21952 25.49510 40.44750 8.54400 23.19483 24.73863 21.93171 52.00961 46.22770 42.94182 12.04159 58.69412 6.08276 17.02939 25.07987 24.35159 0.00000 42.15448 48.82622 14.03567 14.21267 48.10405 35.35534 44.65423 26.40076 35.69314 32.75668 31.89044 34.05877 58.18075 54.00000 32.75668 15.26434 33.61547 51.62364 36.12478 28.16026 66.03787 44.01136 11.04536 37.65634 53.48832 37.33631 55.90170 35.90265 33.06055 6.70820 16.12452 41.77320 21.09502 42.29657 59.13544 32.24903 39.82462 54.23099 56.85948 29.06888 50.32892 38.41875 43.08132 58.00862 35.69314 43.41659 27.65863 26.01922 17.08801 33.24154 14.14214 41.48494 41.86884 18.38478 33.24154 7.21110 38.83298 45.70558 51.73973 21.09502 63.07139 61.71710 40.24922 48.46648 64.84597 41.43670 53.93515 55.46170 46.06517 30.59412 44.91102 34.17601 31.38471 23.00000 59.53990 51.47815 
92.89241 58.21512 19.23538 92.34717 53.16014 11.70470 64.62971 84.48077 31.78050 72.44998 20.02498 22.02272 42.75512 36.67424 45.70558 20.24846 92.22798 70.88018 4.12311 31.78050 96.02083 45.65085 58.52350 65.51336 66.48308 42.15448 0.00000 12.04159 40.04997 28.86174 84.00595 21.37756 67.35726 60.00000 23.34524 24.04163 63.19810 65.27634 90.79648 94.36631 67.00746 35.38361 54.12024 90.35486 63.95311 26.83282 96.88137 60.41523 31.76476 23.08679 89.05055 76.79193 82.96987 74.43118 44.38468 43.17407 58.18075 71.02112 41.30375 81.74350 100.02000 38.48376 74.06079 89.14034 91.26883 17.26268 17.02939 64.53681 1.00000 98.15294 77.49194 63.90618 46.32494 19.84943 31.82766 30.88689 55.97321 36.87818 20.00000 46.01087 34.00000 36.40055 71.25307 87.36132 23.53720 61.61169 96.62815 94.76286 29.00000 84.02381 97.86726 41.40048 92.19544 89.35883 30.80584 72.42237 83.29466 53.45091 68.11755 64.03124 100.89599 92.89241 
97.49872 59.41380 11.18034 95.12623 58.59181 5.09902 68.30813 87.55570 32.38827 70.21396 23.70654 34.00000 47.42362 37.33631 46.17359 27.58623 95.88013 69.46222 8.24621 37.21559 98.00510 53.26350 63.95311 70.00714 72.56032 48.82622 12.04159 0.00000 43.32436 34.66987 85.70881 33.37664 65.62012 62.16912 35.35534 35.90265 64.38167 66.27217 91.00000 98.08160 68.88396 45.00000 53.08484 93.17188 64.00781 38.27532 96.25487 57.48913 39.62323 35.12834 90.44888 80.36168 81.61495 77.62087 42.29657 48.30114 64.89992 71.00000 42.57934 85.16455 104.04326 36.22154 75.53807 90.27181 92.13577 20.12461 5.38516 64.03124 12.00000 101.65136 82.76473 61.81424 46.01087 30.41381 41.61730 28.16026 61.77378 31.38471 13.60147 48.27007 31.25700 42.19005 72.24957 92.30926 12.52996 66.30988 97.00515 95.00000 23.40940 85.58621 98.00510 36.40055 94.72592 90.08885 23.02173 77.82031 86.12201 52.15362 70.83078 68.94200 105.34230 97.49872 
54.23099 19.31321 36.35932 52.34501 17.02939 38.27532 25.00000 44.55334 12.72792 38.89730 20.22375 45.61798 6.32456 9.84886 11.18034 21.58703 52.63079 35.60899 39.45884 10.29563 56.00000 20.00000 21.93171 26.83282 31.11270 14.03567 40.04997 43.32436 0.00000 13.00000 44.10215 40.70626 33.24154 20.09975 41.67733 39.11521 24.04163 26.24881 51.92302 54.81788 27.16616 26.07681 20.80865 50.35871 26.41969 35.60899 58.87274 30.88689 17.69181 43.41659 49.25444 37.10795 46.64762 34.52535 19.02630 8.24621 25.55386 33.10589 7.07107 41.97618 60.72891 18.68154 34.36568 49.49747 51.78803 23.53720 43.38202 28.01785 41.04875 58.46366 39.96248 31.24100 13.92839 29.96665 26.24881 21.40093 20.61553 28.63564 33.28663 6.70820 20.59126 9.43398 32.01562 49.19350 43.01163 23.32381 57.48913 55.78530 29.06888 44.18144 58.94065 27.89265 52.15362 50.01000 34.82815 35.22783 43.28972 21.09502 28.07134 26.07681 62.03225 54.23099 
64.03124 32.31099 30.61046 64.00781 24.35159 30.00000 36.05551 56.03570 14.31782 51.22499 11.31371 32.64966 14.03567 16.12452 22.67157 9.00000 63.50591 48.25971 29.15476 3.00000 68.18358 19.20937 29.73214 36.67424 38.01316 14.21267 28.86174 34.66987 13.00000 0.00000 56.56854 27.78489 45.60702 32.75668 28.84441 26.40076 37.00000 39.21734 64.84597 65.62012 39.81206 17.11724 32.55764 62.00806 39.35734 23.34524 71.86793 41.86884 8.00000 30.52868 61.81424 48.16638 59.53990 46.01087 27.29469 14.31782 30.23243 46.09772 17.69181 53.15073 71.19691 24.04163 47.07441 62.16912 64.53681 14.86607 36.12478 40.81666 29.83287 69.46222 48.70318 43.18565 24.75884 17.00000 15.81139 22.02272 27.31300 31.00000 28.01785 19.69772 23.08679 7.61577 44.92215 58.52350 37.80212 32.75668 70.34202 68.68042 27.89265 56.71860 71.84010 32.38827 64.00781 62.81720 33.52611 43.65776 55.00000 32.52691 40.11234 35.17101 72.03471 64.03124 
24.73863 26.30589 76.68768 12.04159 36.67424 80.62258 22.36068 10.00000 53.33854 28.84441 64.00000 88.05680 42.95346 48.37355 39.62323 65.49046 17.46425 24.83948 83.05420 53.60037 12.36932 49.64877 33.28663 25.00000 33.30165 48.10405 84.00595 85.70881 44.10215 56.56854 0.00000 82.96987 28.28427 24.02082 83.52245 80.65358 21.37756 19.64688 12.52996 19.23538 17.00000 63.15853 34.92850 10.81665 23.25941 76.21680 21.09502 37.64306 58.24088 85.44004 5.38516 14.42221 21.37756 13.45362 45.88028 43.41659 39.82462 17.80449 43.18565 12.36932 25.23886 51.24451 10.19804 6.40312 9.21954 67.02984 84.52810 24.69818 85.00588 20.61553 26.00000 31.89044 40.26164 72.78049 65.19202 58.69412 36.35932 60.53924 73.54590 38.00000 56.04463 50.21952 13.92839 25.00000 82.00610 28.30194 15.62050 14.86607 65.80274 1.00000 17.69181 56.36488 10.63015 8.60233 70.22820 27.45906 8.06226 36.24914 16.76305 27.80288 28.65310 24.73863 
86.02325 59.93330 38.32754 88.95504 47.38143 32.00000 61.18823 80.89499 38.89730 78.81624 27.20294 5.09902 40.16217 42.52058 50.21952 20.51828 87.20665 76.00658 25.17936 30.41381 93.94147 36.01389 52.15362 60.40695 58.07753 35.35534 21.37756 33.37664 40.70626 27.78489 82.96987 0.00000 73.23933 59.80803 2.00000 3.60555 64.47480 66.70832 92.11406 89.14034 66.73080 22.20360 60.00000 86.97701 67.11930 8.54400 99.40322 68.68042 24.73863 2.82843 88.32327 72.69113 87.32125 71.19691 53.03772 39.56008 49.09175 73.79024 45.22168 77.64664 94.00532 48.27007 74.00000 88.88757 91.39475 27.29469 38.11824 68.60029 21.58703 93.19335 70.02857 70.60453 52.00961 10.81665 19.02630 42.72002 49.09175 51.00000 37.85499 47.41308 45.22168 32.89377 72.23573 80.05623 44.01136 56.43580 97.40637 95.85927 44.38468 83.24062 99.02020 54.37830 89.26926 89.81091 48.08326 65.00769 80.23092 59.81639 66.21933 58.21512 94.04786 86.02325 
51.10773 17.08801 55.14526 40.31129 38.27532 60.82763 30.00000 36.05551 35.84690 5.65685 48.33218 77.93587 36.40055 31.30495 23.02173 53.00000 45.00000 4.12311 65.25335 43.27817 39.40812 49.24429 38.83298 35.00000 45.04442 44.65423 67.35726 65.62012 33.24154 45.60702 28.28427 73.23933 0.00000 21.37756 74.40430 72.00694 16.03122 15.03330 27.51363 47.01064 20.22375 58.89822 13.41641 38.94868 10.04988 68.76772 31.06445 9.84886 50.91169 76.02631 30.80584 34.17601 16.03122 30.67572 23.34524 38.01316 46.32494 10.81665 28.01785 36.23534 53.26350 29.42788 20.59126 29.68164 30.41381 50.32892 63.12686 7.07107 68.30813 48.83646 45.12206 4.12311 21.47091 62.42596 59.41380 37.48333 40.52160 36.12478 52.23983 26.90725 34.36568 42.44997 16.55295 49.24429 59.03389 35.22783 33.52611 31.32092 43.01163 27.58623 33.95585 31.25700 38.89730 28.17801 46.17359 43.28972 33.83785 13.92839 25.31798 37.05401 56.40035 51.10773 
37.80212 5.38516 53.75872 32.98485 17.49286 57.07013 9.84886 25.63201 29.83287 26.24881 40.01250 64.84597 19.69772 25.00000 17.00000 41.59327 34.43835 21.54066 59.13544 29.83287 36.05551 29.73214 17.46425 14.56022 24.08319 26.40076 60.00000 62.16912 20.09975 32.75668 24.02082 59.80803 21.37756 0.00000 60.53924 57.77543 5.83095 7.81025 32.31099 36.67424 7.07107 41.61730 17.00000 31.04835 11.40175 53.66563 39.82462 25.49510 35.34119 62.39391 29.15476 19.41649 29.73214 16.12452 25.49510 20.59126 25.00000 15.62050 19.64688 23.70654 42.94182 29.68164 14.31782 29.42788 31.78050 43.10452 61.40033 14.31782 61.00000 39.92493 26.92582 22.00000 18.60108 49.33559 43.04649 36.24914 19.31321 40.00000 50.59644 14.03567 34.00000 26.92582 12.52996 33.94113 59.61543 14.00000 37.64306 36.05551 43.82921 24.08319 39.21734 36.79674 32.55764 30.08322 48.87740 23.76973 24.04163 18.35756 8.94427 16.12452 44.94441 37.80212 
86.00000 60.82763 40.31129 89.26926 47.67599 34.00000 61.61169 81.21576 40.36087 80.00000 28.84441 5.09902 40.85340 43.86342 51.40039 21.93171 87.36704 77.10383 27.16616 31.38471 94.36631 36.01389 52.34501 60.67125 58.00862 35.69314 23.34524 35.35534 41.67733 28.84441 83.52245 2.00000 74.40430 60.53924 0.00000 3.00000 65.30697 67.54258 92.84934 89.27486 67.41662 22.02272 61.22091 87.29834 68.09552 8.06226 100.22475 70.03571 25.29822 2.00000 88.88757 72.99315 88.32327 71.58911 54.48853 40.16217 49.01020 74.70609 46.40043 77.92946 94.04786 49.81967 74.67262 89.49302 92.02717 29.06888 40.11234 69.64194 23.53720 93.34345 70.00000 71.84010 53.26350 12.04159 19.02630 44.41846 49.25444 52.77310 39.81206 48.37355 46.87217 33.61547 73.00685 80.00625 46.01087 56.71860 98.08160 96.56604 46.23851 83.81527 99.72462 56.08030 89.62700 90.47652 50.00000 65.00769 80.60397 61.07373 66.76077 58.42089 94.00532 86.00000 
83.00000 58.18075 40.04997 86.31338 44.72136 34.13210 58.69412 78.26238 38.41875 77.62087 27.29469 8.06226 38.07887 41.72529 49.04080 20.00000 84.38009 74.63243 27.65863 28.84441 91.44397 33.01515 49.36598 57.70615 55.00909 32.75668 24.04163 35.90265 39.11521 26.40076 80.65358 3.60555 72.00694 57.77543 3.00000 0.00000 62.60990 64.84597 90.07774 86.28441 64.62198 19.02630 58.89822 84.34453 65.51336 5.09902 97.50897 67.88225 22.47221 5.00000 86.02325 70.03571 85.75547 68.65858 52.49762 37.33631 46.01087 72.06941 44.04543 74.96666 91.04944 48.01042 71.86793 86.64872 89.19641 27.85678 40.44750 67.11930 24.35159 90.35486 67.00000 69.52697 50.99020 10.00000 16.03122 42.94182 46.27094 51.47815 39.31921 45.79301 45.27693 30.87070 70.26379 77.00649 46.04346 53.75872 95.27329 93.77633 45.22168 80.95678 96.93297 54.58938 86.68333 87.66413 49.24429 62.00806 77.66595 58.79626 63.89053 55.44367 91.00549 83.00000 
38.89730 5.00000 55.31727 31.78050 23.32381 59.30430 14.03567 25.23886 32.06244 20.61553 43.18565 69.46222 24.69818 27.07397 18.24829 45.60702 34.40930 15.81139 62.00806 34.17601 33.73426 35.46830 23.08679 19.02630 29.01724 31.89044 63.19810 64.38167 24.04163 37.00000 21.37756 64.47480 16.03122 5.83095 65.30697 62.60990 0.00000 2.23607 27.89265 36.61967 5.65685 47.01064 14.86607 29.96665 6.00000 58.66856 34.92850 21.54066 40.31129 67.11930 26.07681 20.61553 24.04163 17.02939 25.05993 25.80698 30.67572 9.89949 22.00000 24.08319 43.01163 30.08322 11.18034 26.00000 28.07134 46.04346 63.15061 9.00000 64.19502 39.44617 30.08322 17.26268 18.97367 53.85165 48.25971 37.36308 25.07987 39.82462 52.17279 17.46425 34.78505 31.76476 8.06226 35.80503 60.72891 19.23538 33.54102 31.78050 44.59821 21.21320 34.92850 36.05551 31.01612 26.17250 49.24429 27.65863 23.32381 16.27882 10.29563 21.02380 45.45327 38.89730 
38.28838 7.07107 57.07013 30.41381 25.23886 61.20457 15.03330 24.20744 34.01470 19.23538 45.27693 71.69379 26.92582 29.01724 20.09975 47.80167 33.42155 14.31782 64.03124 36.40055 32.01562 37.53665 24.69818 20.02498 30.14963 34.05877 65.27634 66.27217 26.24881 39.21734 19.64688 66.70832 15.03330 7.81025 67.54258 64.84597 2.23607 0.00000 25.70992 35.60899 5.38516 49.20366 15.81139 28.65310 5.38516 60.90156 32.69557 21.47091 42.54409 69.35416 24.18677 20.24846 21.93171 16.64332 26.40076 28.01785 32.31099 7.81025 24.02082 23.34524 42.01190 31.62278 9.48683 24.02082 26.01922 48.09366 64.93843 8.24621 66.27217 38.27532 30.36445 16.76305 20.61553 56.08030 50.47772 39.05125 26.83282 41.14608 53.93515 19.64688 36.40055 34.00000 6.00000 35.51056 62.36185 20.61553 31.40064 29.61419 46.17359 19.41649 32.75668 37.21559 29.54657 24.08319 50.69517 28.28427 22.20360 17.20465 10.44031 22.20360 44.59821 38.28838 
35.00000 32.75668 81.15417 20.09975 47.43416 86.00581 33.42155 21.84033 59.21149 25.55386 70.85901 97.14422 52.00000 54.23099 45.17743 73.49830 27.01851 23.40940 89.35883 61.98387 15.23155 60.46487 44.68781 36.76955 45.60702 58.18075 90.79648 91.00000 51.92302 64.84597 12.52996 92.11406 27.51363 32.31099 92.84934 90.07774 27.89265 25.70992 0.00000 28.16026 25.49510 73.43024 38.11824 20.00000 27.01851 85.90693 8.60233 37.33631 67.62396 94.70480 9.05539 26.92582 14.14214 25.61250 49.25444 52.80152 51.62364 20.00000 49.49747 24.69818 32.98485 55.14526 18.35756 7.07107 5.09902 73.55270 89.14034 27.07397 91.78780 27.89265 38.48376 31.62278 45.01111 81.59657 75.13322 63.07139 47.63402 63.15061 78.10250 45.35416 60.13319 59.23681 19.92486 36.49658 85.70881 39.69887 6.08276 4.00000 69.46222 11.66190 7.07107 58.46366 18.11077 4.12311 73.16420 39.96248 20.24846 39.20459 27.20294 39.59798 36.87818 35.00000 
7.61577 40.81666 90.24965 8.06226 42.01190 93.00538 29.83287 11.40175 66.12866 48.02083 74.95332 94.19129 51.62364 61.46544 53.66563 74.54529 2.23607 43.82921 94.14882 62.64982 14.31782 53.33854 37.01351 29.06888 32.01562 54.00000 94.36631 98.08160 54.81788 65.62012 19.23538 89.14034 47.01064 36.67424 89.27486 86.28441 36.61967 35.60899 28.16026 0.00000 31.06445 67.47592 51.40039 8.54400 40.36087 81.39410 35.05710 55.90170 65.00769 91.26883 19.41649 17.72005 40.16217 20.61553 61.58734 51.35173 40.79216 36.23534 56.08030 13.00000 6.40312 66.24198 26.87006 21.37756 23.08679 78.33901 97.73945 42.42641 95.35198 4.12311 20.24846 50.32892 55.07268 80.00625 70.25667 72.91776 40.04997 76.32169 87.09191 49.98000 70.66116 58.30952 31.11270 12.04159 96.25487 33.06055 27.16616 28.01785 80.49845 20.12461 29.27456 72.67049 10.04988 24.33105 85.47514 24.73863 13.45362 52.80152 27.73085 31.00000 9.43398 7.61577 
33.24154 9.84886 60.16644 26.57066 22.62742 63.78871 10.44031 19.72308 36.49658 24.02082 47.00000 71.78440 26.57066 31.57531 23.08679 48.66210 28.84441 19.02630 66.06815 36.87818 29.15476 35.46830 21.09502 15.29706 25.49510 32.75668 67.00746 68.88396 27.16616 39.81206 17.00000 66.73080 20.22375 7.07107 67.41662 64.62198 5.65685 5.38516 25.49510 31.06445 0.00000 48.02083 20.51828 24.69818 10.77033 60.41523 33.28663 26.83282 42.15448 69.28925 22.09072 15.00000 24.69818 11.40175 30.52868 27.31300 28.65310 11.40175 26.30589 18.43909 37.44329 35.34119 7.28011 22.36068 24.73863 50.03998 67.91171 13.60147 68.00735 34.00000 25.00000 22.13594 24.16609 56.32051 49.64877 42.37924 23.60085 45.27693 57.00877 21.00000 39.92493 33.83785 6.40312 30.23243 65.78754 16.55295 30.67572 29.15476 49.76947 17.02939 32.31099 41.61730 25.96151 23.08679 54.56189 23.08679 17.88854 21.93171 5.09902 17.72005 39.82462 33.24154 
