nbNodes
102
nbVehi
20
nbServi
6
r
1 1 1 1 1 1 
0 0 0 0 0 1 
0 0 0 0 1 0 
0 0 1 0 0 0 
0 0 1 0 0 0 
1 0 0 0 0 0 
0 0 0 0 0 1 
0 0 0 0 1 0 
0 0 0 0 0 1 
0 0 1 0 0 0 
0 0 0 1 0 0 
0 0 0 0 0 1 
0 0 0 1 0 0 
0 1 0 0 0 0 
1 0 0 0 0 0 
0 0 1 0 0 0 
0 0 0 0 1 0 
1 0 0 0 0 0 
0 1 0 0 0 0 
0 0 0 0 0 1 
0 0 0 1 0 0 
1 0 0 0 0 0 
0 0 0 0 0 1 
1 0 0 0 0 0 
0 0 1 0 0 0 
0 1 0 0 0 0 
0 0 0 0 1 0 
0 0 1 0 0 0 
0 0 0 1 0 0 
0 0 0 1 0 0 
0 0 1 0 0 0 
0 1 0 0 0 0 
0 0 1 0 0 0 
0 1 0 0 0 0 
0 1 0 0 0 0 
0 1 0 0 0 0 
0 0 1 0 0 0 
0 0 0 0 1 0 
0 0 0 1 0 0 
0 1 0 0 0 0 
0 1 0 0 0 0 
1 0 0 0 0 0 
0 0 0 0 0 1 
1 0 0 0 0 0 
0 0 0 1 0 0 
0 0 0 1 0 0 
0 0 1 0 0 0 
0 0 0 0 1 0 
0 0 0 0 1 0 
0 0 0 0 0 1 
0 0 0 1 0 0 
0 1 0 0 0 0 
0 0 0 0 0 1 
0 0 0 0 1 0 
0 0 0 0 0 1 
0 0 0 0 0 1 
1 0 0 0 0 0 
0 0 0 0 0 1 
0 0 0 0 1 0 
0 0 0 1 0 0 
0 0 0 0 0 1 
0 0 0 0 0 1 
0 0 0 1 0 0 
0 0 0 1 0 0 
0 0 1 0 0 0 
0 0 0 0 1 0 
0 0 0 1 0 0 
0 0 0 1 0 0 
0 0 0 0 0 1 
0 0 1 0 0 0 
1 0 0 0 0 0 
0 0 0 1 1 0 
0 0 0 1 0 1 
0 0 0 1 1 0 
0 0 0 1 1 0 
0 0 0 1 1 0 
0 0 0 1 1 0 
0 0 0 1 0 1 
0 0 0 0 1 1 
0 0 0 1 1 0 
0 0 0 0 1 1 
0 0 0 0 1 1 
0 0 0 0 1 1 
0 0 0 0 1 1 
0 0 0 1 1 0 
0 0 0 1 0 1 
1 0 0 0 1 0 
1 0 0 0 1 0 
1 0 0 1 0 0 
0 0 1 0 0 1 
1 0 0 0 0 1 
1 0 0 0 0 1 
0 1 0 0 0 1 
1 0 0 0 1 0 
0 0 1 1 0 0 
0 1 0 0 1 0 
0 1 0 0 0 1 
1 0 0 0 0 1 
0 1 0 0 1 0 
1 0 0 0 1 0 
0 0 1 0 0 1 
1 1 1 1 1 1 
DS
72 73 74 75 76 77 78 79 80 81 82 83 84 85 86 87 88 89 90 91 92 93 94 95 96 97 98 99 100 101 
a
1 1 1 0 0 0 
0 0 1 0 0 0 
0 0 1 0 0 0 
1 1 0 0 0 0 
0 1 1 0 0 0 
1 0 1 0 0 0 
0 0 1 0 0 0 
0 0 0 1 0 1 
0 0 0 0 1 1 
0 0 0 0 1 1 
0 0 0 1 1 1 
0 0 0 1 1 1 
0 0 0 1 1 1 
0 0 0 1 1 0 
0 0 0 0 1 1 
0 0 0 1 0 0 
0 0 0 1 1 0 
0 0 0 1 1 1 
0 0 0 1 1 1 
0 0 0 0 1 1 
x
87 74 6 54 22 31 47 28 78 17 8 8 61 80 15 89 57 7 46 69 84 70 41 52 53 25 12 3 59 47 99 7 98 33 44 49 58 55 69 13 65 84 56 88 91 43 0 0 27 54 75 40 44 23 64 66 63 98 88 43 53 24 38 23 51 76 5 8 16 5 74 73 6 89 64 77 62 29 17 82 19 99 56 28 83 46 47 21 43 22 96 8 5 35 61 73 82 16 81 4 0 87 
y
21 11 36 0 9 25 23 19 49 22 2 25 27 25 34 8 33 22 20 45 44 8 28 10 32 3 27 13 38 30 30 24 47 21 10 37 22 47 17 1 19 40 3 44 3 16 2 36 29 48 25 37 22 2 6 25 40 23 18 21 33 26 33 43 30 12 41 18 31 46 47 31 20 20 28 20 44 19 2 14 15 39 43 28 18 11 36 17 35 43 28 35 16 25 45 49 7 35 29 14 0 21 
d
0.00000 16.40122 82.37718 39.11521 66.09841 56.14268 40.04997 59.03389 29.41088 70.00714 81.25269 79.10120 26.68333 8.06226 73.16420 13.15295 32.31099 80.00625 41.01219 30.00000 23.19483 21.40093 46.52956 36.68787 35.73514 64.56005 75.23962 84.38009 32.75668 41.00000 15.00000 80.05623 28.23119 54.00000 44.38468 41.23106 29.01724 41.23106 18.43909 76.65507 22.09072 19.23538 35.84690 23.02173 18.43909 44.28318 89.05055 88.28363 60.53098 42.63801 12.64911 49.64877 43.01163 66.76077 27.45906 21.37756 30.61046 11.18034 3.16228 44.00000 36.05551 63.19810 50.44799 67.67570 37.10795 14.21267 84.40379 79.05694 71.70077 85.72631 29.06888 17.20465 81.00617 2.23607 24.04163 10.04988 33.97058 58.03447 72.53275 8.60233 68.26419 21.63331 38.01316 59.41380 5.00000 42.20190 42.72002 66.12110 46.17359 68.62215 11.40175 80.23092 82.15230 52.15362 35.38361 31.30495 14.86607 72.36712 10.00000 83.29466 89.49860 0.00000 
16.40122 0.00000 72.44998 22.82542 52.03845 45.22168 29.54657 46.69047 38.20995 58.05170 66.61081 67.46851 20.61553 15.23155 63.32456 15.29706 27.80288 67.89698 29.41088 34.36568 34.48188 5.00000 37.12142 22.02272 29.69848 49.64877 64.03124 71.02816 30.88689 33.01515 31.40064 68.24954 43.26662 42.20190 30.01666 36.06938 19.41649 40.70626 7.81025 61.81424 12.04159 30.67572 19.69772 35.84690 18.78829 31.40064 74.54529 78.10890 50.32892 42.05948 14.03567 42.80187 31.95309 51.78803 11.18034 16.12452 31.01612 26.83282 15.65248 32.57299 30.41381 52.20153 42.19005 60.20797 29.83287 2.23607 75.23962 66.37017 61.35145 77.36924 36.00000 20.02498 68.59300 17.49286 19.72308 9.48683 35.11410 45.70558 57.70615 8.54400 55.14526 37.53665 36.71512 49.04080 11.40175 28.00000 36.79674 53.33854 39.20459 61.05735 27.80288 70.22820 69.18092 41.43670 36.40055 38.01316 8.94427 62.76942 19.31321 70.06426 74.81310 16.40122 
82.37718 72.44998 0.00000 60.00000 31.38471 27.31300 43.01163 27.80288 73.16420 17.80449 34.05877 11.18034 55.73150 74.81310 9.21954 87.59566 51.08816 14.03567 43.08132 63.63961 78.40918 69.85700 35.90265 52.83938 47.16991 38.07887 10.81665 23.19483 53.03772 41.43670 93.19335 12.04159 92.65528 30.88689 46.04346 43.01163 53.85165 50.21952 65.80274 35.69314 61.40033 78.10250 59.90826 82.38932 91.18114 42.05948 34.52535 6.00000 22.13594 49.47727 69.87131 34.01470 40.49691 38.01316 65.29931 61.00000 57.14018 92.91394 83.95237 39.92493 47.09565 20.59126 32.14032 18.38478 45.39824 74.00000 5.09902 18.11077 11.18034 10.04988 68.88396 67.18631 16.00000 84.52810 58.54912 72.78049 56.56854 28.60070 35.73514 79.12016 24.69818 93.04837 50.48762 23.40940 79.07591 47.16991 41.00000 24.20744 37.01351 17.46425 90.35486 2.23607 20.02498 31.01612 55.73150 68.24954 81.34494 10.04988 75.32596 22.09072 36.49658 82.37718 
39.11521 22.82542 60.00000 0.00000 33.24154 33.97058 24.04163 32.20248 54.56189 43.04649 46.04346 52.35456 27.89265 36.06938 51.73973 35.90265 33.13608 51.89412 21.54066 47.43416 53.25411 17.88854 30.87070 10.19804 32.01562 29.15476 49.92995 52.63079 38.32754 30.80584 54.08327 52.77310 64.38167 29.69848 14.14214 37.33631 22.36068 47.01064 22.67157 41.01219 21.95450 50.00000 3.60555 55.60576 37.12142 19.41649 54.03702 64.89992 39.62323 48.00000 32.64966 39.56008 24.16609 31.06445 11.66190 27.73085 41.00000 49.64877 38.47077 23.70654 33.01515 39.69887 36.67424 53.00943 30.14963 25.05993 63.89053 49.39636 49.04080 67.20863 51.07837 36.35932 52.00000 40.31129 29.73214 30.47950 44.72136 31.40064 37.05401 31.30495 38.07887 59.54830 43.04649 38.20995 34.13210 13.60147 36.67424 37.12142 36.68787 53.60037 50.47772 57.80138 51.54610 31.40064 45.54119 52.55473 28.86174 51.66237 39.62323 51.92302 54.00000 39.11521 
66.09841 52.03845 31.38471 33.24154 0.00000 18.35756 28.65310 11.66190 68.81860 13.92839 15.65248 21.26029 42.95346 60.16644 25.96151 67.00746 42.43819 19.84943 26.40076 59.20304 71.19691 48.01042 26.87006 30.01666 38.60052 6.70820 20.59126 19.41649 47.01064 32.64966 79.81228 21.21320 84.97058 16.27882 22.02272 38.89730 38.27532 50.32892 47.67599 12.04159 44.14748 69.31811 34.52535 74.70609 69.26038 22.13594 23.08679 34.82815 20.61553 50.44799 55.36244 33.28663 25.55386 7.07107 42.10701 46.81880 51.40039 77.27872 66.61081 24.18677 39.20459 17.11724 28.84441 34.01470 35.80503 54.08327 36.23534 16.64332 22.80351 40.71855 64.40497 55.54278 19.41649 67.89698 46.09772 56.08921 53.15073 12.20656 8.60233 60.20797 6.70820 82.63776 48.08326 19.92486 61.66036 24.08319 36.79674 8.06226 33.42155 34.00000 76.40026 29.52965 18.38478 20.61553 53.07542 64.81512 60.03332 26.68333 62.29767 18.68154 23.76973 66.09841 
56.14268 45.22168 27.31300 33.97058 18.35756 0.00000 16.12452 6.70820 52.77310 14.31782 32.52691 23.00000 30.06659 49.00000 18.35756 60.44005 27.20294 24.18677 15.81139 42.94182 56.30275 42.54409 10.44031 25.80698 23.08679 22.80351 19.10497 30.46309 30.87070 16.76305 68.18358 24.02082 70.51950 4.47214 19.84943 21.63331 27.16616 32.55764 38.83298 30.00000 34.52535 55.08176 33.30165 60.08328 63.90618 15.00000 38.60052 32.89377 5.65685 32.52691 44.00000 15.00000 13.34166 24.35159 38.07887 35.00000 35.34119 67.02984 57.42822 12.64911 23.40940 7.07107 10.63015 19.69772 20.61553 46.84015 30.52868 24.04163 16.15549 33.42155 48.30114 42.42641 25.49510 58.21512 33.13608 46.27094 36.35932 6.32456 26.92582 52.17279 15.62050 69.42622 30.80584 4.24264 52.46904 20.51828 19.41649 12.80625 15.62050 20.12461 65.06919 25.07987 27.51363 4.00000 36.05551 48.37355 54.08327 18.02776 50.15974 29.15476 39.82462 56.14268 
40.04997 29.54657 43.01163 24.04163 28.65310 16.12452 0.00000 19.41649 40.45986 30.01666 44.29447 39.05125 14.56022 33.06055 33.83785 44.59821 14.14214 40.01250 3.16228 31.11270 42.54409 27.45906 7.81025 13.92839 10.81665 29.73214 35.22783 45.12206 19.20937 7.00000 52.46904 40.01250 56.36488 14.14214 13.34166 14.14214 11.04536 25.29822 22.80351 40.49691 18.43909 40.71855 21.93171 46.06517 48.33218 8.06226 51.47815 48.76474 20.88061 25.96151 28.07134 15.65248 3.16228 31.89044 24.04163 19.10497 23.34524 51.00000 41.30375 4.47214 11.66190 23.19483 13.45362 31.24100 8.06226 31.01612 45.69464 39.31921 32.01562 47.88528 36.12478 27.20294 41.10961 42.10701 17.72005 30.14963 25.80698 18.43909 36.61967 36.13862 29.12044 54.40588 21.93171 19.64688 36.34556 12.04159 13.00000 26.68333 12.64911 32.01562 49.25444 40.80441 42.57934 12.16553 26.07681 36.76955 38.48376 33.24154 34.52535 43.93177 52.32590 40.04997 
59.03389 46.69047 27.80288 32.20248 11.66190 6.70820 19.41649 0.00000 58.30952 11.40175 26.24881 20.88061 33.95585 52.34501 19.84943 61.98387 32.20248 21.21320 18.02776 48.54894 61.32699 43.41659 15.81139 25.63201 28.17801 16.27882 17.88854 25.70992 36.35932 21.95450 71.84706 21.58703 75.39231 5.38516 18.35756 27.65863 30.14963 38.89730 41.04875 23.43075 37.00000 59.80803 32.24903 65.00000 65.00000 15.29706 32.75668 32.75668 10.04988 38.94868 47.38143 21.63331 16.27882 17.72005 38.27532 38.47077 40.81666 70.11419 60.00833 15.13275 28.65310 8.06226 17.20465 24.51530 25.49510 48.50773 31.82766 20.02498 16.97056 35.46830 53.85165 46.57252 22.02272 61.00820 37.10795 49.01020 42.20190 1.00000 20.24846 54.23099 9.84886 73.76313 36.87818 9.00000 55.00909 19.69772 25.49510 7.28011 21.93171 24.73863 68.59300 25.61250 23.19483 9.21954 42.01190 54.08327 55.31727 20.00000 53.93515 24.51530 33.83785 59.03389 
29.41088 38.20995 73.16420 54.56189 68.81860 52.77310 40.45986 58.30952 0.00000 66.70832 84.31489 74.00000 27.80288 24.08319 64.76110 42.44997 26.40076 75.96052 43.18565 9.84886 7.81025 41.77320 42.54409 46.87217 30.23243 70.17834 69.57011 83.19255 21.95450 36.35932 28.31960 75.27284 20.09975 53.00000 51.73973 31.38471 33.60060 23.08679 33.24154 80.80223 32.69557 10.81665 50.99020 11.18034 47.80167 48.10405 91.06591 79.07591 54.78138 24.02082 24.18677 39.84972 43.41659 72.34639 45.22168 26.83282 17.49286 32.80244 32.57299 44.82187 29.68164 58.69412 43.08132 55.32630 33.01515 37.05401 73.43705 76.55717 64.56005 73.06162 4.47214 18.68154 77.62087 31.01612 25.23886 29.01724 16.76305 57.45433 77.00649 35.22783 68.09552 23.25941 22.80351 54.23099 31.40064 49.67897 33.61547 65.36819 37.69615 56.32051 27.65863 71.38627 80.11242 49.24429 17.46425 5.00000 42.19005 63.56099 20.22375 81.85964 92.11406 29.41088 
70.00714 58.05170 17.80449 43.04649 13.92839 14.31782 30.01666 11.40175 66.70832 0.00000 21.93171 9.48683 44.28318 63.07139 12.16553 73.34848 41.48494 10.00000 29.06888 56.85948 70.51950 54.81788 24.73863 37.00000 37.36308 20.61553 7.07107 16.64332 44.94441 31.04835 82.38932 10.19804 84.77028 16.03122 29.54657 35.34119 41.00000 45.48626 52.23983 21.37756 48.09366 69.37579 43.38202 74.33034 76.40026 26.68333 26.24881 22.02272 12.20656 45.22168 58.07753 27.45906 27.00000 20.88061 49.64877 49.09175 49.39636 81.00617 71.11259 26.01922 37.64306 8.06226 23.70654 21.84033 34.92850 59.84146 22.47221 9.84886 9.05539 26.83282 62.24147 56.71860 11.18034 72.02777 47.38143 60.03332 50.08992 12.36932 20.00000 65.49046 7.28011 83.74366 44.29447 12.52996 66.12110 31.01612 33.10589 6.40312 29.06888 21.58703 79.22752 15.81139 13.41641 18.24829 49.64877 62.16912 66.70832 13.03840 64.38167 15.26434 27.80288 70.00714 
81.25269 66.61081 34.05877 46.04346 15.65248 32.52691 44.29447 26.24881 84.31489 21.93171 0.00000 23.00000 58.60034 75.58439 32.75668 81.22192 57.98276 20.02498 42.04759 74.63243 86.83317 62.28965 42.01190 44.72136 54.08327 17.02939 25.31798 12.08305 62.42596 48.01042 95.21029 22.02272 100.62306 31.40064 36.87818 53.90733 53.85165 65.06919 62.81720 5.09902 59.48109 84.97058 48.01042 90.35486 83.00602 37.69615 8.00000 34.92850 33.01515 65.05382 70.83784 47.42362 41.18252 15.00000 56.14268 62.39391 66.85058 92.41753 81.58431 39.82462 54.64430 28.84441 43.13931 43.65776 51.31277 68.73136 39.11521 16.00000 30.08322 44.10215 79.88116 71.17584 18.11077 82.97590 61.74140 71.30919 68.41053 27.01851 9.00000 74.96666 17.02939 98.23441 63.12686 32.80244 76.68768 39.05125 51.73973 19.84943 48.10405 43.32436 91.76056 33.00000 14.31782 35.46830 68.24954 80.21222 74.16873 33.95585 77.83315 12.64911 8.24621 81.25269 
79.10120 67.46851 11.18034 52.35456 21.26029 23.00000 39.05125 20.88061 74.00000 9.48683 23.00000 0.00000 53.03772 72.00000 11.40175 82.76473 49.64877 3.16228 38.32754 64.19502 78.33901 64.28841 33.13608 46.48656 45.54119 27.80288 4.47214 13.00000 52.63079 39.31921 91.13726 1.41421 92.64988 25.31798 39.00000 42.72002 50.08992 51.89412 61.52235 24.51530 57.31492 77.46612 52.80152 82.22530 85.86617 36.13862 24.35159 13.60147 19.41649 51.42956 67.00000 34.17601 36.12478 27.45906 59.13544 58.00000 57.00877 90.02222 80.30567 35.22783 45.70558 16.03122 31.04835 23.43075 43.28972 69.23150 16.27882 7.00000 10.00000 21.21320 69.57011 65.27634 5.38516 81.15417 56.08030 69.18092 57.24509 21.84033 24.69818 74.81310 14.86607 92.07063 51.26402 20.22375 75.32596 40.49691 40.52160 15.26434 36.40055 22.80351 88.05112 10.00000 9.48683 27.00000 56.64804 69.28925 76.15773 12.80625 73.10951 11.70470 26.24881 79.10120 
26.68333 20.61553 55.73150 27.89265 42.95346 30.06659 14.56022 33.95585 27.80288 44.28318 58.60034 53.03772 0.00000 19.10497 46.52956 33.83785 7.21110 54.23099 16.55295 19.69772 28.60070 21.02380 20.02498 19.23538 9.43398 43.26662 49.00000 59.66574 11.18034 14.31782 38.11824 54.08327 42.05948 28.63564 24.04163 15.62050 5.83095 20.88061 12.80625 54.58938 8.94427 26.41969 24.51530 31.90611 38.41875 21.09502 65.92420 61.66036 34.05877 22.13594 14.14214 23.25941 17.72005 45.48626 21.21320 5.38516 13.15295 37.21559 28.46050 18.97367 10.00000 37.01351 23.76973 41.23106 10.44031 21.21320 57.72348 53.75872 45.17743 59.13544 23.85372 12.64911 55.44367 28.86174 3.16228 17.46425 17.02939 32.98485 50.60632 24.69818 43.68066 39.84972 16.76305 33.01515 23.76973 21.93171 16.64332 41.23106 19.69772 42.15448 35.01428 53.60037 57.07013 26.07681 18.00000 25.05993 29.00000 45.70558 20.09975 58.46366 66.70832 26.68333 
8.06226 15.23155 74.81310 36.06938 60.16644 49.00000 33.06055 52.34501 24.08319 63.07139 75.58439 72.00000 19.10497 0.00000 65.62012 19.23538 24.35159 73.06162 34.36568 22.82542 19.41649 19.72308 39.11521 31.76476 27.89265 59.23681 68.02941 77.92946 24.69818 33.37664 19.64688 73.00685 28.42534 47.16991 39.00000 33.24154 22.20360 33.30165 13.60147 71.16881 16.15549 15.52417 32.55764 20.61553 24.59675 38.07887 83.24062 80.75271 53.15073 34.71311 5.00000 41.76123 36.12478 61.46544 24.83948 14.00000 22.67157 18.11077 10.63015 37.21559 28.16026 56.00893 42.75512 59.77458 29.42788 13.60147 76.68768 72.33948 64.28063 77.88453 22.80351 9.21954 74.16873 10.29563 16.27882 5.83095 26.17250 51.35173 67.06713 11.18034 61.81424 23.60085 30.00000 52.08647 7.61577 36.76955 34.78505 59.53990 38.32754 60.72891 16.27882 72.69113 75.53807 45.00000 27.58623 25.00000 18.11077 64.77654 4.12311 76.79193 83.81527 8.06226 
73.16420 63.32456 9.21954 51.73973 25.96151 18.35756 33.83785 19.84943 64.76110 12.16553 32.75668 11.40175 46.52956 65.62012 0.00000 78.43469 42.01190 14.42221 34.01470 55.10898 69.72087 60.83584 26.68333 44.10215 38.05260 32.57299 7.61577 24.18677 44.18144 32.24903 84.09518 12.80625 84.01190 22.20360 37.64306 34.13210 44.64303 42.05948 56.61272 33.06055 52.20153 69.26038 51.40039 73.68175 82.07923 33.28663 35.34119 15.13275 13.00000 41.43670 60.67125 25.17936 31.38471 32.98485 56.43580 51.78803 48.37355 83.72574 74.73286 30.87070 38.01316 12.04159 23.02173 12.04159 36.22154 64.84597 12.20656 17.46425 3.16228 15.62050 60.41523 58.07753 16.64332 75.31268 49.36598 63.56099 48.05206 20.51828 32.06244 69.92138 19.41649 84.14868 41.97618 14.31782 69.85700 38.60052 32.06244 18.02776 28.01785 11.40175 81.22192 7.07107 20.59126 21.93171 47.29693 59.90826 72.23573 1.41421 66.18912 22.82542 37.16181 73.16420 
13.15295 15.29706 87.59566 35.90265 67.00746 60.44005 44.59821 61.98387 42.44997 73.34848 81.22192 82.76473 33.83785 19.23538 78.43469 0.00000 40.60788 83.18654 44.64303 42.05948 36.34556 19.00000 52.00000 37.05401 43.26662 64.19502 79.30952 86.14523 42.42641 47.41308 24.16609 83.54639 40.02499 57.48913 45.04442 49.40648 34.01470 51.73973 21.93171 76.32169 26.40076 32.38827 33.37664 36.01389 5.38516 46.69047 89.20202 93.30059 65.45991 53.15073 22.02272 56.93856 47.12749 66.27217 25.07987 28.60070 41.23106 17.49286 10.04988 47.80167 43.82921 67.44627 56.79789 74.70609 43.90900 13.60147 90.24965 81.61495 76.53757 92.19544 41.78516 28.01785 83.86298 12.00000 32.01562 16.97056 45.00000 61.00000 72.24957 9.21954 70.34913 32.57299 48.10405 64.19502 11.66190 43.10452 50.47772 68.59300 53.33854 75.59100 21.18962 85.38150 84.38009 56.61272 46.40043 44.01136 7.07107 77.83315 22.47221 85.21150 89.35883 13.15295 
32.31099 27.80288 51.08816 33.13608 42.43819 27.20294 14.14214 32.20248 26.40076 41.48494 57.98276 49.64877 7.21110 24.35159 42.01190 40.60788 0.00000 51.19570 17.02939 16.97056 29.15476 28.17801 16.76305 23.53720 4.12311 43.86342 45.39824 57.58472 5.38516 10.44031 42.10701 50.80354 43.32436 26.83282 26.41969 8.94427 11.04536 14.14214 20.00000 54.40588 16.12452 27.89265 30.01666 32.89377 45.34314 22.02272 64.88451 57.07889 30.26549 15.29706 19.69772 17.46425 17.02939 46.01087 27.89265 12.04159 9.21954 42.20190 34.43835 18.43909 4.00000 33.73426 19.00000 35.44009 6.70820 28.31960 52.61179 51.24451 41.04875 53.60037 22.02272 16.12452 52.63079 34.53983 8.60233 23.85372 12.08305 31.30495 50.60632 31.40064 42.04759 42.42641 10.04988 29.42788 30.01666 24.59675 10.44031 39.39543 14.14214 36.40055 39.31921 49.04080 54.70832 23.40940 12.64911 22.62742 36.06938 41.04875 24.33105 56.30275 65.86350 32.31099 
80.00625 67.89698 14.03567 51.89412 19.84943 24.18677 40.01250 21.21320 75.96052 10.00000 20.02498 3.16228 54.23099 73.06162 14.42221 83.18654 51.19570 0.00000 39.05125 66.12866 80.08121 64.53681 34.52535 46.57252 47.07441 26.17250 7.07107 9.84886 54.40588 40.79216 92.34717 2.00000 94.37161 26.01922 38.89730 44.59821 51.00000 54.12024 62.20129 21.84033 58.07753 79.07591 52.55473 83.93450 86.12201 36.49658 21.18962 15.65248 21.18962 53.71220 68.06614 36.24914 37.00000 25.61250 59.20304 59.07622 58.82176 91.00549 81.09871 36.01389 47.29693 17.46425 32.89377 26.40076 44.72136 69.72087 19.10497 4.12311 12.72792 24.08319 71.51224 66.61081 2.23607 82.02439 57.31492 70.02857 59.23681 22.20360 22.36068 75.42546 13.89244 93.55747 53.31041 21.84033 76.10519 40.52160 42.37924 14.86607 38.27532 25.80698 89.20202 13.03840 6.32456 28.16026 58.69412 71.30919 76.48529 15.81139 74.33034 8.54400 23.08679 80.00625 
41.01219 29.41088 43.08132 21.54066 26.40076 15.81139 3.16228 18.02776 43.18565 29.06888 42.04759 38.32754 16.55295 34.36568 34.01470 44.64303 17.02939 39.05125 0.00000 33.97058 44.94441 26.83282 9.43398 11.66190 13.89244 27.01851 34.71311 43.56604 22.20360 10.04988 53.93515 39.20459 58.59181 13.03840 10.19804 17.26268 12.16553 28.46050 23.19483 38.07887 19.02630 42.94182 19.72308 48.37355 48.10405 5.00000 49.39636 48.70318 21.02380 29.12044 29.42788 18.02776 2.82843 29.20616 22.80351 20.61553 26.24881 52.08647 42.04759 3.16228 14.76482 22.80351 15.26434 32.52691 11.18034 31.04835 46.06517 38.05260 31.95309 48.54894 38.89730 29.15476 40.00000 43.00000 19.69772 31.00000 28.84441 17.02939 34.13210 36.49658 27.45906 56.30275 25.07987 19.69772 37.05401 9.00000 16.03122 25.17936 15.29706 33.24154 50.63596 40.85340 41.19466 12.08305 29.15476 39.62323 38.27532 33.54102 36.13862 42.42641 50.15974 41.01219 
30.00000 34.36568 63.63961 47.43416 59.20304 42.94182 31.11270 48.54894 9.84886 56.85948 74.63243 64.19502 19.69772 22.82542 55.10898 42.05948 16.97056 66.12866 33.97058 0.00000 15.03330 37.01351 32.75668 38.91015 20.61553 60.82763 59.77458 73.34848 12.20656 26.62705 33.54102 65.45991 29.06888 43.26662 43.01163 21.54066 25.49510 14.14214 28.00000 71.21798 26.30589 15.81139 43.96590 19.02630 47.41308 38.94868 81.30191 69.58448 44.94441 15.29706 20.88061 30.08322 33.97058 62.96825 39.31921 20.22375 7.81025 36.40055 33.01515 35.38361 20.00000 48.84670 33.24154 46.04346 23.43075 33.73426 64.12488 66.70832 54.81788 64.00781 5.38516 14.56022 67.77905 32.01562 17.72005 26.24881 7.07107 47.70744 67.47592 33.61547 58.30952 30.59412 13.15295 44.38468 30.41381 41.04875 23.76973 55.56978 27.85678 47.04253 31.90611 61.81424 70.26379 39.44617 8.00000 5.65685 40.16217 53.93515 20.00000 72.01389 82.37718 30.00000 
23.19483 34.48188 78.40918 53.25411 71.19691 56.30275 42.54409 61.32699 7.81025 70.51950 86.83317 78.33901 28.60070 19.41649 69.72087 36.34556 29.15476 80.08121 44.94441 15.03330 0.00000 38.62642 45.88028 46.69047 33.24154 71.84706 73.97973 86.72946 25.70992 39.56008 20.51828 79.55501 14.31782 55.94640 52.49762 35.69314 34.05877 29.15476 30.88689 83.00602 31.40064 4.00000 49.64877 4.00000 41.59327 49.64877 93.91486 84.38009 58.94065 30.26549 21.02380 44.55334 45.65085 74.06079 42.94182 26.17250 21.37756 25.23886 26.30589 47.01064 32.89377 62.64184 47.29693 61.00820 35.84690 32.98485 79.05694 80.32434 69.23150 79.02531 10.44031 17.02939 81.60882 24.51530 25.61250 25.00000 22.00000 60.41523 79.07591 30.06659 71.17584 15.81139 28.01785 58.24088 26.01922 50.32892 37.85499 68.54196 41.97618 62.00806 20.00000 76.53104 83.81527 52.55473 23.02173 12.08305 37.05401 68.59300 15.29706 85.44004 94.82616 23.19483 
21.40093 5.00000 69.85700 17.88854 48.01042 42.54409 27.45906 43.41659 41.77320 54.81788 62.28965 64.28841 21.02380 19.72308 60.83584 19.00000 28.17801 64.53681 26.83282 37.01351 38.62642 0.00000 35.22783 18.11077 29.41088 45.27693 61.03278 67.18631 31.95309 31.82766 36.40055 65.00000 48.01042 39.21734 26.07681 35.80503 18.43909 41.78516 9.05539 57.42822 12.08305 34.92850 14.86607 40.24922 21.58703 28.16026 70.25667 75.39231 47.85394 43.08132 17.72005 41.72529 29.52965 47.38143 6.32456 17.46425 32.75668 31.76476 20.59126 29.96665 30.23243 49.39636 40.60788 58.60034 29.06888 7.21110 72.89719 62.80127 58.69412 75.29276 39.20459 23.19483 65.11528 22.47221 20.88061 13.89244 36.87818 42.44997 53.33854 13.41641 51.47815 42.44997 37.69615 46.51881 16.40122 24.18677 36.23534 49.81967 38.18377 59.40539 32.80244 67.62396 65.49046 38.91015 38.07887 41.10961 12.04159 60.37384 23.70654 66.27217 70.45566 21.40093 
46.52956 37.12142 35.90265 30.87070 26.87006 10.44031 7.81025 15.81139 42.54409 24.73863 42.01190 33.13608 20.02498 39.11521 26.68333 52.00000 16.76305 34.52535 9.43398 32.75668 45.88028 35.22783 0.00000 21.09502 12.64911 29.68164 29.01724 40.85340 20.59126 6.32456 58.03447 34.23449 60.08328 10.63015 18.24829 12.04159 18.02776 23.60085 30.08322 38.89730 25.63201 44.64303 29.15476 49.64877 55.90170 12.16553 48.54894 41.77320 14.03567 23.85372 34.13210 9.05539 6.70820 31.62278 31.82766 25.17936 25.05993 57.21888 48.05206 7.28011 13.00000 17.11724 5.83095 23.43075 10.19804 38.48376 38.27532 34.48188 25.17936 40.24922 38.07887 32.14032 35.90265 48.66210 23.00000 36.87818 26.40076 15.00000 35.38361 43.32436 25.55386 59.03389 21.21320 13.00000 43.17407 17.72005 10.00000 22.82542 7.28011 24.20744 55.00000 33.73426 37.94733 6.70820 26.24881 38.27532 46.06517 25.96151 40.01250 39.56008 49.64877 46.52956 
36.68787 22.02272 52.83938 10.19804 30.01666 25.80698 13.92839 25.63201 46.87217 37.00000 44.72136 46.48656 19.23538 31.76476 44.10215 37.05401 23.53720 46.57252 11.66190 38.91015 46.69047 18.11077 21.09502 0.00000 22.02272 27.89265 43.46263 49.09175 28.86174 20.61553 51.07837 47.12749 59.03389 21.95450 8.00000 27.16616 13.41641 37.12142 18.38478 40.02499 15.81139 43.86342 8.06226 49.51767 39.62323 10.81665 52.61179 58.13777 31.40064 38.05260 27.45906 29.54657 14.42221 30.08322 12.64911 20.51828 31.95309 47.80167 36.87818 14.21267 23.02173 32.24903 26.92582 43.93177 20.02498 24.08319 56.30275 44.72136 41.67733 59.20304 43.04649 29.69848 47.07441 38.32754 21.63331 26.92582 35.44009 24.69818 35.90265 30.26549 33.37664 55.22681 33.24154 30.00000 32.01562 6.08276 26.47640 31.78050 26.57066 44.59821 47.53946 50.60632 47.38143 22.67157 36.13862 44.29447 30.14963 43.82921 34.66987 48.16638 52.95281 36.68787 
35.73514 29.69848 47.16991 32.01562 38.60052 23.08679 10.81665 28.17801 30.23243 37.36308 54.08327 45.54119 9.43398 27.89265 38.05260 43.26662 4.12311 47.07441 13.89244 20.61553 33.24154 29.41088 12.64911 22.02272 0.00000 40.31129 41.30375 53.48832 8.48528 6.32456 46.04346 46.69047 47.43416 22.82542 23.76973 6.40312 11.18034 15.13275 21.93171 50.60632 17.69181 32.01562 29.15476 37.00000 47.80167 18.86796 60.90156 53.15073 26.17250 16.03122 23.08679 13.92839 13.45362 42.42641 28.23119 14.76482 12.80625 45.89118 37.69615 14.86607 1.00000 29.61419 15.03330 31.95309 2.82843 30.47950 48.83646 47.12749 37.01351 50.00000 25.80698 20.02498 48.50773 37.94733 11.70470 26.83282 15.00000 27.29469 46.86150 34.13210 38.01316 46.52956 11.40175 25.31798 33.10589 22.13594 7.21110 35.34119 10.44031 32.89377 43.18565 45.09989 50.59644 19.31321 15.26434 26.24881 38.28838 37.12142 28.16026 52.20153 61.91123 35.73514 
64.56005 49.64877 38.07887 29.15476 6.70820 22.80351 29.73214 16.27882 70.17834 20.61553 17.02939 27.80288 43.26662 59.23681 32.57299 64.19502 43.86342 26.17250 27.01851 60.82763 71.84706 45.27693 29.68164 27.89265 40.31129 0.00000 27.29469 24.16609 48.79549 34.82815 78.77182 27.65863 85.23497 19.69772 20.24846 41.61730 38.07887 53.25411 46.17359 12.16553 43.08132 69.64194 31.00000 75.16648 66.00000 22.20360 25.01999 41.40048 26.07681 53.53504 54.62600 37.16181 26.87006 2.23607 39.11521 46.52956 53.03772 75.69016 64.76110 25.45584 41.03657 23.02173 32.69557 40.04997 37.48333 51.78803 42.94182 22.67157 29.41088 47.42362 65.85590 55.56978 25.49510 66.21933 46.32494 54.70832 55.22681 16.49242 8.06226 58.05170 13.41641 82.29216 50.60632 25.17936 59.90826 22.47221 39.66106 14.56022 36.71512 40.11234 75.27284 36.23534 23.85372 24.16609 55.31727 66.48308 57.14018 33.24154 61.74140 23.70654 25.17936 64.56005 
75.23962 64.03124 10.81665 49.92995 20.59126 19.10497 35.22783 17.88854 69.57011 7.07107 25.31798 4.47214 49.00000 68.02941 7.61577 79.30952 45.39824 7.07107 34.71311 59.77458 73.97973 61.03278 29.01724 43.46263 41.30375 27.29469 0.00000 16.64332 48.27007 35.12834 87.05171 5.83095 88.29496 21.84033 36.23534 38.32754 46.27094 47.42362 57.87055 26.01922 53.60037 73.16420 50.11986 77.87811 82.56513 32.89377 27.73085 15.00000 15.13275 46.95743 63.03174 29.73214 32.38827 27.31300 56.08030 54.03702 52.63079 86.09297 76.53104 31.57531 41.43670 12.04159 26.68333 19.41649 39.11521 65.73431 15.65248 9.84886 5.65685 20.24846 65.14599 61.13101 9.21954 77.31753 52.00961 65.37584 52.81098 18.78829 25.49510 71.19691 13.89244 87.82369 46.81880 16.03122 71.56815 37.57659 36.13862 13.45362 32.01562 18.86796 84.00595 8.94427 13.03840 23.08679 52.20153 64.84597 72.80110 8.94427 69.02898 15.26434 29.54657 75.23962 
84.38009 71.02816 23.19483 52.63079 19.41649 30.46309 45.12206 25.70992 83.19255 16.64332 12.08305 13.00000 59.66574 77.92946 24.18677 86.14523 57.58472 9.84886 43.56604 73.34848 86.72946 67.18631 40.85340 49.09175 53.48832 24.16609 16.64332 0.00000 61.32699 47.16991 97.49359 11.70470 100.90094 31.04835 41.10961 51.88449 55.73150 62.12890 66.12110 15.62050 62.28965 85.38150 53.93515 90.47652 88.56636 40.11234 11.40175 23.19483 28.84441 61.85467 72.99315 44.10215 41.97618 22.82542 61.40033 64.13267 65.79514 95.52487 85.14693 40.79216 53.85165 24.69818 40.31129 36.05551 50.92151 73.00685 28.07134 7.07107 22.20360 33.06055 78.72103 72.27724 7.61577 86.28441 62.81720 74.33034 66.64833 26.68333 17.80449 79.00633 16.12452 99.45853 60.90156 29.15476 80.15610 43.04649 49.64877 18.43909 45.65085 35.51056 94.20191 22.56103 3.60555 34.17601 66.24198 78.71467 79.22752 25.55386 79.62412 1.41421 13.34166 84.38009 
32.75668 30.88689 53.03772 38.32754 47.01064 30.87070 19.20937 36.35932 21.95450 44.94441 62.42596 52.63079 11.18034 24.69818 44.18144 42.42641 5.38516 54.40588 22.20360 12.20656 25.70992 31.95309 20.59126 28.86174 8.48528 48.79549 48.27007 61.32699 0.00000 14.42221 40.79216 53.85165 40.02499 31.06445 31.76476 10.04988 16.03122 9.84886 23.25941 59.03389 19.92486 25.07987 35.12834 29.61419 47.42362 27.20294 69.11584 59.03389 33.24154 11.18034 20.61553 19.02630 21.93171 50.91169 32.38827 14.76482 4.47214 41.78516 35.22783 23.34524 7.81025 37.00000 21.58703 36.34556 11.31371 31.06445 54.08327 54.78138 43.56604 54.58938 17.49286 15.65248 55.97321 34.98571 11.18034 25.45584 6.70820 35.51056 55.31727 33.24154 46.14109 40.01250 5.83095 32.57299 31.24100 29.96665 12.16553 43.41659 16.27882 37.33631 38.32754 51.08816 58.30952 27.29469 7.28011 17.80449 38.60052 43.10452 23.76973 60.00833 70.17834 32.75668 
41.00000 33.01515 41.43670 30.80584 32.64966 16.76305 7.00000 21.95450 36.35932 31.04835 48.01042 39.31921 14.31782 33.37664 32.24903 47.41308 10.44031 40.79216 10.04988 26.62705 39.56008 31.82766 6.32456 20.61553 6.32456 34.82815 35.12834 47.16991 14.42221 0.00000 52.00000 40.44750 53.75872 16.64332 20.22375 7.28011 13.60147 18.78829 25.55386 44.68781 21.09502 38.32754 28.46050 43.32436 51.62364 14.56022 54.70832 47.38143 20.02498 19.31321 28.44293 9.89949 8.54400 36.87818 29.41088 19.64688 18.86796 51.47815 42.72002 9.84886 6.70820 23.34524 9.48683 27.29469 4.00000 34.13210 43.41659 40.80441 31.01612 44.94441 31.90611 26.01922 42.20190 43.17407 17.11724 31.62278 20.51828 21.09502 41.03657 38.48376 31.76476 52.77310 15.81139 19.10497 37.94733 19.02630 6.00000 29.06888 6.40312 28.17801 49.04080 39.31921 44.27189 13.00000 20.51828 32.20248 41.88078 31.40064 34.01470 45.88028 55.75841 41.00000 
15.00000 31.40064 93.19335 54.08327 79.81228 68.18358 52.46904 71.84706 28.31960 82.38932 95.21029 91.13726 38.11824 19.64688 84.09518 24.16609 42.10701 92.34717 53.93515 33.54102 20.51828 36.40055 58.03447 51.07837 46.04346 78.77182 87.05171 97.49359 40.79216 52.00000 0.00000 92.19544 17.02939 66.61081 58.52350 50.48762 41.77320 47.16991 32.69557 90.75792 35.73514 18.02776 50.77401 17.80449 28.16026 57.72348 102.88343 99.18165 72.00694 48.46648 24.51530 59.41380 55.57877 80.99383 42.43819 33.37664 37.36308 7.07107 16.27882 56.71860 46.09772 75.10659 61.07373 77.10383 48.00000 29.20616 94.64143 91.78780 83.00602 95.35198 30.23243 26.01922 93.53609 14.14214 35.05710 24.16609 39.56008 70.85901 86.64872 23.34524 81.39410 9.00000 44.92215 71.02816 20.00000 56.30275 52.34501 79.07591 56.22277 78.08969 3.60555 91.13726 95.03683 64.19502 40.85340 32.20248 28.60070 83.15047 18.02776 96.33795 103.44564 15.00000 
80.05623 68.24954 12.04159 52.77310 21.21320 24.02082 40.01250 21.58703 75.27284 10.19804 22.02272 1.41421 54.08327 73.00685 12.80625 83.54639 50.80354 2.00000 39.20459 65.45991 79.55501 65.00000 34.23449 47.12749 46.69047 27.65863 5.83095 11.70470 53.85165 40.44750 92.19544 0.00000 93.86160 26.17250 39.56008 43.96590 51.03920 53.22593 62.39391 23.76973 58.21512 78.64477 53.31041 83.43261 86.58522 36.87818 23.08679 13.89244 20.61553 52.77310 68.00735 35.46830 37.05401 27.20294 59.77458 59.00847 58.24088 91.00549 81.22192 36.12478 46.87217 17.11724 32.28002 24.83948 44.40721 70.03571 17.11724 6.08276 11.40175 22.09072 70.83784 66.37017 4.12311 82.09750 57.14018 70.11419 58.52350 22.56103 24.16609 75.66373 15.00000 93.21481 52.55473 21.37756 76.23647 41.10961 41.76123 15.65248 37.64306 24.20744 89.08984 11.04536 8.24621 28.01785 57.93962 70.57620 76.90254 14.21267 74.16873 10.44031 25.00000 80.05623 
28.23119 43.26662 92.65528 64.38167 84.97058 70.51950 56.36488 75.39231 20.09975 84.77028 100.62306 92.64988 42.05948 28.42534 84.01190 40.02499 43.32436 94.37161 58.59181 29.06888 14.31782 48.01042 60.08328 59.03389 47.43416 85.23497 88.29496 100.90094 40.02499 53.75872 17.02939 93.86160 0.00000 70.00714 65.45991 50.01000 47.16991 43.00000 41.72529 96.64885 43.27817 15.65248 60.82763 10.44031 44.55334 63.13478 107.83784 98.61541 73.24616 44.01136 31.82766 58.85576 59.50630 87.46428 53.26350 38.83298 35.69314 24.00000 30.67572 60.83584 47.12749 76.92204 61.61169 75.10659 49.98000 41.34005 93.19335 94.55686 83.54639 93.00538 24.00000 29.68164 95.88013 28.46050 38.94868 34.20526 36.12478 74.46476 92.66067 36.67424 85.23497 8.06226 42.19005 72.53275 32.64966 63.24555 52.17279 82.63776 56.29387 76.10519 19.10497 90.79648 98.03061 66.73080 37.05401 25.07987 43.08132 82.87340 24.75884 99.62429 108.68763 28.23119 
54.00000 42.20190 30.88689 29.69848 16.27882 4.47214 14.14214 5.38516 53.00000 16.03122 31.40064 25.31798 28.63564 47.16991 22.20360 57.48913 26.83282 26.01922 13.03840 43.26662 55.94640 39.21734 10.63015 21.95450 22.82542 19.69772 21.84033 31.04835 31.06445 16.64332 66.61081 26.17250 70.00714 0.00000 15.55635 22.62742 25.01999 34.05877 36.22154 28.28427 32.06244 54.42426 29.20616 59.61543 60.72891 11.18034 38.07887 36.24914 10.00000 34.20526 42.19005 17.46425 11.04536 21.47091 34.43835 33.24154 35.51056 65.03076 55.08176 10.00000 23.32381 10.29563 13.00000 24.16609 20.12461 43.93177 34.40930 25.17936 19.72308 37.53665 48.54894 41.23106 27.01851 56.00893 31.78050 44.01136 37.01351 4.47214 24.83948 49.49747 15.23155 68.41053 31.82766 8.60233 50.08992 16.40122 20.51828 12.64911 17.20465 24.59675 63.38770 28.65310 28.44293 4.47214 36.87818 48.82622 50.96077 22.02272 48.66210 29.83287 39.11521 54.00000 
44.38468 30.01666 46.04346 14.14214 22.02272 19.84943 13.34166 18.35756 51.73973 29.54657 36.87818 39.00000 24.04163 39.00000 37.64306 45.04442 26.41969 38.89730 10.19804 43.01163 52.49762 26.07681 18.24829 8.00000 23.76973 20.24846 36.23534 41.10961 31.76476 20.22375 58.52350 39.56008 65.45991 15.55635 0.00000 27.45906 18.43909 38.60052 25.96151 32.28002 22.84732 50.00000 13.89244 55.60576 47.51842 6.08276 44.72136 51.10773 25.49510 39.29377 34.43835 27.29469 12.00000 22.47221 20.39608 26.62705 35.51056 55.54278 44.72136 11.04536 24.69818 25.61250 23.76973 39.11521 21.18962 32.06244 49.81967 36.87818 35.00000 53.07542 47.63402 35.80503 39.29377 46.09772 26.90725 34.48188 38.47077 17.49286 28.16026 38.20995 25.49510 62.17717 35.11410 24.08319 39.81206 2.23607 26.17250 24.04163 25.01999 39.66106 55.02727 43.82921 39.45884 17.49286 38.91015 48.60041 38.11824 37.53665 41.59327 40.19950 45.12206 44.38468 
41.23106 36.06938 43.01163 37.33631 38.89730 21.63331 14.14214 27.65863 31.38471 35.34119 53.90733 42.72002 15.62050 33.24154 34.13210 49.40648 8.94427 44.59821 17.26268 21.54066 35.69314 35.80503 12.04159 27.16616 6.40312 41.61730 38.32754 51.88449 10.04988 7.28011 50.48762 43.96590 50.01000 22.62742 27.45906 0.00000 17.49286 11.66190 28.28427 50.91169 24.08319 35.12834 34.71311 39.62323 54.03702 21.84033 60.21628 49.01020 23.40940 12.08305 28.63564 9.00000 15.81139 43.60046 34.43835 20.80865 14.31782 50.96077 43.38202 17.08801 5.65685 27.31300 11.70470 26.68333 7.28011 36.79674 44.18144 45.18849 33.54102 44.91102 26.92582 24.73863 46.23851 43.46263 17.49286 32.75668 14.76482 26.90725 47.42362 40.22437 37.20215 50.03998 9.21954 22.84732 38.94868 26.17250 2.23607 34.40930 6.32456 27.65863 47.85394 41.04875 48.75449 18.43909 14.42221 26.83282 44.59821 33.06055 32.98485 50.53712 61.40033 41.23106 
29.01724 19.41649 53.85165 22.36068 38.27532 27.16616 11.04536 30.14963 33.60060 41.00000 53.85165 50.08992 5.83095 22.20360 44.64303 34.01470 11.04536 51.00000 12.16553 25.49510 34.05877 18.43909 18.02776 13.41641 11.18034 38.07887 46.27094 55.73150 16.03122 13.60147 41.77320 51.03920 47.16991 25.01999 18.43909 17.49286 0.00000 25.17936 12.08305 49.65884 7.61577 31.62278 19.10497 37.20215 38.07887 16.15549 61.35145 59.66574 31.78050 26.30589 17.26268 23.43075 14.00000 40.31129 17.08801 8.54400 18.68154 40.01250 30.26549 15.03330 12.08305 34.23449 22.82542 40.81666 10.63015 20.59126 56.30275 50.15974 42.95346 58.18075 29.68164 17.49286 52.03845 31.06445 8.48528 19.10497 22.36068 29.15476 45.61798 25.29822 39.62323 44.38468 21.09502 30.59412 25.31798 16.27882 17.80449 37.33631 19.84943 41.67733 38.47077 51.66237 53.33854 23.19483 23.19483 30.88689 28.30194 43.96590 24.04163 54.58938 62.03225 29.01724 
41.23106 40.70626 50.21952 47.01064 50.32892 32.55764 25.29822 38.89730 23.08679 45.48626 65.06919 51.89412 20.88061 33.30165 42.05948 51.73973 14.14214 54.12024 28.46050 14.14214 29.15476 41.78516 23.60085 37.12142 15.13275 53.25411 47.42362 62.12890 9.84886 18.78829 47.16991 53.22593 43.00000 34.05877 38.60052 11.66190 25.17936 0.00000 33.10589 62.28965 29.73214 29.83287 44.01136 33.13608 56.85068 33.24154 71.06335 56.08921 33.28663 1.41421 29.73214 18.02776 27.31300 55.21775 41.97618 24.59675 10.63015 49.24429 43.93177 28.63564 14.14214 37.44329 22.02272 32.24903 17.46425 40.81666 50.35871 55.22681 42.15448 50.01000 19.00000 24.08319 55.94640 43.41659 21.02380 34.82815 7.61577 38.20995 58.89822 42.63801 48.16638 44.72136 4.12311 33.01515 40.31129 37.10795 13.60147 45.34314 16.97056 33.24154 45.18849 48.50773 58.83026 29.73214 6.32456 18.11077 48.25971 40.80441 31.62278 60.74537 72.34639 41.23106 
18.43909 7.81025 65.80274 22.67157 47.67599 38.83298 22.80351 41.04875 33.24154 52.23983 62.81720 61.52235 12.80625 13.60147 56.61272 21.93171 20.00000 62.20129 23.19483 28.00000 30.88689 9.05539 30.08322 18.38478 21.93171 46.17359 57.87055 66.12110 23.25941 25.55386 32.69557 62.39391 41.72529 36.22154 25.96151 28.28427 12.08305 33.10589 0.00000 58.24088 4.47214 27.45906 19.10497 33.01515 26.07681 26.01922 70.61161 71.56815 43.68066 34.43835 10.00000 35.22783 25.49510 48.38388 12.08305 8.54400 23.76973 29.61419 19.02630 26.30589 22.62742 45.89118 34.88553 52.83938 22.20360 8.60233 68.35203 61.00820 54.81788 70.26379 30.41381 14.56022 63.07139 20.22375 12.08305 8.54400 27.89265 40.04997 54.12024 13.34166 50.03998 37.20215 29.06888 42.44997 14.03567 23.76973 29.06888 48.00000 31.62278 53.71220 29.15476 63.60031 64.00781 34.92850 29.12044 32.24903 16.40122 55.97321 16.97056 65.06919 71.06335 18.43909 
76.65507 61.81424 35.69314 41.01219 12.04159 30.00000 40.49691 23.43075 80.80223 21.37756 5.09902 24.51530 54.58938 71.16881 33.06055 76.32169 54.40588 21.84033 38.07887 71.21798 83.00602 57.42822 38.89730 40.02499 50.60632 12.16553 26.01922 15.62050 59.03389 44.68781 90.75792 23.76973 96.64885 28.28427 32.28002 50.91169 49.65884 62.28965 58.24088 0.00000 55.02727 81.00617 43.04649 86.45230 78.02564 33.54102 13.03840 37.33631 31.30495 62.36986 66.48308 45.00000 37.44329 10.04988 51.24451 58.18075 63.41136 87.80091 76.90254 36.05551 51.22499 27.31300 40.60788 43.17407 47.80167 63.95311 40.79216 17.72005 30.14963 45.70558 76.40026 67.08204 20.24846 78.33901 57.70615 66.76077 65.19202 24.08319 4.12311 70.21396 15.23155 94.02127 60.10824 30.88689 72.03471 34.48188 48.79549 17.88854 45.34314 42.95346 87.28115 34.36568 17.00000 32.55764 65.11528 76.83749 69.26038 34.13210 73.53911 15.81139 13.03840 76.65507 
22.09072 12.04159 61.40033 21.95450 44.14748 34.52535 18.43909 37.00000 32.69557 48.09366 59.48109 57.31492 8.94427 16.15549 52.20153 26.40076 16.12452 58.07753 19.02630 26.30589 31.40064 12.08305 25.63201 15.81139 17.69181 43.08132 53.60037 62.28965 19.92486 21.09502 35.73514 58.21512 43.27817 32.06244 22.84732 24.08319 7.61577 29.73214 4.47214 55.02727 0.00000 28.31960 18.35756 33.97058 30.52868 22.20360 67.18631 67.18631 39.29377 31.01612 11.66190 30.80584 21.21320 45.31004 13.03840 6.08276 21.09502 33.24154 23.02173 22.09072 18.43909 41.59327 30.41381 48.37355 17.80449 13.03840 63.90618 57.00877 50.44799 65.79514 29.41088 14.42221 59.00847 24.02082 9.05539 12.04159 25.17936 36.00000 50.92151 17.72005 46.17359 39.44617 25.63201 38.07887 18.02776 20.61553 24.75884 44.04543 27.20294 49.24429 32.28002 59.20304 60.07495 30.59412 26.30589 31.04835 20.80865 51.54610 18.86796 61.20457 67.72001 22.09072 
