nbNodes
52
nbVehi
10
nbServi
6
r
1 1 1 1 1 1
0 1 0 0 0 0
0 0 0 0 1 0
0 0 0 0 1 0
0 1 0 0 0 0
0 0 0 0 0 1
0 0 0 1 0 0
0 0 0 0 0 1
1 0 0 0 0 0
0 1 0 0 0 0
0 1 0 0 0 0
0 0 1 0 0 0
0 0 0 0 1 0
0 0 0 0 1 0
0 0 0 0 1 0
0 0 0 0 0 1
0 0 1 0 0 0
0 0 0 0 0 1
0 0 1 0 0 0
0 0 0 0 0 1
1 0 0 0 0 0
0 1 0 0 0 0
0 0 0 0 1 0
0 0 1 0 0 0
0 0 0 0 1 0
0 0 0 0 0 1
1 0 0 0 0 0
1 0 0 0 0 0
0 0 1 0 0 0
0 0 0 1 0 0
0 1 0 0 0 0
1 0 0 0 0 0
1 0 0 0 0 0
1 0 0 0 0 0
0 0 0 0 1 0
0 0 1 0 0 0
0 0 0 0 1 1
0 0 0 1 0 1
0 0 0 1 1 0
0 0 0 1 1 0
0 0 0 1 0 1
0 0 0 1 0 1
0 0 0 1 1 0
0 0 1 0 0 1
1 0 0 0 0 1
0 1 0 1 0 0
0 0 1 1 0 0
0 0 1 1 0 0
0 1 0 0 0 1
1 0 0 0 0 1
0 1 0 1 0 0
1 1 1 1 1 1
DS
51 50 49 48 47 46 45 44 43 42 41 40 39 38 37
a
1  1  1  0  0  0
0  1  1  0  0  0
1  1  1  0  0  0
0  0  0  1  0  1
0  0  0  1  1  1
0  0  0  1  1  1
0  0  0  1  1  1
0  0  0  1  1  1
0  0  0  1  1  1
0  0  0  0  0  1
x
89 48 59 73 13 46 26 95 11 39 91 6 1 62 93 26 66 50 3 15 52 10 4 84 5 98 48 18 60 42 46 76 99 59 70 38 0 39 46 76 42 78 79 98 71 21 78 46 53 72 0 89
y
25 23 35 10 47 25 35 49 27 11 16 28 23 24 39 42 47 27 39 10 48 47 8 12 13 40 26 33 19 16 21 11 9 37 21 15 19 19 42 2 8 19 37 16 2 2 48 39 36 4 0 25
d
0.0 41.04875 31.622776 21.931713 79.12016 43.0 63.788715 24.738634 78.025635 51.92302 9.219544 83.0542 88.02273 27.018513 14.56022 65.25335 31.827662 39.051247 87.13208 75.50497 43.56604 82.006096 86.683334 13.928389 84.85281 17.492855 41.01219 71.44928 29.614185 47.853943 43.185646 19.104973 18.867962 32.31099 19.416489 51.971146 89.20202 50.358715 46.238514 26.41969 49.979996 12.529964 15.6205 12.727922 29.206163 71.7844 25.495098 45.221676 37.64306 27.018513 92.44458 0.0
41.04875 0.0 16.27882 28.178005 42.43819 2.828427 25.059929 53.712196 37.215588 15.0 43.56604 42.296574 47.0 14.035668 47.759815 29.068884 30.0 4.472136 47.759815 35.468296 25.317978 44.94441 46.486557 37.64306 44.14748 52.810986 3.0 31.622776 12.649111 9.219544 2.828427 30.463093 52.886673 17.804493 22.090721 12.806249 48.166378 9.848858 19.104973 35.0 16.155495 30.265491 34.0147 50.48762 31.144823 34.20526 39.051247 16.124516 13.928389 30.610456 53.225933 41.04875
31.622776 16.27882 0.0 28.653097 47.539455 16.40122 33.0 38.626415 48.6621 31.241 37.215588 53.460266 59.22837 11.401754 34.234486 33.734257 13.892444 12.0415945 56.142673 50.606323 14.764823 50.447994 61.269894 33.970577 58.30952 39.319206 14.21267 41.04875 16.03122 25.495098 19.104973 29.410883 47.707443 2.0 17.804493 29.0 61.13101 25.612497 14.764823 37.12142 31.906113 24.839485 20.09975 43.382023 35.1141 50.32892 23.021729 13.601471 6.0827627 33.61547 68.60029 31.622776
21.931713 28.178005 28.653097 0.0 70.491135 30.88689 53.235325 44.777225 64.288414 34.0147 18.973665 69.375786 73.1642 17.804493 35.22783 56.859474 37.65634 28.600698 75.76939 58.0 43.416588 73.061615 69.02898 11.18034 68.06615 39.051247 29.681644 59.615433 15.811388 31.575306 29.15476 3.1622777 26.019224 30.413813 11.401754 35.35534 73.552704 35.17101 41.868843 8.5440035 31.06445 10.29563 27.658634 25.70992 8.246211 52.611786 38.327538 39.623226 32.80244 6.0827627 73.68175 21.931713
79.12016 42.43819 47.539455 70.491135 0.0 39.661064 17.691807 82.02438 20.09975 44.407207 83.9345 20.248457 26.832815 54.129475 80.399 13.928389 53.0 42.059483 12.806249 37.054016 39.012817 3.0 40.024994 79.15807 34.928497 85.28775 40.81666 14.866069 54.708317 42.44997 42.0119 72.56032 94.02127 47.07441 62.649822 40.60788 30.870699 38.209946 33.37664 77.42093 48.60041 70.77429 66.75328 90.47652 73.409805 45.705578 65.00769 33.955853 41.484936 73.00685 48.76474 79.12016
43.0 2.828427 16.40122 30.88689 39.661064 0.0 22.36068 54.56189 35.057095 15.652476 45.891174 40.112343 45.044422 16.03122 49.0408 26.24881 29.732138 4.472136 45.221676 34.43835 23.769728 42.190044 45.310043 40.16217 42.72002 54.120235 2.236068 29.12044 15.231546 9.848858 4.0 33.105892 55.362442 17.691807 24.33105 12.806249 46.389652 9.219544 17.0 37.802116 17.464249 32.55764 35.1141 52.773098 33.970577 33.970577 39.40812 14.0 13.038404 33.42155 52.35456 43.0
63.788715 25.059929 33.0 53.235325 17.691807 22.36068 0.0 70.40597 17.0 27.294687 67.72001 21.189621 27.730848 37.64306 67.11929 7.0 41.761227 25.298222 23.345236 27.313 29.068884 20.0 34.828148 62.39391 30.413813 72.1734 23.769728 8.246211 37.576588 24.839485 24.41311 55.461697 77.491936 33.06055 46.173584 23.323807 30.528675 20.615528 21.189621 59.908264 31.38471 54.405884 53.037724 74.46476 55.803226 33.37664 53.600372 20.396078 27.018513 55.470715 43.60046 63.788715
24.738634 53.712196 38.626415 44.777225 82.02438 54.56189 70.40597 0.0 86.833176 67.6757 33.24154 91.44397 97.52948 41.400482 10.198039 69.354164 29.068884 50.08992 92.541885 89.0 43.011627 85.02353 99.80982 38.600517 96.93297 9.486833 52.3259 78.64477 46.09772 62.433964 56.435802 42.48529 40.1995 37.94733 37.536648 66.37017 99.62429 63.529522 49.497475 50.695168 67.00746 34.48188 20.0 33.13608 52.773098 87.66413 17.029387 50.01 43.965897 50.537113 106.89247 24.738634
78.025635 37.215588 48.6621 64.288414 20.09975 35.057095 17.0 86.833176 0.0 32.24903 80.75271 5.0990195 10.770329 51.088158 82.8734 21.213203 58.5235 39.0 14.422205 17.464249 46.06517 20.024984 20.248457 74.52516 15.231546 87.965904 37.01351 9.219544 49.648766 32.89377 35.510563 66.94027 89.822044 49.0306 59.3043 29.546574 13.601471 29.12044 38.078865 69.641945 36.359318 67.47592 68.73136 87.69264 65.0 26.925823 70.21396 37.0 42.953465 65.192024 29.15476 78.025635
51.92302 15.0 31.241 34.0147 44.407207 15.652476 27.294687 67.6757 32.24903 0.0 52.23983 37.12142 39.849716 26.41969 60.827625 33.61547 45.0 19.416489 45.607018 24.020824 39.217342 46.227695 35.128338 45.01111 34.058773 65.74192 17.492855 30.413813 22.472204 5.8309517 12.206555 37.0 60.033325 32.80244 32.572994 4.1231055 39.812057 8.0 31.780497 38.078865 4.2426405 39.812057 47.707443 59.211487 33.24154 20.12461 53.75872 28.86174 28.653097 33.734257 40.5216 51.92302
9.219544 43.56604 37.215588 18.973665 83.9345 45.891174 67.72001 33.24154 80.75271 52.23983 0.0 85.84288 90.27181 30.083218 23.086792 70.00714 39.824615 42.44997 90.95603 76.23647 50.447994 86.72946 87.36704 8.062258 86.05231 25.0 44.14748 74.953316 31.144823 49.0 45.276924 15.811388 10.630146 38.27532 21.587032 53.009434 91.04944 52.086468 51.971146 20.518284 49.648766 13.341664 24.186773 7.0 24.41311 71.38628 34.539833 50.537113 42.941822 22.472204 92.39589 9.219544
83.0542 42.296574 53.460266 69.375786 20.248457 40.112343 21.189621 91.44397 5.0990195 37.12142 85.84288 0.0 7.071068 56.142673 87.69264 24.41311 62.936478 44.011364 11.401754 20.12461 50.159744 19.416489 20.09975 79.624115 15.033297 92.779305 42.047592 13.0 54.74486 37.94733 40.60788 72.03471 94.92102 53.75872 64.381676 34.539833 10.816654 34.20526 42.379242 74.672615 41.18252 72.56032 73.552704 92.779305 70.00714 30.016663 74.726166 41.484936 47.67599 70.2282 28.635643 83.0542
88.02273 47.0 59.22837 73.1642 26.832815 45.044422 27.730848 97.52948 10.770329 39.849716 90.27181 7.071068 0.0 61.008198 93.38094 31.400637 69.289246 49.162994 16.124516 19.104973 56.797886 25.632011 15.297058 83.725746 10.770329 98.478424 47.095646 19.723083 59.135437 41.59327 45.044422 75.95393 98.99495 59.665737 69.02898 37.85499 4.1231055 38.209946 48.8467 77.88453 43.65776 77.10383 79.24645 97.25225 73.082146 29.0 80.95678 47.759815 53.600372 73.4983 23.021729 88.02273
27.018513 14.035668 11.401754 17.804493 54.129475 16.03122 37.64306 41.400482 51.088158 26.41969 30.083218 56.142673 61.008198 0.0 34.43835 40.24922 23.345236 12.369317 60.876926 49.0408 26.0 56.859474 60.166435 25.059929 58.0517 39.39543 14.142136 44.911022 5.3851647 21.540659 16.27882 19.104973 39.92493 13.341664 8.5440035 25.632011 62.201286 23.537205 24.083189 26.076809 25.612497 16.763054 21.400934 36.878178 23.769728 46.52956 28.84441 21.931713 15.0 22.36068 66.48308 27.018513
14.56022 47.759815 34.234486 35.22783 80.399 49.0408 67.11929 10.198039 82.8734 60.827625 23.086792 87.69264 93.38094 34.43835 0.0 67.06713 28.160255 44.64303 90.0 83.21658 41.976185 83.38465 94.24436 28.460499 91.76056 5.0990195 46.840153 75.23962 38.587563 55.946404 50.32892 32.75668 30.594116 34.058773 29.206163 60.00833 95.12623 57.58472 47.095646 40.718548 59.682495 25.0 14.142136 23.537205 43.046486 80.9506 17.492855 47.0 40.112343 40.81666 100.84642 14.56022
65.25335 29.068884 33.734257 56.859474 13.928389 26.24881 7.0 69.354164 21.213203 33.61547 70.00714 24.41311 31.400637 40.24922 67.06713 0.0 40.311287 28.301943 23.194826 33.83785 26.683329 16.763054 40.496914 65.29931 35.805027 72.02777 27.202942 12.0415945 41.04875 30.528675 29.0 58.830265 80.11242 33.37664 48.754486 29.546574 34.713108 26.41969 20.0 64.03124 37.576588 56.859474 53.235325 76.55064 60.207973 40.311287 52.34501 20.22375 27.658634 59.665737 49.396355 65.25335
31.827662 30.0 13.892444 37.65634 53.0 29.732138 41.761227 29.068884 58.5235 45.0 39.824615 62.936478 69.289246 23.345236 28.160255 40.311287 0.0 25.612497 63.505905 63.007935 14.035668 56.0 73.24616 39.357338 69.83552 32.75668 27.658634 50.0 28.635643 39.20459 32.80244 37.363083 50.32892 12.206555 26.305893 42.520584 71.693794 38.8973 20.615528 46.09772 45.79301 30.463093 16.40122 44.553337 45.276924 63.63961 12.0415945 21.540659 17.029387 43.416588 81.02469 31.827662
39.051247 4.472136 12.0415945 28.600698 42.059483 4.472136 25.298222 50.08992 39.0 19.416489 42.44997 44.011364 49.162994 12.369317 44.64303 28.301943 25.612497 0.0 48.507732 38.910152 21.095022 44.72136 49.76947 37.161808 47.127487 49.729267 2.236068 32.55764 12.806249 13.601471 7.2111025 30.528675 52.201534 13.453624 20.880613 16.970562 50.635956 13.601471 15.524175 36.069378 20.615528 29.12044 30.675724 49.24429 32.649654 38.28838 35.0 12.649111 9.486833 31.827662 56.82429 39.051247
87.13208 47.759815 56.142673 75.76939 12.806249 45.221676 23.345236 92.541885 14.422205 45.607018 90.95603 11.401754 16.124516 60.876926 90.0 23.194826 63.505905 48.507732 0.0 31.38471 49.819675 10.630146 31.016125 85.3815 26.076809 95.005264 46.840153 16.155495 60.40695 45.276924 46.615448 78.18568 100.57833 56.0357 69.375786 42.43819 20.22375 41.18252 43.104523 81.84131 49.819675 77.62087 76.02631 97.74457 77.41447 41.14608 75.53807 43.0 50.08992 77.36925 39.115215 87.13208
75.50497 35.468296 50.606323 58.0 37.054016 34.43835 27.313 89.0 17.464249 24.020824 76.23647 20.12461 19.104973 49.0408 83.21658 33.83785 63.007935 38.910152 31.38471 0.0 53.037724 37.336308 11.18034 69.02898 10.440307 88.25531 36.67424 23.194826 45.891174 27.658634 32.89377 61.008198 84.00595 51.62364 56.089214 23.537205 17.492855 25.632011 44.553337 61.522354 27.073973 63.63961 69.46222 83.21658 56.568542 10.0 73.57309 42.44997 46.043457 57.31492 18.027756 75.50497
43.56604 25.317978 14.764823 43.416588 39.012817 23.769728 29.068884 43.011627 46.06517 39.217342 50.447994 50.159744 56.797886 26.0 41.976185 26.683329 14.035668 21.095022 49.819675 53.037724 0.0 42.0119 62.482 48.166378 58.60034 46.69047 22.36068 37.161808 30.083218 33.526108 27.658634 44.102154 61.073727 13.038404 32.449963 35.846897 59.5399 31.780497 8.485281 51.884487 41.231056 38.948685 29.15476 56.0357 49.76947 55.470715 26.0 10.816654 12.0415945 48.332184 70.76723 43.56604
82.006096 44.94441 50.447994 73.061615 3.0 42.190044 20.0 85.02353 20.024984 46.227695 86.72946 19.416489 25.632011 56.859474 83.38465 16.763054 56.0 44.72136 10.630146 37.336308 42.0119 0.0 39.45884 81.859634 34.36568 88.27797 43.416588 16.124516 57.306194 44.553337 44.407207 75.17979 96.77293 50.01 65.39113 42.520584 29.732138 40.311287 36.345562 79.881165 50.447994 73.53911 69.72087 93.30059 75.802376 46.32494 68.007355 36.878178 44.38468 75.45197 48.052055 82.006096
86.683334 46.486557 61.269894 69.02898 40.024994 45.310043 34.828148 99.80982 20.248457 35.128338 87.36704 20.09975 15.297058 60.166435 94.24436 40.496914 73.24616 49.76947 31.016125 11.18034 62.482 39.45884 0.0 80.09994 5.0990195 99.29753 47.539455 28.653097 57.070133 38.832977 43.965897 72.06247 95.005264 62.177166 67.26812 34.713108 11.7046995 36.687874 54.037025 72.249565 38.0 74.8131 80.411446 94.33981 67.26812 18.027756 84.118965 52.201534 56.435802 68.117546 8.944272 86.683334
13.928389 37.64306 33.970577 11.18034 79.15807 40.16217 62.39391 38.600517 74.52516 45.01111 8.062258 79.624115 83.725746 25.059929 28.460499 65.29931 39.357338 37.161808 85.3815 69.02898 48.166378 81.859634 80.09994 0.0 79.00633 31.304953 38.626415 69.260376 25.0 42.190044 39.051247 8.062258 15.297058 35.35534 16.643316 46.09772 84.29116 45.54119 48.414875 12.806249 42.190044 9.219544 25.495098 14.56022 16.40122 63.788715 36.496574 46.615448 39.20459 14.422205 84.85281 13.928389
84.85281 44.14748 58.30952 68.06615 34.928497 42.72002 30.413813 96.93297 15.231546 34.058773 86.05231 15.033297 10.770329 58.0517 91.76056 35.805027 69.83552 47.127487 26.076809 10.440307 58.60034 34.36568 5.0990195 79.00633 0.0 96.84007 44.922153 23.853722 55.326305 37.12142 41.773197 71.02816 94.08507 59.093147 65.490456 33.06055 7.81025 34.525352 50.219517 71.84706 37.336308 73.24616 77.7946 93.04838 66.910385 19.416489 80.95678 48.548943 53.225933 67.601776 13.928389 84.85281
17.492855 52.810986 39.319206 39.051247 85.28775 54.120235 72.1734 9.486833 87.965904 65.74192 25.0 92.779305 98.478424 39.39543 5.0990195 72.02777 32.75668 49.729267 95.005264 88.25531 46.69047 88.27797 99.29753 31.304953 96.84007 0.0 51.92302 80.305664 43.416588 60.926186 55.362442 36.40055 31.016125 39.115215 33.83785 65.0 100.22475 62.625874 52.03845 43.908997 64.49806 29.0 19.235384 24.0 46.615448 85.86617 21.540659 52.009613 45.17743 44.407207 105.848946 17.492855
41.01219 3.0 14.21267 29.681644 40.81666 2.236068 23.769728 52.3259 37.01351 17.492855 44.14748 42.047592 47.095646 14.142136 46.840153 27.202942 27.658634 2.236068 46.840153 36.67424 22.36068 43.416588 47.539455 38.626415 44.922153 51.92302 0.0 30.805843 13.892444 11.661903 5.3851647 31.764761 53.75872 15.556349 22.561028 14.866069 48.507732 11.401754 16.124516 36.878178 18.973665 30.805843 32.89377 50.990196 33.24154 36.124783 37.202152 13.152946 11.18034 32.55764 54.589375 41.01219
71.44928 31.622776 41.04875 59.615433 14.866069 29.12044 8.246211 78.64477 9.219544 30.413813 74.953316 13.0 19.723083 44.911022 75.23962 12.0415945 50.0 32.55764 16.155495 23.194826 37.161808 16.124516 28.653097 69.260376 23.853722 80.305664 30.805843 0.0 44.27189 29.410883 30.463093 62.03225 84.48077 41.19466 53.366657 26.907248 22.803509 25.23886 29.410883 65.76473 34.655445 61.611687 61.13101 81.78631 61.400326 31.144823 61.846584 28.635643 35.128338 61.294373 37.589893 71.44928
29.614185 12.649111 16.03122 15.811388 54.708317 15.231546 37.576588 46.09772 49.648766 22.472204 31.144823 54.74486 59.135437 5.3851647 38.587563 41.04875 28.635643 12.806249 60.40695 45.891174 30.083218 57.306194 57.070133 25.0 55.326305 43.416588 13.892444 44.27189 0.0 18.248287 14.142136 17.888544 40.261642 18.027756 10.198039 22.36068 60.0 21.0 26.925823 23.345236 21.095022 18.0 26.172504 38.118237 20.248457 42.544094 34.132095 24.41311 18.384777 19.209373 62.936478 29.614185
47.853943 9.219544 25.495098 31.575306 42.44997 9.848858 24.839485 62.433964 32.89377 5.8309517 49.0 37.94733 41.59327 21.540659 55.946404 30.528675 39.20459 13.601471 45.276924 27.658634 33.526108 44.553337 38.832977 42.190044 37.12142 60.926186 11.661903 29.410883 18.248287 0.0 6.4031243 34.36568 57.428215 27.018513 28.442924 4.1231055 42.107006 4.2426405 26.305893 36.769554 8.0 36.124783 42.544094 56.0 32.202484 25.23886 48.166378 23.345236 22.825424 32.31099 44.94441 47.853943
43.185646 2.828427 19.104973 29.15476 42.0119 4.0 24.41311 56.435802 35.510563 12.206555 45.276924 40.60788 45.044422 16.27882 50.32892 29.0 32.80244 7.2111025 46.615448 32.89377 27.658634 44.407207 43.965897 39.051247 41.773197 55.362442 5.3851647 30.463093 14.142136 6.4031243 0.0 31.622776 54.34151 20.615528 24.0 10.0 46.043457 7.28011 21.0 35.510563 13.601471 32.06244 36.67424 52.23983 31.400637 31.400637 41.868843 18.0 16.552946 31.06445 50.566788 43.185646
19.104973 30.463093 29.410883 3.1622777 72.56032 33.105892 55.461697 42.48529 66.94027 37.0 15.811388 72.03471 75.95393 19.104973 32.75668 58.830265 37.363083 30.528675 78.18568 61.008198 44.102154 75.17979 72.06247 8.062258 71.02816 36.40055 31.764761 62.03225 17.888544 34.36568 31.622776 0.0 23.086792 31.06445 11.661903 38.209946 76.41989 37.85499 43.13931 9.0 34.132095 8.246211 26.172504 22.561028 10.29563 55.7315 37.054016 41.036568 33.970577 8.062258 76.79192 19.104973
18.867962 52.886673 47.707443 26.019224 94.02127 55.362442 77.491936 40.1995 89.822044 60.033325 10.630146 94.92102 98.99495 39.92493 30.594116 80.11242 50.32892 52.201534 100.57833 84.00595 61.073727 96.77293 95.005264 15.297058 94.08507 31.016125 53.75872 84.48077 40.261642 57.428215 54.34151 23.086792 0.0 48.82622 31.38471 61.294373 99.50377 60.827625 62.433964 24.04163 57.00877 23.259407 34.4093 7.071068 28.86174 78.31347 44.294468 60.90156 53.338543 27.45906 99.40825 18.867962
32.31099 17.804493 2.0 30.413813 47.07441 17.691807 33.06055 37.94733 49.0306 32.80244 38.27532 53.75872 59.665737 13.341664 34.058773 33.37664 12.206555 13.453624 56.0357 51.62364 13.038404 50.01 62.177166 35.35534 59.093147 39.115215 15.556349 41.19466 18.027756 27.018513 20.615528 31.06445 48.82622 0.0 19.416489 30.413813 61.68468 26.907248 13.928389 38.910152 33.61547 26.172504 20.0 44.294468 37.0 51.662365 21.954498 13.152946 6.0827627 35.468296 69.641945 32.31099
19.416489 22.090721 17.804493 11.401754 62.649822 24.33105 46.173584 37.536648 59.3043 32.572994 21.587032 64.381676 69.02898 8.5440035 29.206163 48.754486 26.305893 20.880613 69.375786 56.089214 32.449963 65.39113 67.26812 16.643316 65.490456 33.83785 22.561028 53.366657 10.198039 28.442924 24.0 11.661903 31.38471 19.416489 0.0 32.55764 70.028564 31.06445 31.890438 19.924858 30.870699 8.246211 18.35756 28.442924 19.026299 52.554733 28.160255 30.0 22.671568 17.117243 73.082146 19.416489
51.971146 12.806249 29.0 35.35534 40.60788 12.806249 23.323807 66.37017 29.546574 4.1231055 53.009434 34.539833 37.85499 25.632011 60.00833 29.546574 42.520584 16.970562 42.43819 23.537205 35.846897 42.520584 34.713108 46.09772 33.06055 65.0 14.866069 26.907248 22.36068 4.1231055 10.0 38.209946 61.294373 30.413813 32.55764 0.0 38.209946 4.1231055 28.160255 40.16217 8.062258 40.1995 46.52956 60.00833 35.468296 21.400934 51.855568 25.298222 25.806976 35.735138 40.853397 51.971146
89.20202 48.166378 61.13101 73.552704 30.870699 46.389652 30.528675 99.62429 13.601471 39.812057 91.04944 10.816654 4.1231055 62.201286 95.12623 34.713108 71.693794 50.635956 20.22375 17.492855 59.5399 29.732138 11.7046995 84.29116 7.81025 100.22475 48.507732 22.803509 60.0 42.107006 46.043457 76.41989 99.50377 61.68468 70.028564 38.209946 0.0 39.0 51.42956 77.87811 43.416588 78.0 81.02469 98.045906 73.00685 27.018513 83.21658 50.159744 55.65968 73.545906 19.0 89.20202
50.358715 9.848858 25.612497 35.17101 38.209946 9.219544 20.615528 63.529522 29.12044 8.0 52.086468 34.20526 38.209946 23.537205 57.58472 26.41969 38.8973 13.601471 41.18252 25.632011 31.780497 40.311287 36.687874 45.54119 34.525352 62.625874 11.401754 25.23886 21.0 4.2426405 7.28011 37.85499 60.827625 26.907248 31.06445 4.1231055 39.0 0.0 24.04163 40.718548 11.401754 39.0 43.863426 59.07622 36.23534 24.758837 48.60041 21.189621 22.022715 36.249138 43.382023 50.358715
46.238514 19.104973 14.764823 41.868843 33.37664 17.0 21.189621 49.497475 38.078865 31.780497 51.971146 42.379242 48.8467 24.083189 47.095646 20.0 20.615528 15.524175 43.104523 44.553337 8.485281 36.345562 54.037025 48.414875 50.219517 52.03845 16.124516 29.410883 26.925823 26.305893 21.0 43.13931 62.433964 13.928389 31.890438 28.160255 51.42956 24.04163 0.0 50.0 34.234486 39.40812 33.37664 58.137768 47.169907 47.169907 32.55764 3.0 9.219544 46.043457 62.289646 46.238514
26.41969 35.0 37.12142 8.5440035 77.42093 37.802116 59.908264 50.695168 69.641945 38.078865 20.518284 74.672615 77.88453 26.076809 40.718548 64.03124 46.09772 36.069378 81.84131 61.522354 51.884487 79.881165 72.249565 12.806249 71.84706 43.908997 36.878178 65.76473 23.345236 36.769554 35.510563 9.0 24.04163 38.910152 19.924858 40.16217 77.87811 40.718548 50.0 0.0 34.525352 17.117243 35.128338 26.076809 5.0 55.0 46.043457 47.63402 41.04875 4.472136 76.02631 26.41969
49.979996 16.155495 31.906113 31.06445 48.60041 17.464249 31.38471 67.00746 36.359318 4.2426405 49.648766 41.18252 43.65776 25.612497 59.682495 37.576588 45.79301 20.615528 49.819675 27.073973 41.231056 50.447994 38.0 42.190044 37.336308 64.49806 18.973665 34.655445 21.095022 8.0 13.601471 34.132095 57.00877 33.61547 30.870699 8.062258 43.416588 11.401754 34.234486 34.525352 0.0 37.64306 47.010635 56.568542 29.614185 21.84033 53.814495 31.257 30.083218 30.265491 42.755116 49.979996
12.529964 30.265491 24.839485 10.29563 70.77429 32.55764 54.405884 34.48188 67.47592 39.812057 13.341664 72.56032 77.10383 16.763054 25.0 56.859474 30.463093 29.12044 77.62087 63.63961 38.948685 73.53911 74.8131 9.219544 73.24616 29.0 30.805843 61.611687 18.0 36.124783 32.06244 8.246211 23.259407 26.172504 8.246211 40.1995 78.0 39.0 39.40812 17.117243 37.64306 0.0 18.027756 20.22375 18.384777 59.48109 29.0 37.735924 30.232433 16.155495 80.280754 12.529964
15.6205 34.0147 20.09975 27.658634 66.75328 35.1141 53.037724 20.0 68.73136 47.707443 24.186773 73.552704 79.24645 21.400934 14.142136 53.235325 16.40122 30.675724 76.02631 69.46222 29.15476 69.72087 80.411446 25.495098 77.7946 19.235384 32.89377 61.13101 26.172504 42.544094 36.67424 26.172504 34.4093 20.0 18.35756 46.52956 81.02469 43.863426 33.37664 35.128338 47.010635 18.027756 0.0 28.319605 35.902645 67.74216 11.045361 33.06055 26.019224 33.734257 87.23531 15.6205
12.727922 50.48762 43.382023 25.70992 90.47652 52.773098 74.46476 33.13608 87.69264 59.211487 7.0 92.779305 97.25225 36.878178 23.537205 76.55064 44.553337 49.24429 97.74457 83.21658 56.0357 93.30059 94.33981 14.56022 93.04838 24.0 50.990196 81.78631 38.118237 56.0 52.23983 22.561028 7.071068 44.294468 28.442924 60.00833 98.045906 59.07622 58.137768 26.076809 56.568542 20.22375 28.319605 0.0 30.413813 78.26238 37.735924 56.859474 49.24429 28.635643 99.29753 12.727922
29.206163 31.144823 35.1141 8.246211 73.409805 33.970577 55.803226 52.773098 65.0 33.24154 24.41311 70.00714 73.082146 23.769728 43.046486 60.207973 45.276924 32.649654 77.41447 56.568542 49.76947 75.802376 67.26812 16.40122 66.910385 46.615448 33.24154 61.400326 20.248457 32.202484 31.400637 10.29563 28.86174 37.0 19.026299 35.468296 73.00685 36.23534 47.169907 5.0 29.614185 18.384777 35.902645 30.413813 0.0 50.0 46.52956 44.65423 38.470768 2.236068 71.02816 29.206163
71.7844 34.20526 50.32892 52.611786 45.705578 33.970577 33.37664 87.66413 26.925823 20.12461 71.38628 30.016663 29.0 46.52956 80.9506 40.311287 63.63961 38.28838 41.14608 10.0 55.470715 46.32494 18.027756 63.788715 19.416489 85.86617 36.124783 31.144823 42.544094 25.23886 31.400637 55.7315 78.31347 51.662365 52.554733 21.400934 27.018513 24.758837 47.169907 55.0 21.84033 59.48109 67.74216 78.26238 50.0 0.0 73.24616 44.65423 46.69047 51.0392 21.095022 71.7844
25.495098 39.051247 23.021729 38.327538 65.00769 39.40812 53.600372 17.029387 70.21396 53.75872 34.539833 74.726166 80.95678 28.84441 17.492855 52.34501 12.0415945 35.0 75.53807 73.57309 26.0 68.007355 84.118965 36.496574 80.95678 21.540659 37.202152 61.846584 34.132095 48.166378 41.868843 37.054016 44.294468 21.954498 28.160255 51.855568 83.21658 48.60041 32.55764 46.043457 53.814495 29.0 11.045361 37.735924 46.52956 73.24616 0.0 33.24154 27.730848 44.407207 91.58602 25.495098
45.221676 16.124516 13.601471 39.623226 33.955853 14.0 20.396078 50.01 37.0 28.86174 50.537113 41.484936 47.759815 21.931713 47.0 20.22375 21.540659 12.649111 43.0 42.44997 10.816654 36.878178 52.201534 46.615448 48.548943 52.009613 13.152946 28.635643 24.41311 23.345236 18.0 41.036568 60.90156 13.152946 30.0 25.298222 50.159744 21.189621 3.0 47.63402 31.257 37.735924 33.06055 56.859474 44.65423 44.65423 33.24154 0.0 7.615773 43.60046 60.307545 45.221676
37.64306 13.928389 6.0827627 32.80244 41.484936 13.038404 27.018513 43.965897 42.953465 28.653097 42.941822 47.67599 53.600372 15.0 40.112343 27.658634 17.029387 9.486833 50.08992 46.043457 12.0415945 44.38468 56.435802 39.20459 53.225933 45.17743 11.18034 35.128338 18.384777 22.825424 16.552946 33.970577 53.338543 6.0827627 22.671568 25.806976 55.65968 22.022715 9.219544 41.04875 30.083218 30.232433 26.019224 49.24429 38.470768 46.69047 27.730848 7.615773 0.0 37.215588 64.070274 37.64306
27.018513 30.610456 33.61547 6.0827627 73.00685 33.42155 55.470715 50.537113 65.192024 33.734257 22.472204 70.2282 73.4983 22.36068 40.81666 59.665737 43.416588 31.827662 77.36925 57.31492 48.332184 75.45197 68.117546 14.422205 67.601776 44.407207 32.55764 61.294373 19.209373 32.31099 31.06445 8.062258 27.45906 35.468296 17.117243 35.735138 73.545906 36.249138 46.043457 4.472136 30.265491 16.155495 33.734257 28.635643 2.236068 51.0392 44.407207 43.60046 37.215588 0.0 72.11102 27.018513
92.44458 53.225933 68.60029 73.68175 48.76474 52.35456 43.60046 106.89247 29.15476 40.5216 92.39589 28.635643 23.021729 66.48308 100.84642 49.396355 81.02469 56.82429 39.115215 18.027756 70.76723 48.052055 8.944272 84.85281 13.928389 105.848946 54.589375 37.589893 62.936478 44.94441 50.566788 76.79192 99.40825 69.641945 73.082146 40.853397 19.0 43.382023 62.289646 76.02631 42.755116 80.280754 87.23531 99.29753 71.02816 21.095022 91.58602 60.307545 64.070274 72.11102 0.0 92.44458
0.0 41.04875 31.622776 21.931713 79.12016 43.0 63.788715 24.738634 78.025635 51.92302 9.219544 83.0542 88.02273 27.018513 14.56022 65.25335 31.827662 39.051247 87.13208 75.50497 43.56604 82.006096 86.683334 13.928389 84.85281 17.492855 41.01219 71.44928 29.614185 47.853943 43.185646 19.104973 18.867962 32.31099 19.416489 51.971146 89.20202 50.358715 46.238514 26.41969 49.979996 12.529964 15.6205 12.727922 29.206163 71.7844 25.495098 45.221676 37.64306 27.018513 92.44458 0.0
p
0 0 0 0 0 0
0 0 0 0 0 0
0 0 0 0 0 0
0 0 0 0 0 0
0 0 0 0 0 0
0 0 0 0 0 0
0 0 0 0 0 0
0 0 0 0 0 0
0 0 0 0 0 0
0 0 0 0 0 0
17.0 17.0 17.0 17.0 17.0 17.0
17.0 17.0 17.0 17.0 17.0 17.0
17.0 17.0 17.0 17.0 17.0 17.0
17.0 17.0 17.0 17.0 17.0 17.0
17.0 17.0 17.0 17.0 17.0 17.0
17.0 17.0 17.0 17.0 17.0 17.0
17.0 17.0 17.0 17.0 17.0 17.0
17.0 17.0 17.0 17.0 17.0 17.0
17.0 17.0 17.0 17.0 17.0 17.0
17.0 17.0 17.0 17.0 17.0 17.0
17.0 17.0 17.0 17.0 17.0 17.0
17.0 17.0 17.0 17.0 17.0 17.0
17.0 17.0 17.0 17.0 17.0 17.0
17.0 17.0 17.0 17.0 17.0 17.0
17.0 17.0 17.0 17.0 17.0 17.0
17.0 17.0 17.0 17.0 17.0 17.0
17.0 17.0 17.0 17.0 17.0 17.0
17.0 17.0 17.0 17.0 17.0 17.0
17.0 17.0 17.0 17.0 17.0 17.0
17.0 17.0 17.0 17.0 17.0 17.0
17.0 17.0 17.0 17.0 17.0 17.0
17.0 17.0 17.0 17.0 17.0 17.0
17.0 17.0 17.0 17.0 17.0 17.0
17.0 17.0 17.0 17.0 17.0 17.0
17.0 17.0 17.0 17.0 17.0 17.0
17.0 17.0 17.0 17.0 17.0 17.0
17.0 17.0 17.0 17.0 17.0 17.0
17.0 17.0 17.0 17.0 17.0 17.0
17.0 17.0 17.0 17.0 17.0 17.0
17.0 17.0 17.0 17.0 17.0 17.0
17.0 17.0 17.0 17.0 17.0 17.0
17.0 17.0 17.0 17.0 17.0 17.0
17.0 17.0 17.0 17.0 17.0 17.0
17.0 17.0 17.0 17.0 17.0 17.0
17.0 17.0 17.0 17.0 17.0 17.0
17.0 17.0 17.0 17.0 17.0 17.0
17.0 17.0 17.0 17.0 17.0 17.0
17.0 17.0 17.0 17.0 17.0 17.0
17.0 17.0 17.0 17.0 17.0 17.0
17.0 17.0 17.0 17.0 17.0 17.0
17.0 17.0 17.0 17.0 17.0 17.0
17.0 17.0 17.0 17.0 17.0 17.0
17.0 17.0 17.0 17.0 17.0 17.0
17.0 17.0 17.0 17.0 17.0 17.0
17.0 17.0 17.0 17.0 17.0 17.0
17.0 17.0 17.0 17.0 17.0 17.0
17.0 17.0 17.0 17.0 17.0 17.0
17.0 17.0 17.0 17.0 17.0 17.0
17.0 17.0 17.0 17.0 17.0 17.0
17.0 17.0 17.0 17.0 17.0 17.0
17.0 17.0 17.0 17.0 17.0 17.0
17.0 17.0 17.0 17.0 17.0 17.0
17.0 17.0 17.0 17.0 17.0 17.0
17.0 17.0 17.0 17.0 17.0 17.0
17.0 17.0 17.0 17.0 17.0 17.0
17.0 17.0 17.0 17.0 17.0 17.0
17.0 17.0 17.0 17.0 17.0 17.0
17.0 17.0 17.0 17.0 17.0 17.0
17.0 17.0 17.0 17.0 17.0 17.0
17.0 17.0 17.0 17.0 17.0 17.0
17.0 17.0 17.0 17.0 17.0 17.0
17.0 17.0 17.0 17.0 17.0 17.0
17.0 17.0 17.0 17.0 17.0 17.0
17.0 17.0 17.0 17.0 17.0 17.0
17.0 17.0 17.0 17.0 17.0 17.0
17.0 17.0 17.0 17.0 17.0 17.0
17.0 17.0 17.0 17.0 17.0 17.0
17.0 17.0 17.0 17.0 17.0 17.0
17.0 17.0 17.0 17.0 17.0 17.0
17.0 17.0 17.0 17.0 17.0 17.0
17.0 17.0 17.0 17.0 17.0 17.0
17.0 17.0 17.0 17.0 17.0 17.0
17.0 17.0 17.0 17.0 17.0 17.0
17.0 17.0 17.0 17.0 17.0 17.0
17.0 17.0 17.0 17.0 17.0 17.0
17.0 17.0 17.0 17.0 17.0 17.0
17.0 17.0 17.0 17.0 17.0 17.0
17.0 17.0 17.0 17.0 17.0 17.0
17.0 17.0 17.0 17.0 17.0 17.0
17.0 17.0 17.0 17.0 17.0 17.0
17.0 17.0 17.0 17.0 17.0 17.0
17.0 17.0 17.0 17.0 17.0 17.0
17.0 17.0 17.0 17.0 17.0 17.0
17.0 17.0 17.0 17.0 17.0 17.0
17.0 17.0 17.0 17.0 17.0 17.0
17.0 17.0 17.0 17.0 17.0 17.0
17.0 17.0 17.0 17.0 17.0 17.0
17.0 17.0 17.0 17.0 17.0 17.0
17.0 17.0 17.0 17.0 17.0 17.0
17.0 17.0 17.0 17.0 17.0 17.0
17.0 17.0 17.0 17.0 17.0 17.0
17.0 17.0 17.0 17.0 17.0 17.0
17.0 17.0 17.0 17.0 17.0 17.0
17.0 17.0 17.0 17.0 17.0 17.0
17.0 17.0 17.0 17.0 17.0 17.0
17.0 17.0 17.0 17.0 17.0 17.0
17.0 17.0 17.0 17.0 17.0 17.0
17.0 17.0 17.0 17.0 17.0 17.0
17.0 17.0 17.0 17.0 17.0 17.0
17.0 17.0 17.0 17.0 17.0 17.0
17.0 17.0 17.0 17.0 17.0 17.0
17.0 17.0 17.0 17.0 17.0 17.0
17.0 17.0 17.0 17.0 17.0 17.0
17.0 17.0 17.0 17.0 17.0 17.0
17.0 17.0 17.0 17.0 17.0 17.0
17.0 17.0 17.0 17.0 17.0 17.0
17.0 17.0 17.0 17.0 17.0 17.0
17.0 17.0 17.0 17.0 17.0 17.0
17.0 17.0 17.0 17.0 17.0 17.0
17.0 17.0 17.0 17.0 17.0 17.0
17.0 17.0 17.0 17.0 17.0 17.0
17.0 17.0 17.0 17.0 17.0 17.0
17.0 17.0 17.0 17.0 17.0 17.0
17.0 17.0 17.0 17.0 17.0 17.0
17.0 17.0 17.0 17.0 17.0 17.0
17.0 17.0 17.0 17.0 17.0 17.0
17.0 17.0 17.0 17.0 17.0 17.0
17.0 17.0 17.0 17.0 17.0 17.0
17.0 17.0 17.0 17.0 17.0 17.0
17.0 17.0 17.0 17.0 17.0 17.0
17.0 17.0 17.0 17.0 17.0 17.0
17.0 17.0 17.0 17.0 17.0 17.0
17.0 17.0 17.0 17.0 17.0 17.0
17.0 17.0 17.0 17.0 17.0 17.0
17.0 17.0 17.0 17.0 17.0 17.0
17.0 17.0 17.0 17.0 17.0 17.0
17.0 17.0 17.0 17.0 17.0 17.0
17.0 17.0 17.0 17.0 17.0 17.0
17.0 17.0 17.0 17.0 17.0 17.0
17.0 17.0 17.0 17.0 17.0 17.0
17.0 17.0 17.0 17.0 17.0 17.0
17.0 17.0 17.0 17.0 17.0 17.0
17.0 17.0 17.0 17.0 17.0 17.0
17.0 17.0 17.0 17.0 17.0 17.0
17.0 17.0 17.0 17.0 17.0 17.0
17.0 17.0 17.0 17.0 17.0 17.0
17.0 17.0 17.0 17.0 17.0 17.0
17.0 17.0 17.0 17.0 17.0 17.0
17.0 17.0 17.0 17.0 17.0 17.0
17.0 17.0 17.0 17.0 17.0 17.0
17.0 17.0 17.0 17.0 17.0 17.0
17.0 17.0 17.0 17.0 17.0 17.0
17.0 17.0 17.0 17.0 17.0 17.0
17.0 17.0 17.0 17.0 17.0 17.0
17.0 17.0 17.0 17.0 17.0 17.0
17.0 17.0 17.0 17.0 17.0 17.0
17.0 17.0 17.0 17.0 17.0 17.0
17.0 17.0 17.0 17.0 17.0 17.0
17.0 17.0 17.0 17.0 17.0 17.0
17.0 17.0 17.0 17.0 17.0 17.0
17.0 17.0 17.0 17.0 17.0 17.0
17.0 17.0 17.0 17.0 17.0 17.0
17.0 17.0 17.0 17.0 17.0 17.0
17.0 17.0 17.0 17.0 17.0 17.0
17.0 17.0 17.0 17.0 17.0 17.0
17.0 17.0 17.0 17.0 17.0 17.0
17.0 17.0 17.0 17.0 17.0 17.0
17.0 17.0 17.0 17.0 17.0 17.0
17.0 17.0 17.0 17.0 17.0 17.0
17.0 17.0 17.0 17.0 17.0 17.0
17.0 17.0 17.0 17.0 17.0 17.0
17.0 17.0 17.0 17.0 17.0 17.0
17.0 17.0 17.0 17.0 17.0 17.0
17.0 17.0 17.0 17.0 17.0 17.0
17.0 17.0 17.0 17.0 17.0 17.0
17.0 17.0 17.0 17.0 17.0 17.0
17.0 17.0 17.0 17.0 17.0 17.0
17.0 17.0 17.0 17.0 17.0 17.0
17.0 17.0 17.0 17.0 17.0 17.0
17.0 17.0 17.0 17.0 17.0 17.0
17.0 17.0 17.0 17.0 17.0 17.0
17.0 17.0 17.0 17.0 17.0 17.0
17.0 17.0 17.0 17.0 17.0 17.0
17.0 17.0 17.0 17.0 17.0 17.0
17.0 17.0 17.0 17.0 17.0 17.0
17.0 17.0 17.0 17.0 17.0 17.0
17.0 17.0 17.0 17.0 17.0 17.0
17.0 17.0 17.0 17.0 17.0 17.0
17.0 17.0 17.0 17.0 17.0 17.0
17.0 17.0 17.0 17.0 17.0 17.0
17.0 17.0 17.0 17.0 17.0 17.0
17.0 17.0 17.0 17.0 17.0 17.0
17.0 17.0 17.0 17.0 17.0 17.0
17.0 17.0 17.0 17.0 17.0 17.0
17.0 17.0 17.0 17.0 17.0 17.0
17.0 17.0 17.0 17.0 17.0 17.0
17.0 17.0 17.0 17.0 17.0 17.0
17.0 17.0 17.0 17.0 17.0 17.0
17.0 17.0 17.0 17.0 17.0 17.0
17.0 17.0 17.0 17.0 17.0 17.0
17.0 17.0 17.0 17.0 17.0 17.0
17.0 17.0 17.0 17.0 17.0 17.0
17.0 17.0 17.0 17.0 17.0 17.0
17.0 17.0 17.0 17.0 17.0 17.0
17.0 17.0 17.0 17.0 17.0 17.0
17.0 17.0 17.0 17.0 17.0 17.0
17.0 17.0 17.0 17.0 17.0 17.0
17.0 17.0 17.0 17.0 17.0 17.0
17.0 17.0 17.0 17.0 17.0 17.0
17.0 17.0 17.0 17.0 17.0 17.0
17.0 17.0 17.0 17.0 17.0 17.0
17.0 17.0 17.0 17.0 17.0 17.0
17.0 17.0 17.0 17.0 17.0 17.0
17.0 17.0 17.0 17.0 17.0 17.0
17.0 17.0 17.0 17.0 17.0 17.0
17.0 17.0 17.0 17.0 17.0 17.0
17.0 17.0 17.0 17.0 17.0 17.0
17.0 17.0 17.0 17.0 17.0 17.0
17.0 17.0 17.0 17.0 17.0 17.0
17.0 17.0 17.0 17.0 17.0 17.0
17.0 17.0 17.0 17.0 17.0 17.0
17.0 17.0 17.0 17.0 17.0 17.0
17.0 17.0 17.0 17.0 17.0 17.0
17.0 17.0 17.0 17.0 17.0 17.0
17.0 17.0 17.0 17.0 17.0 17.0
17.0 17.0 17.0 17.0 17.0 17.0
17.0 17.0 17.0 17.0 17.0 17.0
17.0 17.0 17.0 17.0 17.0 17.0
17.0 17.0 17.0 17.0 17.0 17.0
17.0 17.0 17.0 17.0 17.0 17.0
17.0 17.0 17.0 17.0 17.0 17.0
17.0 17.0 17.0 17.0 17.0 17.0
17.0 17.0 17.0 17.0 17.0 17.0
17.0 17.0 17.0 17.0 17.0 17.0
17.0 17.0 17.0 17.0 17.0 17.0
17.0 17.0 17.0 17.0 17.0 17.0
17.0 17.0 17.0 17.0 17.0 17.0
17.0 17.0 17.0 17.0 17.0 17.0
17.0 17.0 17.0 17.0 17.0 17.0
17.0 17.0 17.0 17.0 17.0 17.0
17.0 17.0 17.0 17.0 17.0 17.0
17.0 17.0 17.0 17.0 17.0 17.0
17.0 17.0 17.0 17.0 17.0 17.0
17.0 17.0 17.0 17.0 17.0 17.0
17.0 17.0 17.0 17.0 17.0 17.0
17.0 17.0 17.0 17.0 17.0 17.0
17.0 17.0 17.0 17.0 17.0 17.0
17.0 17.0 17.0 17.0 17.0 17.0
17.0 17.0 17.0 17.0 17.0 17.0
17.0 17.0 17.0 17.0 17.0 17.0
17.0 17.0 17.0 17.0 17.0 17.0
17.0 17.0 17.0 17.0 17.0 17.0
17.0 17.0 17.0 17.0 17.0 17.0
17.0 17.0 17.0 17.0 17.0 17.0
17.0 17.0 17.0 17.0 17.0 17.0
17.0 17.0 17.0 17.0 17.0 17.0
17.0 17.0 17.0 17.0 17.0 17.0
17.0 17.0 17.0 17.0 17.0 17.0
17.0 17.0 17.0 17.0 17.0 17.0
17.0 17.0 17.0 17.0 17.0 17.0
17.0 17.0 17.0 17.0 17.0 17.0
17.0 17.0 17.0 17.0 17.0 17.0
17.0 17.0 17.0 17.0 17.0 17.0
17.0 17.0 17.0 17.0 17.0 17.0
17.0 17.0 17.0 17.0 17.0 17.0
17.0 17.0 17.0 17.0 17.0 17.0
17.0 17.0 17.0 17.0 17.0 17.0
17.0 17.0 17.0 17.0 17.0 17.0
17.0 17.0 17.0 17.0 17.0 17.0
17.0 17.0 17.0 17.0 17.0 17.0
17.0 17.0 17.0 17.0 17.0 17.0
17.0 17.0 17.0 17.0 17.0 17.0
17.0 17.0 17.0 17.0 17.0 17.0
17.0 17.0 17.0 17.0 17.0 17.0
17.0 17.0 17.0 17.0 17.0 17.0
17.0 17.0 17.0 17.0 17.0 17.0
17.0 17.0 17.0 17.0 17.0 17.0
17.0 17.0 17.0 17.0 17.0 17.0
17.0 17.0 17.0 17.0 17.0 17.0
17.0 17.0 17.0 17.0 17.0 17.0
17.0 17.0 17.0 17.0 17.0 17.0
17.0 17.0 17.0 17.0 17.0 17.0
17.0 17.0 17.0 17.0 17.0 17.0
17.0 17.0 17.0 17.0 17.0 17.0
17.0 17.0 17.0 17.0 17.0 17.0
17.0 17.0 17.0 17.0 17.0 17.0
17.0 17.0 17.0 17.0 17.0 17.0
17.0 17.0 17.0 17.0 17.0 17.0
17.0 17.0 17.0 17.0 17.0 17.0
17.0 17.0 17.0 17.0 17.0 17.0
17.0 17.0 17.0 17.0 17.0 17.0
17.0 17.0 17.0 17.0 17.0 17.0
17.0 17.0 17.0 17.0 17.0 17.0
17.0 17.0 17.0 17.0 17.0 17.0
17.0 17.0 17.0 17.0 17.0 17.0
17.0 17.0 17.0 17.0 17.0 17.0
17.0 17.0 17.0 17.0 17.0 17.0
17.0 17.0 17.0 17.0 17.0 17.0
17.0 17.0 17.0 17.0 17.0 17.0
17.0 17.0 17.0 17.0 17.0 17.0
17.0 17.0 17.0 17.0 17.0 17.0
17.0 17.0 17.0 17.0 17.0 17.0
17.0 17.0 17.0 17.0 17.0 17.0
17.0 17.0 17.0 17.0 17.0 17.0
17.0 17.0 17.0 17.0 17.0 17.0
17.0 17.0 17.0 17.0 17.0 17.0
17.0 17.0 17.0 17.0 17.0 17.0
17.0 17.0 17.0 17.0 17.0 17.0
17.0 17.0 17.0 17.0 17.0 17.0
17.0 17.0 17.0 17.0 17.0 17.0
17.0 17.0 17.0 17.0 17.0 17.0
17.0 17.0 17.0 17.0 17.0 17.0
17.0 17.0 17.0 17.0 17.0 17.0
17.0 17.0 17.0 17.0 17.0 17.0
17.0 17.0 17.0 17.0 17.0 17.0
17.0 17.0 17.0 17.0 17.0 17.0
17.0 17.0 17.0 17.0 17.0 17.0
17.0 17.0 17.0 17.0 17.0 17.0
17.0 17.0 17.0 17.0 17.0 17.0
17.0 17.0 17.0 17.0 17.0 17.0
17.0 17.0 17.0 17.0 17.0 17.0
17.0 17.0 17.0 17.0 17.0 17.0
17.0 17.0 17.0 17.0 17.0 17.0
17.0 17.0 17.0 17.0 17.0 17.0
17.0 17.0 17.0 17.0 17.0 17.0
17.0 17.0 17.0 17.0 17.0 17.0
17.0 17.0 17.0 17.0 17.0 17.0
17.0 17.0 17.0 17.0 17.0 17.0
17.0 17.0 17.0 17.0 17.0 17.0
17.0 17.0 17.0 17.0 17.0 17.0
17.0 17.0 17.0 17.0 17.0 17.0
17.0 17.0 17.0 17.0 17.0 17.0
17.0 17.0 17.0 17.0 17.0 17.0
17.0 17.0 17.0 17.0 17.0 17.0
17.0 17.0 17.0 17.0 17.0 17.0
17.0 17.0 17.0 17.0 17.0 17.0
17.0 17.0 17.0 17.0 17.0 17.0
17.0 17.0 17.0 17.0 17.0 17.0
17.0 17.0 17.0 17.0 17.0 17.0
17.0 17.0 17.0 17.0 17.0 17.0
17.0 17.0 17.0 17.0 17.0 17.0
17.0 17.0 17.0 17.0 17.0 17.0
17.0 17.0 17.0 17.0 17.0 17.0
17.0 17.0 17.0 17.0 17.0 17.0
17.0 17.0 17.0 17.0 17.0 17.0
17.0 17.0 17.0 17.0 17.0 17.0
17.0 17.0 17.0 17.0 17.0 17.0
17.0 17.0 17.0 17.0 17.0 17.0
17.0 17.0 17.0 17.0 17.0 17.0
17.0 17.0 17.0 17.0 17.0 17.0
17.0 17.0 17.0 17.0 17.0 17.0
17.0 17.0 17.0 17.0 17.0 17.0
17.0 17.0 17.0 17.0 17.0 17.0
17.0 17.0 17.0 17.0 17.0 17.0
17.0 17.0 17.0 17.0 17.0 17.0
17.0 17.0 17.0 17.0 17.0 17.0
17.0 17.0 17.0 17.0 17.0 17.0
17.0 17.0 17.0 17.0 17.0 17.0
17.0 17.0 17.0 17.0 17.0 17.0
17.0 17.0 17.0 17.0 17.0 17.0
17.0 17.0 17.0 17.0 17.0 17.0
17.0 17.0 17.0 17.0 17.0 17.0
17.0 17.0 17.0 17.0 17.0 17.0
17.0 17.0 17.0 17.0 17.0 17.0
17.0 17.0 17.0 17.0 17.0 17.0
17.0 17.0 17.0 17.0 17.0 17.0
17.0 17.0 17.0 17.0 17.0 17.0
17.0 17.0 17.0 17.0 17.0 17.0
17.0 17.0 17.0 17.0 17.0 17.0
17.0 17.0 17.0 17.0 17.0 17.0
17.0 17.0 17.0 17.0 17.0 17.0
17.0 17.0 17.0 17.0 17.0 17.0
17.0 17.0 17.0 17.0 17.0 17.0
17.0 17.0 17.0 17.0 17.0 17.0
17.0 17.0 17.0 17.0 17.0 17.0
17.0 17.0 17.0 17.0 17.0 17.0
17.0 17.0 17.0 17.0 17.0 17.0
17.0 17.0 17.0 17.0 17.0 17.0
17.0 17.0 17.0 17.0 17.0 17.0
17.0 17.0 17.0 17.0 17.0 17.0
17.0 17.0 17.0 17.0 17.0 17.0
17.0 17.0 17.0 17.0 17.0 17.0
17.0 17.0 17.0 17.0 17.0 17.0
17.0 17.0 17.0 17.0 17.0 17.0
17.0 17.0 17.0 17.0 17.0 17.0
17.0 17.0 17.0 17.0 17.0 17.0
17.0 17.0 17.0 17.0 17.0 17.0
17.0 17.0 17.0 17.0 17.0 17.0
17.0 17.0 17.0 17.0 17.0 17.0
17.0 17.0 17.0 17.0 17.0 17.0
17.0 17.0 17.0 17.0 17.0 17.0
17.0 17.0 17.0 17.0 17.0 17.0
17.0 17.0 17.0 17.0 17.0 17.0
17.0 17.0 17.0 17.0 17.0 17.0
17.0 17.0 17.0 17.0 17.0 17.0
17.0 17.0 17.0 17.0 17.0 17.0
17.0 17.0 17.0 17.0 17.0 17.0
17.0 17.0 17.0 17.0 17.0 17.0
17.0 17.0 17.0 17.0 17.0 17.0
17.0 17.0 17.0 17.0 17.0 17.0
17.0 17.0 17.0 17.0 17.0 17.0
17.0 17.0 17.0 17.0 17.0 17.0
17.0 17.0 17.0 17.0 17.0 17.0
17.0 17.0 17.0 17.0 17.0 17.0
17.0 17.0 17.0 17.0 17.0 17.0
17.0 17.0 17.0 17.0 17.0 17.0
17.0 17.0 17.0 17.0 17.0 17.0
17.0 17.0 17.0 17.0 17.0 17.0
17.0 17.0 17.0 17.0 17.0 17.0
17.0 17.0 17.0 17.0 17.0 17.0
17.0 17.0 17.0 17.0 17.0 17.0
17.0 17.0 17.0 17.0 17.0 17.0
17.0 17.0 17.0 17.0 17.0 17.0
17.0 17.0 17.0 17.0 17.0 17.0
17.0 17.0 17.0 17.0 17.0 17.0
17.0 17.0 17.0 17.0 17.0 17.0
17.0 17.0 17.0 17.0 17.0 17.0
17.0 17.0 17.0 17.0 17.0 17.0
17.0 17.0 17.0 17.0 17.0 17.0
17.0 17.0 17.0 17.0 17.0 17.0
17.0 17.0 17.0 17.0 17.0 17.0
17.0 17.0 17.0 17.0 17.0 17.0
17.0 17.0 17.0 17.0 17.0 17.0
17.0 17.0 17.0 17.0 17.0 17.0
17.0 17.0 17.0 17.0 17.0 17.0
17.0 17.0 17.0 17.0 17.0 17.0
17.0 17.0 17.0 17.0 17.0 17.0
17.0 17.0 17.0 17.0 17.0 17.0
17.0 17.0 17.0 17.0 17.0 17.0
17.0 17.0 17.0 17.0 17.0 17.0
17.0 17.0 17.0 17.0 17.0 17.0
17.0 17.0 17.0 17.0 17.0 17.0
17.0 17.0 17.0 17.0 17.0 17.0
17.0 17.0 17.0 17.0 17.0 17.0
17.0 17.0 17.0 17.0 17.0 17.0
17.0 17.0 17.0 17.0 17.0 17.0
17.0 17.0 17.0 17.0 17.0 17.0
17.0 17.0 17.0 17.0 17.0 17.0
17.0 17.0 17.0 17.0 17.0 17.0
17.0 17.0 17.0 17.0 17.0 17.0
17.0 17.0 17.0 17.0 17.0 17.0
17.0 17.0 17.0 17.0 17.0 17.0
17.0 17.0 17.0 17.0 17.0 17.0
17.0 17.0 17.0 17.0 17.0 17.0
17.0 17.0 17.0 17.0 17.0 17.0
17.0 17.0 17.0 17.0 17.0 17.0
17.0 17.0 17.0 17.0 17.0 17.0
17.0 17.0 17.0 17.0 17.0 17.0
17.0 17.0 17.0 17.0 17.0 17.0
17.0 17.0 17.0 17.0 17.0 17.0
17.0 17.0 17.0 17.0 17.0 17.0
17.0 17.0 17.0 17.0 17.0 17.0
17.0 17.0 17.0 17.0 17.0 17.0
17.0 17.0 17.0 17.0 17.0 17.0
17.0 17.0 17.0 17.0 17.0 17.0
17.0 17.0 17.0 17.0 17.0 17.0
17.0 17.0 17.0 17.0 17.0 17.0
17.0 17.0 17.0 17.0 17.0 17.0
17.0 17.0 17.0 17.0 17.0 17.0
17.0 17.0 17.0 17.0 17.0 17.0
17.0 17.0 17.0 17.0 17.0 17.0
17.0 17.0 17.0 17.0 17.0 17.0
17.0 17.0 17.0 17.0 17.0 17.0
17.0 17.0 17.0 17.0 17.0 17.0
17.0 17.0 17.0 17.0 17.0 17.0
17.0 17.0 17.0 17.0 17.0 17.0
17.0 17.0 17.0 17.0 17.0 17.0
17.0 17.0 17.0 17.0 17.0 17.0
17.0 17.0 17.0 17.0 17.0 17.0
17.0 17.0 17.0 17.0 17.0 17.0
