nbNodes
202
nbVehi
30
nbServi
6
r
1 1 1 1 1 1 
0 0 0 0 1 0 
0 0 0 0 1 0 
0 0 0 0 1 0 
0 1 0 0 0 0 
1 0 0 0 0 0 
0 0 1 0 0 0 
0 0 0 1 0 0 
0 0 0 0 0 1 
0 0 0 0 0 1 
1 0 0 0 0 0 
1 0 0 0 0 0 
0 0 1 0 0 0 
0 0 1 0 0 0 
0 0 0 0 0 1 
0 0 0 0 1 0 
1 0 0 0 0 0 
1 0 0 0 0 0 
0 1 0 0 0 0 
0 0 0 1 0 0 
0 0 0 1 0 0 
1 0 0 0 0 0 
0 1 0 0 0 0 
0 0 1 0 0 0 
0 0 0 0 1 0 
0 0 0 0 0 1 
0 0 0 1 0 0 
0 1 0 0 0 0 
0 0 0 1 0 0 
0 0 0 1 0 0 
0 0 0 0 0 1 
0 0 0 0 0 1 
0 1 0 0 0 0 
0 1 0 0 0 0 
0 0 0 0 0 1 
0 0 0 0 1 0 
0 1 0 0 0 0 
0 0 0 0 0 1 
0 0 0 0 1 0 
0 0 0 0 1 0 
1 0 0 0 0 0 
0 0 0 0 0 1 
1 0 0 0 0 0 
0 0 0 0 1 0 
0 1 0 0 0 0 
0 0 1 0 0 0 
0 0 1 0 0 0 
0 0 0 0 1 0 
0 1 0 0 0 0 
0 0 0 0 0 1 
0 0 0 0 1 0 
1 0 0 0 0 0 
0 0 0 0 1 0 
0 1 0 0 0 0 
0 1 0 0 0 0 
1 0 0 0 0 0 
0 0 1 0 0 0 
0 1 0 0 0 0 
0 0 1 0 0 0 
0 0 0 1 0 0 
0 0 1 0 0 0 
0 0 0 0 1 0 
1 0 0 0 0 0 
0 0 0 0 0 1 
0 0 0 1 0 0 
1 0 0 0 0 0 
0 1 0 0 0 0 
0 0 0 0 0 1 
0 0 1 0 0 0 
0 0 0 1 0 0 
0 0 0 0 0 1 
0 1 0 0 0 0 
1 0 0 0 0 0 
1 0 0 0 0 0 
1 0 0 0 0 0 
0 1 0 0 0 0 
1 0 0 0 0 0 
0 0 1 0 0 0 
1 0 0 0 0 0 
0 0 0 1 0 0 
0 0 0 0 0 1 
1 0 0 0 0 0 
0 0 0 0 1 0 
0 0 0 1 0 0 
0 0 0 0 1 0 
0 0 0 1 0 0 
0 0 0 0 1 0 
0 1 0 0 0 0 
0 0 0 0 0 1 
0 0 0 0 1 0 
1 0 0 0 0 0 
0 0 1 0 0 0 
0 1 0 0 0 0 
0 0 1 0 0 0 
1 0 0 0 0 0 
1 0 0 0 0 0 
0 0 0 0 0 1 
0 0 0 0 1 0 
1 0 0 0 0 0 
0 0 0 0 0 1 
1 0 0 0 0 0 
0 0 0 0 1 0 
0 0 1 0 0 0 
0 0 1 0 0 0 
0 0 1 0 0 0 
0 0 1 0 0 0 
0 0 0 0 1 0 
0 1 0 0 0 0 
0 0 0 1 0 0 
1 0 0 0 0 0 
0 1 0 0 0 0 
0 0 0 0 0 1 
1 0 0 0 0 0 
0 0 1 0 0 0 
0 0 0 0 0 1 
0 1 0 0 0 0 
0 0 0 0 0 1 
0 0 1 0 0 0 
0 0 0 0 0 1 
1 0 0 0 0 0 
1 0 0 0 0 0 
0 0 0 1 0 0 
0 0 0 0 0 1 
0 0 0 0 1 0 
0 0 0 1 0 0 
1 0 0 0 0 0 
0 1 0 0 0 0 
0 0 1 0 0 0 
0 0 0 0 1 0 
1 0 0 0 0 0 
1 0 0 0 0 0 
0 1 0 0 0 0 
1 0 0 0 0 0 
0 0 0 0 1 0 
1 0 0 0 0 0 
1 0 0 0 0 0 
0 0 0 1 0 0 
0 0 0 0 1 0 
0 1 0 0 0 0 
1 0 0 0 0 0 
0 0 0 0 0 1 
0 0 0 1 0 1 
0 0 0 1 0 1 
0 0 0 0 1 1 
0 0 0 1 1 0 
0 0 0 1 0 1 
0 0 0 1 0 1 
0 0 0 1 1 0 
0 0 0 0 1 1 
0 0 0 0 1 1 
0 0 0 0 1 1 
0 0 0 0 1 1 
0 0 0 1 1 0 
0 0 0 0 1 1 
0 0 0 0 1 1 
0 0 0 0 1 1 
0 0 0 0 1 1 
0 0 0 1 0 1 
0 0 0 1 0 1 
0 0 0 1 1 0 
0 0 0 0 1 1 
0 0 0 1 0 1 
0 0 0 1 0 1 
0 0 0 0 1 1 
0 0 0 1 0 1 
0 0 0 1 1 0 
0 0 0 1 0 1 
0 0 0 1 1 0 
0 0 0 1 0 1 
0 0 0 1 0 1 
0 0 0 0 1 1 
1 0 0 0 1 0 
0 0 1 1 0 0 
1 0 0 0 1 0 
0 1 0 0 0 1 
0 1 0 0 0 1 
0 1 0 0 0 1 
0 0 1 0 0 1 
1 0 0 0 1 0 
1 0 0 1 0 0 
0 1 0 0 1 0 
0 0 1 0 1 0 
1 0 0 0 1 0 
0 0 1 0 1 0 
0 1 0 0 0 1 
1 0 0 0 0 1 
1 0 0 1 0 0 
1 0 0 0 1 0 
1 0 0 1 0 0 
0 1 0 1 0 0 
0 1 0 0 0 1 
1 0 0 0 0 1 
1 0 0 0 0 1 
1 0 0 0 1 0 
0 1 0 0 0 1 
1 0 0 0 1 0 
0 0 1 0 1 0 
1 0 0 1 0 0 
1 0 0 1 0 0 
0 1 0 0 1 0 
0 1 0 1 0 0 
1 1 1 1 1 1 
DS
142 143 144 145 146 147 148 149 150 151 152 153 154 155 156 157 158 159 160 161 162 163 164 165 166 167 168 169 170 171 172 173 174 175 176 177 178 179 180 181 182 183 184 185 186 187 188 189 190 191 192 193 194 195 196 197 198 199 200 201 
a
1 1 0 0 0 0 
1 0 0 0 0 0 
1 0 1 0 0 0 
0 1 1 0 0 0 
0 1 0 0 0 0 
0 1 0 0 0 0 
1 0 1 0 0 0 
0 0 1 0 0 0 
1 1 0 0 0 0 
0 1 0 0 0 0 
0 0 0 0 1 1 
0 0 0 1 1 1 
0 0 0 1 1 1 
0 0 0 1 1 1 
0 0 0 1 1 1 
0 0 0 0 1 1 
0 0 0 1 1 1 
0 0 0 1 1 1 
0 0 0 1 1 1 
0 0 0 1 1 1 
0 0 0 1 0 1 
0 0 0 1 1 0 
0 0 0 1 1 1 
0 0 0 1 0 1 
0 0 0 1 0 1 
0 0 0 1 1 1 
0 0 0 1 0 1 
0 0 0 1 0 1 
0 0 0 0 1 1 
0 0 0 1 1 1 
x
64 30 72 31 53 54 82 28 2 83 58 68 79 15 99 67 51 88 39 78 97 88 24 90 17 18 89 40 59 81 86 47 62 3 15 17 90 43 52 9 22 53 47 59 14 26 20 10 10 41 88 12 72 7 62 29 70 79 56 76 61 50 30 88 26 23 58 68 80 20 38 47 16 34 80 0 39 61 89 38 47 45 13 4 78 85 88 65 37 4 87 78 97 54 83 35 53 27 33 25 65 75 99 42 36 19 97 22 59 66 73 35 63 72 34 77 94 34 9 11 2 32 34 60 56 13 68 38 37 81 36 58 0 62 29 42 94 22 62 96 48 98 78 61 84 42 79 99 80 3 43 57 29 26 82 79 48 27 45 83 60 67 47 61 5 36 23 27 14 93 52 20 84 74 12 84 52 56 52 91 16 34 54 81 14 16 29 12 35 4 86 49 80 12 34 1 17 93 62 57 0 64 
y
10 48 30 14 37 34 16 47 26 31 5 44 27 14 41 23 32 43 38 35 0 47 15 9 31 6 36 22 30 43 46 45 17 31 2 43 45 33 22 39 20 3 22 36 13 22 10 27 37 0 8 40 44 9 22 40 18 30 33 20 12 22 40 32 17 40 25 14 15 16 2 49 12 16 15 8 22 41 45 41 8 40 5 36 1 1 7 5 13 47 32 21 6 4 22 28 5 33 12 5 36 8 26 9 9 2 34 29 9 27 6 26 22 38 17 4 40 41 32 24 8 1 18 7 18 14 3 7 29 1 39 31 9 36 19 30 26 8 2 9 42 15 27 33 22 37 38 41 21 1 25 12 41 43 36 3 31 17 31 2 4 33 42 18 40 34 9 14 48 6 20 30 12 36 42 7 29 3 20 14 5 27 24 5 17 16 30 1 11 36 46 28 17 28 16 14 13 14 42 8 0 10 
d
0.00000 50.99020 21.54066 33.24154 29.15476 26.00000 18.97367 51.62364 64.03124 28.31960 7.81025 34.23449 22.67157 49.16299 46.75468 13.34166 25.55386 40.80441 37.53665 28.65310 34.48188 44.10215 40.31129 26.01922 51.47815 46.17359 36.06938 26.83282 20.61553 37.12142 42.19005 38.91015 7.28011 64.51356 49.64877 57.42822 43.60046 31.14482 16.97056 62.17717 43.17407 13.03840 20.80865 26.47640 50.08992 39.84972 44.00000 56.61272 60.37384 25.07987 24.08319 60.03332 34.92850 57.00877 12.16553 46.09772 10.00000 25.00000 24.35159 15.62050 3.60555 18.43909 45.34314 32.55764 38.63936 50.80354 16.15549 5.65685 16.76305 44.40721 27.20294 42.54409 48.04165 30.59412 16.76305 64.03124 27.73085 31.14482 43.01163 40.45986 17.11724 35.51056 51.24451 65.39113 16.64332 22.84732 24.18677 5.09902 27.16616 70.49113 31.82766 17.80449 33.24154 11.66190 22.47221 34.13210 12.08305 43.56604 31.06445 39.31921 26.01922 11.18034 38.48376 22.02272 28.01785 45.70558 40.80441 46.09772 5.09902 17.11724 9.84886 33.12099 12.04159 29.12044 30.80584 14.31782 42.42641 43.13931 59.23681 54.81788 62.03225 33.24154 31.04835 5.00000 11.31371 51.15662 8.06226 26.17250 33.01515 19.23538 40.31129 21.84033 64.00781 26.07681 36.13862 29.73214 34.00000 42.04759 8.24621 32.01562 35.77709 34.36568 22.02272 23.19483 23.32381 34.82815 31.76476 46.75468 19.41649 61.66036 25.80698 7.28011 46.75468 50.32892 31.62278 16.55295 26.40076 37.65634 28.31960 20.61553 7.21110 23.19483 36.23534 8.54400 66.18912 36.87818 41.01219 37.21559 62.80127 29.27456 15.62050 48.33218 20.09975 27.85678 61.05735 20.22375 22.47221 10.63015 15.62050 27.29469 48.25971 34.48188 17.20465 17.72005 50.48762 48.37355 40.31129 52.77310 29.01724 65.39113 42.19005 23.43075 17.46425 55.02727 30.59412 63.12686 47.09565 29.27456 32.06244 7.28011 64.77654 0.00000 
50.99020 0.00000 45.69464 34.01470 25.49510 27.78489 61.05735 2.23607 35.60899 55.65968 51.31277 38.20995 53.31041 37.16181 69.35416 44.65423 26.40076 58.21512 13.45362 49.72927 82.41966 58.00862 33.54102 71.56116 21.40093 43.68066 60.20797 27.85678 34.13210 51.24451 56.03570 17.26268 44.55334 31.90611 48.38388 13.92839 60.07495 19.84943 34.05877 22.84732 29.12044 50.53712 31.06445 31.38471 38.48376 26.30589 39.29377 29.00000 22.82542 49.24429 70.45566 19.69772 42.19005 45.27693 41.23106 8.06226 50.00000 52.20153 30.01666 53.85165 47.50789 32.80244 8.00000 60.16644 31.25700 10.63015 36.23534 50.99020 59.90826 33.52611 46.69047 17.02939 38.62642 32.24903 59.90826 50.00000 27.51363 31.78050 59.07622 10.63015 43.46263 17.00000 46.23851 28.63564 67.17887 72.34639 71.02816 55.44367 35.69314 26.01922 59.20304 55.07268 79.07591 50.11986 59.03389 20.61553 48.76474 15.29706 36.12478 43.28972 37.00000 60.20797 72.42237 40.80441 39.45884 47.29693 68.44706 20.61553 48.60041 41.67733 60.10824 22.56103 42.01190 43.17407 31.25700 64.38167 64.49806 8.06226 26.40076 30.61046 48.82622 47.04253 30.26549 50.80354 39.69887 38.01316 58.89822 41.77320 20.24846 69.35416 10.81665 32.75668 49.20366 34.17601 29.01724 21.63331 67.67570 40.79216 56.03570 76.66159 18.97367 75.58439 52.39275 34.43835 59.93330 16.27882 50.01000 69.35416 56.82429 54.20332 26.41969 45.00000 7.07107 6.40312 53.36666 66.52819 24.75884 31.14482 22.67157 70.17834 53.25411 39.92493 18.02776 43.13931 26.24881 15.23155 39.62323 34.13210 16.00000 75.71658 35.60899 20.59126 64.89992 45.60702 18.97367 67.80118 29.06888 51.97115 35.60899 69.83552 45.22168 21.37756 33.94113 66.70832 34.88553 34.92850 18.02776 50.32892 37.33631 28.63564 56.03570 27.58623 58.83026 26.90725 32.24903 44.68781 37.33631 71.58911 32.55764 48.25971 56.60389 50.99020 
21.54066 45.69464 0.00000 44.01136 20.24846 18.43909 17.20465 47.16991 70.11419 11.04536 28.65310 14.56022 7.61577 59.20304 29.15476 8.60233 21.09502 20.61553 33.95585 7.81025 39.05125 23.34524 50.28916 27.65863 55.00909 59.09315 18.02776 32.98485 13.00000 15.81139 21.26029 29.15476 16.40122 69.00725 63.50591 56.51548 23.43075 29.15476 21.54066 63.63961 50.99020 33.01515 26.24881 14.31782 60.44005 46.69047 55.71355 62.07254 62.39391 43.13931 27.20294 60.82763 14.00000 68.30813 12.80625 44.14748 12.16553 7.00000 16.27882 10.77033 21.09502 23.40940 43.17407 16.12452 47.80167 50.01000 14.86607 16.49242 17.00000 53.85165 44.04543 31.40064 58.82176 40.49691 17.00000 75.28612 33.95585 15.55635 22.67157 35.73514 33.30165 28.79236 64.07808 68.26419 29.61419 31.78050 28.01785 25.96151 38.91015 70.09280 15.13275 10.81665 34.65545 31.62278 13.60147 37.05401 31.40064 45.09989 42.95346 53.23533 9.21954 22.20360 27.29469 36.61967 41.67733 59.94164 25.31798 50.01000 24.69818 6.70820 24.02082 37.21559 12.04159 8.00000 40.16217 26.47640 24.16609 39.56008 63.03174 61.29437 73.37575 49.40648 39.84972 25.94224 20.00000 61.13101 27.29469 41.04875 35.01428 30.36445 37.10795 14.03567 75.00000 11.66190 44.38468 30.00000 22.36068 54.62600 29.73214 31.89044 26.83282 30.01666 6.70820 11.40175 14.42221 30.80584 10.63015 29.15476 12.04159 74.84651 29.42788 23.43075 44.38468 47.80167 11.66190 27.89265 24.02082 46.84015 27.01851 30.08322 28.63564 5.83095 27.73085 16.27882 67.74216 36.22154 53.31041 47.75982 60.72891 31.89044 22.36068 52.00000 21.63331 6.32456 61.18823 25.94224 20.02498 31.38471 22.36068 24.83948 61.32699 38.11824 18.97367 26.57066 59.43904 57.72348 43.00000 66.64083 41.59327 68.26419 21.26029 23.08679 15.26434 60.03332 40.49691 72.78049 57.56735 26.40076 15.62050 26.62705 78.00000 21.54066 
33.24154 34.01470 44.01136 0.00000 31.82766 30.47950 51.03920 33.13608 31.38471 54.70832 28.46050 47.63402 49.72927 16.00000 73.16420 37.10795 26.90725 63.95311 25.29822 51.47815 67.46851 65.86350 7.07107 59.21149 22.02272 15.26434 62.03225 12.04159 32.24903 57.80138 63.63175 34.88553 31.14482 32.75668 20.00000 32.20248 66.64833 22.47221 22.47221 33.30165 10.81665 24.59675 17.88854 35.60899 17.02939 9.43398 11.70470 24.69818 31.14482 17.20465 57.31492 32.20248 50.80354 24.51530 32.01562 26.07681 39.20459 50.59644 31.40064 45.39824 30.06659 20.61553 26.01922 59.77458 5.83095 27.20294 29.15476 37.00000 49.01020 11.18034 13.89244 38.48376 15.13275 3.60555 49.01020 31.57531 11.31371 40.36087 65.76473 27.89265 17.08801 29.52965 20.12461 34.82815 48.76474 55.54278 57.42822 35.17101 6.08276 42.63801 58.82176 47.51842 66.48308 25.07987 52.61179 14.56022 23.76973 19.41649 2.82843 10.81665 40.49691 44.40721 69.05071 12.08305 7.07107 16.97056 68.96376 17.49286 28.44293 37.33631 42.75512 12.64911 32.98485 47.50789 4.24264 47.07441 68.15424 27.16616 28.42534 22.36068 29.61419 13.03840 5.00000 29.83287 25.31798 18.00000 38.60052 9.89949 16.15549 51.66237 25.49510 31.90611 31.40064 38.01316 5.38516 19.41649 64.13267 10.81665 33.24154 65.19202 32.75668 67.00746 48.76474 35.51056 53.60037 25.49510 53.66563 73.16420 49.49747 30.87070 16.27882 26.07681 27.07397 29.42788 55.54278 49.24429 24.04163 5.00000 22.02272 53.36666 30.67572 40.70626 32.24903 30.26549 36.76955 20.61553 9.43398 4.00000 38.01316 62.51400 21.84033 19.41649 53.03772 48.30114 33.83785 53.46027 25.80698 27.31300 21.84033 60.00000 17.49286 13.34166 25.07987 50.80354 17.26268 15.13275 16.12452 23.02173 5.00000 34.82815 63.63175 22.80351 49.09175 23.60085 3.60555 30.00000 14.03567 62.00000 41.77320 26.68333 34.01470 33.24154 
29.15476 25.49510 20.24846 31.82766 0.00000 3.16228 35.80503 26.92582 52.17279 30.59412 32.38827 16.55295 27.85678 44.41846 46.17359 19.79899 5.38516 35.51056 14.03567 25.07987 57.48913 36.40055 36.40055 46.40043 36.49658 46.75468 36.01389 19.84943 9.21954 28.63564 34.20526 10.00000 21.93171 50.35871 51.66237 36.49658 37.85499 10.77033 15.03330 44.04543 35.35534 34.00000 16.15549 6.08276 45.79301 30.88689 42.63801 44.14748 43.00000 38.89730 45.45327 41.10961 20.24846 53.85165 17.49286 24.18677 25.49510 26.92582 5.00000 28.60070 26.24881 15.29706 23.19483 35.35534 33.60060 30.14963 13.00000 27.45906 34.82815 39.11521 38.07887 13.41641 44.65423 28.31960 34.82815 60.41523 20.51828 8.94427 36.87818 15.52417 29.61419 8.54400 51.22499 49.01020 43.82921 48.16638 46.09772 34.17601 28.84441 50.01000 34.36568 29.68164 53.82379 33.01515 33.54102 20.12461 32.00000 26.30589 32.01562 42.52058 12.04159 36.40055 47.29693 30.08322 32.75668 48.79549 44.10215 32.01562 28.63564 16.40122 36.89173 21.09502 18.02776 19.02630 27.58623 40.80441 41.10961 19.41649 44.28318 43.96590 58.66856 41.67733 26.87006 30.80584 19.23538 46.14109 37.16181 33.54102 17.88854 45.60702 17.11724 7.81025 59.94164 9.05539 30.00000 13.03840 42.44997 42.44997 36.13862 51.31277 7.07107 50.08992 26.92582 8.94427 34.43835 11.00000 26.01922 46.17359 31.38471 61.61169 15.62050 25.31798 24.33105 27.65863 29.01724 42.80187 7.81025 32.80244 10.00000 46.09772 33.73426 14.56022 7.81025 20.61553 48.09366 17.26268 41.03657 34.71311 40.52160 50.60632 17.02939 33.73426 39.82462 21.02380 41.30375 43.13931 8.06226 34.13210 17.02939 44.41846 48.91830 21.47091 13.03840 42.52058 43.82921 42.54409 25.00000 54.56189 31.62278 49.01020 34.20526 9.84886 33.60060 41.97618 28.31960 56.85948 43.26662 46.14109 10.29563 29.27456 64.63745 29.15476 
26.00000 27.78489 18.43909 30.47950 3.16228 0.00000 33.28663 29.06888 52.61179 29.15476 29.27456 17.20465 25.96151 43.82921 45.54119 17.02939 3.60555 35.17101 15.52417 24.02082 54.81788 36.40055 35.51056 43.82921 37.12142 45.60702 35.05710 18.43909 6.40312 28.46050 34.17601 13.03840 18.78829 51.08816 50.44799 38.07887 37.64306 11.04536 12.16553 45.27693 34.92850 31.01612 13.89244 5.38516 45.17743 30.46309 41.61730 44.55334 44.10215 36.40055 42.80187 42.42641 20.59126 53.23533 14.42221 25.70992 22.62742 25.31798 2.23607 26.07681 23.08679 12.64911 24.73863 34.05877 32.75668 31.57531 9.84886 24.41311 32.20248 38.47077 35.77709 16.55295 43.90900 26.90725 32.20248 59.93330 19.20937 9.89949 36.68787 17.46425 26.92582 10.81665 50.21952 50.03998 40.80441 45.27693 43.41659 31.01612 27.01851 51.66237 33.06055 27.29469 51.31277 30.00000 31.38471 19.92486 29.01724 27.01851 30.41381 41.01219 11.18034 33.42155 45.70558 27.73085 30.80584 47.42362 43.00000 32.38827 25.49510 13.89244 33.83785 20.61553 15.00000 18.43909 26.24881 37.80212 40.44750 21.18962 45.04442 44.14748 58.13777 39.66106 25.61250 27.65863 16.12452 45.61798 34.01470 31.38471 17.72005 42.63801 18.68154 5.00000 59.50630 8.24621 29.15476 12.64911 40.79216 41.23106 32.98485 48.87740 10.00000 47.92703 25.00000 7.07107 32.31099 12.36932 25.31798 45.54119 29.06888 60.74537 14.21267 22.20360 25.96151 29.41088 28.07134 39.82462 6.70820 31.90611 9.48683 43.18565 30.59412 13.03840 10.63015 17.46425 49.36598 18.00000 39.82462 33.60060 42.37924 48.01042 14.14214 34.23449 37.20215 20.09975 42.75512 40.36087 5.38516 31.06445 14.14214 42.05948 47.80167 21.18962 10.00000 39.62323 43.46263 42.04759 25.31798 53.41348 29.83287 50.03998 34.17601 7.81025 31.06445 42.42641 26.90725 56.64804 42.54409 43.82921 11.31371 26.17250 63.81222 26.00000 
18.97367 61.05735 17.20465 51.03920 35.80503 33.28663 0.00000 62.26556 80.62258 15.03330 26.40076 31.30495 11.40175 67.02984 30.23243 16.55295 34.88553 27.65863 48.30114 19.41649 21.93171 31.57531 58.00862 10.63015 66.70832 64.77654 21.18962 42.42641 26.92582 27.01851 30.26549 45.45327 20.02498 80.41144 68.44706 70.38466 30.08322 42.54409 30.59412 76.53757 60.13319 31.78050 35.51056 30.47950 68.06614 56.32051 62.28965 72.83543 75.00000 44.01136 10.00000 74.00000 29.73214 75.32596 20.88061 58.18075 12.16553 14.31782 31.06445 7.21110 21.37756 32.55764 57.27128 17.08801 56.00893 63.69458 25.63201 14.14214 2.23607 62.00000 46.17359 48.10405 66.12110 48.00000 2.23607 82.38932 43.41659 32.64966 29.83287 50.60632 35.90265 44.10215 69.87131 80.52329 15.52417 15.29706 10.81665 20.24846 45.09989 83.93450 16.76305 6.40312 18.02776 30.46309 6.08276 48.50773 31.01612 57.56735 49.16299 58.05170 26.24881 10.63015 19.72308 40.60788 46.52956 64.53681 23.43075 61.39218 24.04163 19.41649 13.45362 48.05206 19.92486 24.16609 48.01042 13.00000 26.83282 54.12024 74.73286 71.44928 80.39900 52.20153 48.04165 23.76973 26.07681 69.02898 19.10497 44.91102 46.84015 15.03330 51.42956 28.30194 82.29824 28.28427 53.08484 42.37924 15.62050 60.53098 24.41311 15.65248 42.80187 16.03122 11.70470 27.01851 6.32456 45.17743 22.20360 30.23243 5.38516 80.41144 40.02499 25.31798 58.60034 62.16912 20.00000 13.34166 37.16181 55.00909 39.92493 14.03567 25.05993 22.67157 43.60046 21.09502 80.65358 49.39636 59.41380 55.03635 75.15318 14.86607 30.26549 63.56099 4.47214 21.54066 74.67262 9.21954 32.69557 29.06888 30.26549 9.21954 66.91039 49.24429 29.12044 11.04536 68.00735 66.00000 54.81788 71.58911 47.26521 80.52329 30.26549 35.11410 2.23607 71.02112 48.00000 81.02469 65.06919 11.18034 32.80244 26.24881 83.54639 18.97367 
51.62364 2.23607 47.16991 33.13608 26.92582 29.06888 62.26556 0.00000 33.42155 57.28001 51.61395 40.11234 54.78138 35.46830 71.25307 45.79301 27.45906 60.13319 14.21267 51.41984 83.48653 60.00000 32.24903 72.71864 19.41649 42.20190 61.98387 27.73085 35.35534 53.15073 58.00862 19.10497 45.34314 29.68164 46.84015 11.70470 62.03225 20.51828 34.65545 20.61553 27.65863 50.60632 31.40064 32.89377 36.76955 25.07987 37.85499 26.90725 20.59126 48.76474 71.56116 17.46425 44.10215 43.41659 42.20190 7.07107 51.03920 53.75872 31.30495 55.07268 48.10405 33.30165 7.28011 61.84658 30.06659 8.60233 37.20215 51.85557 61.05735 32.01562 46.09772 19.10497 37.00000 31.57531 61.05735 48.01042 27.31300 33.54102 61.03278 11.66190 43.38202 18.38478 44.59821 26.40076 67.94115 73.24616 72.11103 55.97321 35.17101 24.00000 60.87693 56.35601 80.26207 50.24938 60.41523 20.24846 48.87740 14.03567 35.35534 42.10701 38.60052 61.07373 74.04053 40.49691 38.83298 45.89118 70.21396 18.97367 49.04080 42.94182 60.87693 22.13594 43.01163 44.91102 30.59412 65.19202 66.37017 8.48528 24.20744 28.60070 46.87217 46.17359 29.61419 51.22499 40.31129 36.24914 59.46427 41.23106 20.12461 70.17834 11.31371 34.00000 47.20169 35.73514 28.01785 22.02272 69.26038 39.45884 56.40035 77.89737 20.61553 76.96753 53.85165 35.84690 61.32699 17.20465 51.78803 71.25307 58.13777 52.35456 26.62705 45.45327 6.08276 4.47214 55.10898 67.35726 25.61250 30.01666 23.34524 71.06335 53.60037 41.43670 19.64688 43.93177 24.04163 15.26434 38.32754 33.01515 14.03567 76.85050 36.12478 18.78829 66.03787 47.29693 16.76305 68.81860 30.00000 52.15362 36.12478 71.11962 43.68066 20.88061 34.71311 67.62396 33.10589 33.24154 17.02939 48.70318 36.67424 26.40076 58.00862 28.31960 60.03332 24.83948 31.57531 42.63801 35.73514 72.89719 34.36568 48.60041 54.70832 51.62364 
64.03124 35.60899 70.11419 31.38471 52.17279 52.61179 80.62258 33.42155 0.00000 81.15417 59.80803 68.41053 77.00649 17.69181 98.15294 65.06919 49.36598 87.66413 38.89730 76.53104 98.49365 88.52683 24.59675 89.62700 15.81139 25.61250 87.57283 38.20995 57.14018 80.80842 86.34813 48.84670 60.67125 5.09902 27.29469 22.67157 90.02777 41.59327 50.15974 14.76482 20.88061 55.94640 45.17743 57.87055 17.69181 24.33105 24.08319 8.06226 13.60147 46.87217 87.86353 17.20465 72.27724 17.72005 60.13319 30.41381 68.46897 77.10383 54.45181 74.24284 60.63827 48.16638 31.30495 86.20905 25.63201 25.23886 56.00893 67.08204 78.77182 20.59126 43.26662 50.53712 19.79899 33.52611 78.77182 18.11077 37.21559 60.87693 89.05055 39.00000 48.46648 45.22168 23.70654 10.19804 80.00625 86.68333 88.07383 66.40783 37.33631 21.09502 85.21150 76.16430 97.08244 56.46238 81.09871 33.06055 55.15433 25.96151 34.01470 31.14482 63.78871 75.18643 97.00000 43.46263 38.01316 29.41088 95.33625 20.22375 59.48109 64.00781 73.76313 33.00000 61.13101 71.02112 33.24154 78.16009 93.05912 35.34119 9.21954 9.21954 18.00000 39.05125 32.98485 61.03278 54.58938 16.27882 69.89278 40.70626 35.12834 82.86133 36.40055 56.22277 17.11724 60.82763 27.89265 40.19950 92.00000 26.90725 64.62198 95.52487 48.70318 96.62815 76.00658 59.41380 82.09750 41.48494 77.92946 98.15294 78.16009 25.01999 41.01219 56.75385 30.88689 29.41088 80.62258 80.36168 46.27094 26.57066 43.28972 84.48077 62.03225 65.37584 47.75982 59.53990 14.31782 34.92850 27.01851 27.73085 25.05993 93.17188 50.35871 18.43909 83.18654 72.69113 18.86796 84.17244 50.08992 58.69412 50.35871 89.80535 25.23886 32.01562 52.03845 81.74350 15.00000 17.20465 27.29469 26.92582 36.24914 10.19804 86.34813 47.04253 78.51751 10.19804 33.52611 12.04159 19.84943 91.78780 62.09670 57.87055 26.07681 64.03124 
28.31960 55.65968 11.04536 54.70832 30.59412 29.15476 15.03330 57.28001 81.15417 0.00000 36.06938 19.84943 5.65685 70.09280 18.86796 17.88854 32.01562 13.00000 44.55334 6.40312 34.01470 16.76305 61.13101 23.08679 66.00000 69.64194 7.81025 43.93177 24.02082 12.16553 15.29706 38.62642 25.23886 80.00000 73.92564 67.08204 15.65248 40.04997 32.28002 74.43118 61.98387 41.03657 37.10795 24.51530 71.30919 57.70615 66.40783 73.10951 73.24616 52.20153 23.53720 71.56815 17.02939 79.12016 22.84732 54.74486 18.38478 4.12311 27.07397 13.03840 29.06888 34.20526 53.75872 5.09902 58.69412 60.67125 25.70992 22.67157 16.27882 64.76110 53.53504 40.24922 69.64194 51.24451 16.27882 86.12781 44.91102 24.16609 15.23155 46.09772 42.72002 39.05125 74.67262 79.15807 30.41381 30.06659 24.51530 31.62278 49.39636 80.60397 4.12311 11.18034 28.65310 39.62323 9.00000 48.09366 39.69887 56.03570 53.48832 63.56099 18.68154 24.35159 16.76305 46.52956 51.89412 70.26379 14.31782 61.03278 32.55764 17.46425 26.92582 48.25971 21.93171 13.03840 50.96077 27.65863 14.21267 50.01000 74.00676 72.33948 84.20214 59.16925 50.69517 33.24154 29.96665 72.03471 31.76476 51.00000 46.04346 30.06659 47.67599 25.00000 85.86617 21.58703 55.31727 41.01219 12.08305 65.19202 35.80503 25.55386 36.68787 21.93171 6.40312 22.09072 9.05539 41.43670 8.06226 18.86796 10.44031 85.44004 40.44750 32.20248 54.91812 58.24946 5.09902 28.28427 35.00000 57.72348 38.00000 29.00000 35.46830 16.12452 37.64306 25.55386 78.51751 47.09565 63.90618 58.52350 71.06335 26.92582 32.89377 63.00794 19.02630 10.29563 71.84706 24.02082 31.06445 38.89730 32.89377 18.78829 71.86793 49.16299 29.83287 26.07681 70.40597 68.65858 54.00926 77.07788 52.00000 79.15807 15.29706 34.13210 14.31782 71.06335 51.24451 83.74366 68.41053 19.72308 23.70654 34.71311 88.60023 28.31960 
7.81025 51.31277 28.65310 28.46050 32.38827 29.27456 26.40076 51.61395 59.80803 36.06938 0.00000 40.26164 30.41381 43.93177 54.56189 20.12461 27.89265 48.41487 38.07887 36.05551 39.31921 51.61395 35.44009 32.24903 48.54894 40.01250 43.84062 24.75884 25.01999 44.41846 49.64877 41.48494 12.64911 60.83584 43.10452 55.90170 51.22499 31.76476 18.02776 59.64059 39.00000 5.38516 20.24846 31.01612 44.72136 36.23534 38.32754 52.80152 57.68882 17.72005 30.14963 57.80138 41.43670 51.15662 17.46425 45.45327 17.69181 32.64966 28.07134 23.43075 7.61577 18.78829 44.82187 40.36087 34.17601 49.49747 20.00000 13.45362 24.16609 39.56008 20.22375 45.35416 42.57934 26.40076 24.16609 58.07753 25.49510 36.12478 50.60632 41.18252 11.40175 37.33631 45.00000 62.26556 20.39608 27.29469 30.06659 7.00000 22.47221 68.41053 39.62323 25.61250 39.01282 4.12311 30.23243 32.52691 5.00000 41.77320 25.96151 33.00000 31.78050 17.26268 46.06517 16.49242 22.36068 39.11521 48.60041 43.26662 4.12311 23.40940 15.03330 31.14482 17.72005 35.84690 26.83282 19.02630 50.20956 43.26662 55.94640 50.69517 56.08030 26.30589 27.29469 2.82843 13.15295 45.89118 10.19804 20.09975 31.89044 23.34524 40.49691 26.00000 58.13777 31.25700 32.20248 29.68164 41.67733 36.12478 5.00000 38.20995 38.32754 41.23106 29.73214 28.16026 31.06445 35.77709 39.11521 54.56189 27.20294 55.14526 25.00000 7.07107 46.22770 49.67897 39.20459 21.09502 27.85678 33.24154 29.06888 25.17936 2.23607 29.41088 38.60052 13.34166 63.51378 36.40055 35.22783 32.28002 61.52235 35.01428 16.15549 45.48626 26.92582 34.88553 59.03389 26.07681 24.73863 2.82843 16.15549 34.20526 42.00000 32.55764 19.41649 23.00000 45.60702 43.41659 38.28838 46.17359 23.76973 62.26556 49.64877 24.69818 25.05993 51.42956 26.40076 57.70615 41.77320 36.13862 37.21559 3.16228 58.21512 7.81025 
34.23449 38.20995 14.56022 47.63402 16.55295 17.20465 31.30495 40.11234 68.41053 19.84943 40.26164 0.00000 20.24846 60.90156 31.14482 21.02380 20.80865 20.02498 29.61419 13.45362 52.69725 20.22375 52.69725 41.34005 52.63079 62.80127 22.47221 35.60899 16.64332 13.03840 18.11077 21.02380 27.65863 66.28725 67.62396 51.00980 22.02272 27.31300 27.20294 59.21149 51.88449 43.65776 30.41381 12.04159 62.26556 47.41308 58.82176 60.44005 58.42089 51.62364 41.18252 56.14268 4.00000 70.32780 22.80351 39.20459 26.07681 17.80449 16.27882 25.29822 32.75668 28.42534 38.20995 23.32381 49.92995 45.17743 21.47091 30.00000 31.38471 55.56978 51.61395 21.58703 61.05735 44.04543 31.38471 76.94154 36.40055 7.61577 21.02380 30.14963 41.67733 23.34524 67.42403 64.49806 44.14748 46.23851 42.05948 39.11521 43.84062 64.07027 22.47221 25.07987 47.80167 42.37924 26.62705 36.67424 41.78516 42.44997 47.42362 58.05170 8.54400 36.67424 35.84690 43.60046 47.42362 64.53681 30.67572 48.38388 36.13862 17.11724 38.32754 37.58989 22.56103 7.21110 43.41659 41.00000 26.30589 34.13210 60.20797 60.40695 75.17978 56.08030 42.80187 37.85499 28.63564 62.64982 41.00000 47.63402 34.43835 44.92215 32.38827 16.40122 76.47876 10.00000 46.32494 29.52965 31.62278 58.41233 42.42641 44.82187 20.09975 41.72529 19.72308 13.03840 27.20294 26.92582 12.52996 31.14482 25.94224 77.93587 31.40064 33.83785 39.11521 42.01190 16.12452 42.44997 23.85372 49.09175 26.41969 44.59821 40.79216 11.04536 21.09502 26.92582 63.12686 33.52611 57.00877 50.80354 54.14795 45.48626 28.84441 50.00000 35.77709 10.00000 56.03570 40.31129 21.93171 42.72002 28.84441 37.80212 65.00000 38.01316 24.41311 41.10961 60.37384 59.05929 41.43670 70.60453 46.66905 64.49806 18.11077 24.83948 29.54657 58.24088 44.04543 73.40981 59.68249 39.05125 6.32456 37.64306 80.99383 34.23449 
22.67157 53.31041 7.61577 49.72927 27.85678 25.96151 11.40175 54.78138 77.00649 5.65685 30.41381 20.24846 0.00000 65.30697 24.41311 12.64911 28.44293 18.35756 41.48494 8.06226 32.44996 21.93171 56.29387 21.09502 62.12890 64.51356 13.45362 39.31921 20.22375 16.12452 20.24846 36.71512 19.72308 76.10519 68.70953 64.03124 21.09502 36.49658 27.45906 71.02112 57.42822 35.38361 32.38827 21.93171 66.49060 53.23533 61.40033 69.00000 69.72087 46.61545 21.02380 68.24954 18.38478 74.21590 17.72005 51.66237 12.72792 3.00000 23.76973 7.61577 23.43075 29.42788 50.69517 10.29563 53.93515 57.48913 21.09502 17.02939 12.04159 60.01666 48.02083 38.83298 64.76110 46.32494 12.04159 81.25269 40.31129 22.80351 20.59126 43.32436 37.21559 36.40055 69.57011 75.53807 26.01922 26.68333 21.93171 26.07681 44.27189 77.62087 9.43398 6.08276 27.65863 33.97058 6.40312 44.01136 34.05877 52.34501 48.38388 58.30952 16.64332 19.41649 20.02498 41.14608 46.61545 65.00000 19.31321 57.03508 26.90725 13.00000 21.84033 44.01136 16.76305 13.03840 46.09772 23.08679 19.84943 47.12749 70.17834 68.06614 79.30952 53.71220 45.89118 27.58623 24.69818 67.26812 26.40076 45.61798 42.04759 26.07681 44.64303 21.37756 81.02469 19.23538 50.63596 37.12142 15.03330 60.08328 30.23243 24.75884 34.43835 22.47221 1.00000 18.97367 7.07107 38.32754 11.00000 24.41311 6.08276 80.32434 36.05551 26.62705 51.92302 55.36244 9.48683 24.00000 31.25700 52.95281 34.23449 25.31798 29.83287 13.41641 35.34119 20.12461 75.13322 43.56604 58.82176 53.60037 68.30813 25.23886 27.89265 59.07622 15.81139 10.29563 68.65858 20.61553 27.07397 33.24154 27.89265 17.69181 66.73080 45.00000 25.17936 22.09072 65.76473 63.95311 50.08992 71.86793 46.81880 75.53807 20.24846 30.01666 10.04988 67.00746 46.32494 79.07591 63.56099 19.10497 22.67157 29.06888 83.48653 22.67157 
49.16299 37.16181 59.20304 16.00000 44.41846 43.82921 67.02984 35.46830 17.69181 70.09280 43.93177 60.90156 65.30697 0.00000 88.23265 52.77310 40.24922 78.54935 33.94113 66.40783 83.18654 80.11242 9.05539 75.16648 17.11724 8.54400 77.20104 26.24881 46.81880 72.09022 77.87811 44.55334 47.09565 20.80865 12.00000 29.06888 81.15417 33.83785 37.85499 25.70992 9.21954 39.56008 32.98485 49.19350 1.41421 13.60147 6.40312 13.92839 23.53720 29.52965 73.24616 26.17250 64.41273 9.43398 47.67599 29.52965 55.14526 65.96969 45.18849 61.29437 46.04346 35.90265 30.01666 75.18643 11.40175 27.20294 44.38468 53.00000 65.00769 5.38516 25.94224 47.42362 2.23607 19.10497 65.00769 16.15549 25.29822 53.33854 80.23092 35.46830 32.55764 39.69887 9.21954 24.59675 64.32729 71.19691 73.33485 50.80354 22.02272 34.78505 74.21590 63.38770 82.38932 40.26164 68.46897 24.41311 39.05125 22.47221 18.11077 13.45362 54.62600 60.29925 84.85281 27.45906 21.58703 12.64911 84.40379 16.55295 44.28318 52.63079 58.54912 23.32381 48.66210 61.84658 19.23538 62.80127 83.16850 33.01515 18.97367 10.77033 14.31782 21.40093 19.41649 45.54119 41.19466 2.00000 54.12947 24.04163 26.62705 67.26812 32.64966 46.23851 15.81139 51.89412 14.86607 31.38471 79.90620 9.21954 48.50773 81.15417 43.27817 83.00602 64.32729 49.76947 69.46222 35.46830 68.35203 88.23265 65.37584 17.69181 30.08322 42.04759 30.41381 31.01612 70.51950 64.93843 37.12142 12.36932 34.48188 69.05071 46.09772 55.36244 42.52058 46.17359 27.85678 29.00000 9.43398 12.00000 34.01470 78.40918 37.48333 16.76305 69.02898 62.96825 28.16026 69.35416 39.92493 42.44997 37.48333 76.00000 9.05539 23.02173 40.26164 66.61081 3.16228 2.23607 21.26029 13.34166 20.22375 24.59675 77.87811 36.76955 65.06919 14.31782 19.10497 14.00000 2.23607 78.00000 54.70832 42.42641 20.51828 49.16299 
46.75468 69.35416 29.15476 73.16420 46.17359 45.54119 30.23243 71.25307 98.15294 18.86796 54.56189 31.14482 24.41311 88.23265 0.00000 36.71512 48.83646 11.18034 60.07495 21.84033 41.04875 12.52996 79.37884 33.24154 82.60751 88.23831 11.18034 61.98387 41.48494 18.11077 13.92839 52.15362 44.10215 96.51943 92.61209 82.02439 9.84886 56.56854 50.69517 90.02222 79.81228 59.66574 55.36244 40.31129 89.49302 75.43209 84.86460 90.09439 89.08984 71.02816 34.78505 87.00575 27.16616 97.40637 41.59327 70.00714 37.01351 22.82542 43.73786 31.14482 47.80167 52.55473 69.00725 14.21267 76.84400 76.00658 44.01136 41.10961 32.20248 82.86133 72.40166 52.61179 87.92042 69.64194 32.20248 104.35516 62.93648 38.00000 10.77033 61.00000 61.58734 54.00926 93.23090 95.13149 45.17743 42.37924 35.73514 49.51767 68.02941 95.18929 15.00000 29.00000 35.05710 58.25805 24.83948 65.30697 58.41233 72.44308 72.09022 82.29216 34.36568 40.80441 15.00000 65.36819 70.66116 89.00000 7.28011 77.92946 51.22499 35.84690 43.60046 65.73431 40.70626 27.16616 69.28925 43.04649 5.09902 65.00000 90.44888 89.62700 102.45975 78.03204 68.94926 51.73973 48.76474 90.13878 49.04080 69.83552 63.15061 43.86342 63.03174 42.20190 104.04326 37.33631 73.37575 58.05170 15.81139 83.77350 53.75872 32.14032 51.00980 26.01922 25.23886 38.83298 24.20744 57.14018 20.22375 0.00000 27.58623 104.00000 58.24088 51.03920 70.00000 73.02739 17.72005 42.94182 51.97115 75.89466 54.91812 42.15448 53.75872 32.98485 52.00961 44.41846 94.00532 63.38770 82.46211 76.89603 85.28775 35.51056 51.47815 79.76215 32.64966 25.49510 87.00575 37.16181 48.50773 57.38467 51.47815 28.16026 90.47099 66.49060 48.10405 40.24922 88.32327 86.68333 70.85901 95.75490 70.68239 95.13149 13.92839 51.66237 30.61046 87.96590 69.64194 101.65136 86.64872 27.65863 37.01351 53.41348 107.15409 46.75468 
13.34166 44.65423 8.60233 37.10795 19.79899 17.02939 16.55295 45.79301 65.06919 17.88854 20.12461 21.02380 12.64911 52.77310 36.71512 0.00000 18.35756 29.00000 31.76476 16.27882 37.80212 31.89044 43.73786 26.92582 50.63596 51.86521 25.55386 27.01851 10.63015 24.41311 29.83287 29.73214 7.81025 64.49806 56.08030 53.85165 31.82766 26.00000 15.03330 60.16644 45.09989 24.41311 20.02498 15.26434 53.93515 41.01219 48.76474 57.14018 58.69412 34.71311 25.80698 57.56735 21.58703 61.61169 5.09902 41.62932 5.83095 13.89244 14.86607 9.48683 12.52996 17.02939 40.71855 22.84732 41.43670 47.16991 9.21954 9.05539 15.26434 47.51842 35.80503 32.80244 52.17279 33.73426 15.26434 68.65858 28.01785 18.97367 31.11270 34.13210 25.00000 27.80288 56.92100 64.32729 24.59675 28.42534 26.40076 18.11077 31.62278 67.41662 21.93171 11.18034 34.48188 23.02173 16.03122 32.38827 22.80351 41.23106 35.73514 45.69464 13.15295 17.00000 32.14032 28.65310 34.01470 52.39275 31.95309 45.39824 16.12452 4.12311 18.02776 32.14032 4.12311 15.81139 33.54102 21.47091 31.90611 37.58989 58.69412 56.00893 66.70832 41.34005 33.37664 17.46425 12.08305 54.74486 20.02498 33.12099 30.59412 26.07681 34.88553 12.04159 68.44706 13.92839 38.20995 25.96151 27.16616 47.43416 21.58703 32.20248 26.87006 32.01562 11.70470 11.66190 17.02939 28.65310 19.20937 36.71512 13.15295 67.67570 24.08319 14.86607 42.04759 45.61798 19.84943 23.32381 20.61553 40.44750 23.40940 26.40076 20.24846 10.00000 27.58623 7.81025 64.28841 32.89377 46.17359 41.00000 58.60034 31.06445 15.29706 47.51842 20.24846 14.76482 58.18935 23.34524 16.15549 22.82542 15.29706 25.63201 54.08327 33.24154 13.03840 22.80351 53.33854 51.47815 38.63936 59.23681 34.17601 64.32729 29.83287 18.68154 14.31782 55.22681 33.73426 66.61081 50.99020 27.51363 19.64688 18.02776 70.83784 13.34166 
25.55386 26.40076 21.09502 26.90725 5.38516 3.60555 34.88553 27.45906 49.36598 32.01562 27.89265 20.80865 28.44293 40.24922 48.83646 18.35756 0.00000 38.60052 13.41641 27.16616 56.03570 39.92493 31.90611 45.27693 34.01470 42.01190 38.20995 14.86607 8.24621 31.95309 37.69615 13.60147 18.60108 48.01042 46.86150 35.73514 41.10961 8.06226 10.04988 42.57934 31.38471 29.06888 10.77033 8.94427 41.59327 26.92582 38.01316 41.30375 41.30375 33.52611 44.10215 39.81206 24.18677 49.64877 14.86607 23.40940 23.60085 28.07134 5.09902 27.73085 22.36068 10.04988 22.47221 37.00000 29.15476 29.12044 9.89949 24.75884 33.61547 34.88553 32.69557 17.46425 40.31129 23.34524 33.61547 56.36488 15.62050 13.45362 40.16217 15.81139 24.33105 10.00000 46.61545 47.16991 41.10961 46.01087 44.65423 30.41381 23.60085 49.33559 36.00000 29.15476 52.83938 28.16026 33.52611 16.49242 27.07397 24.02082 26.90725 37.48333 14.56022 33.94113 48.37355 24.69818 27.45906 43.86342 46.04346 29.15476 24.35159 15.81139 34.05877 17.08801 15.62050 21.84033 22.67157 38.20995 43.73786 19.23538 42.00000 40.79216 54.56189 36.35932 22.02272 26.57066 14.86607 42.04759 33.61547 28.17801 14.31782 43.13931 16.55295 7.07107 55.94640 11.70470 25.55386 9.21954 43.41659 37.64306 31.95309 50.53712 10.44031 49.98000 27.45906 10.04988 34.48188 10.29563 28.63564 48.83646 31.01612 57.14018 10.63015 20.88061 23.76973 27.31300 31.25700 40.31129 3.16228 28.30194 6.08276 43.86342 29.41088 16.03122 10.77033 17.20465 46.69047 15.13275 36.23534 30.00000 40.31129 49.39636 12.04159 31.06445 38.58756 23.34524 40.26164 41.40048 3.16228 29.42788 12.04159 43.86342 44.20407 17.72005 8.54400 40.36087 39.92493 38.48376 22.09072 49.81967 26.40076 47.16991 37.69615 4.47214 32.64966 39.20459 23.34524 53.14132 38.94868 45.69464 14.86607 24.73863 60.20797 25.55386 
40.80441 58.21512 20.61553 63.95311 35.51056 35.17101 27.65863 60.13319 87.66413 13.00000 48.41487 20.02498 18.35756 78.54935 11.18034 29.00000 38.60052 0.00000 49.25444 12.80625 43.93177 4.00000 69.85700 34.05877 72.00694 79.17702 7.07107 52.39275 31.78050 7.00000 3.60555 41.04875 36.76955 85.84288 83.72574 71.00000 2.82843 46.09772 41.67733 79.10120 69.89278 53.15073 46.06517 29.83287 79.84986 65.45991 75.58439 79.62412 78.23043 63.70243 35.00000 76.05919 16.03122 87.84646 33.42155 59.07622 30.80584 15.81139 33.52611 25.94224 41.10961 43.41659 58.07753 11.00000 67.23095 65.06919 34.98571 35.22783 29.12044 73.16420 64.66065 41.43670 78.39005 60.37384 29.12044 94.70480 53.31041 27.07397 2.23607 50.03998 53.90733 43.10452 84.07735 84.29116 43.17407 42.10701 36.00000 44.41846 59.16925 84.09518 11.04536 24.16609 38.07887 51.73973 21.58703 55.08176 51.66237 61.81424 63.13478 73.57309 24.04163 37.33631 20.24846 57.20140 62.12890 80.26207 12.72792 67.46851 44.68781 27.20294 39.92493 55.65968 32.64966 16.76305 59.93330 40.52160 6.70820 54.03702 79.76215 79.30952 92.84934 70.00000 59.50630 45.60702 40.60788 80.41144 44.72136 61.61169 52.88667 42.57934 52.15362 32.31099 94.33981 26.92582 63.69458 47.80167 18.02776 74.70609 48.54894 34.92850 40.01250 29.73214 18.86796 28.79236 21.37756 46.38965 10.29563 11.18034 23.40940 94.81034 48.46648 43.84062 59.03389 62.00000 9.21954 41.00000 41.76123 66.30988 44.64303 41.30375 48.01042 23.25941 41.01219 36.79674 83.05420 52.77310 73.35530 67.54258 74.16873 37.33631 42.72002 69.23150 31.25700 15.65248 76.00658 36.22154 38.62642 51.22499 42.72002 29.15476 81.41253 56.32051 38.94868 38.63936 78.43469 76.89603 60.41523 86.83317 61.91123 84.29116 3.60555 41.78516 27.20294 77.46612 60.37384 91.70605 77.07788 29.42788 26.01922 46.75468 97.94386 40.80441 
37.53665 13.45362 33.95585 25.29822 14.03567 15.52417 48.30114 14.21267 38.89730 44.55334 38.07887 29.61419 41.48494 33.94113 60.07495 31.76476 13.41641 49.25444 0.00000 39.11521 69.33974 49.81967 27.45906 58.66856 23.08679 38.27532 50.03998 16.03122 21.54066 42.29657 47.67599 10.63015 31.14482 36.67424 43.26662 22.56103 51.47815 6.40312 20.61553 30.01666 24.75884 37.69615 17.88854 20.09975 35.35534 20.61553 33.83785 31.01612 29.01724 38.05260 57.45433 27.07397 33.54102 43.18565 28.01785 10.19804 36.89173 40.79216 17.72005 41.14608 34.05877 19.41649 9.21954 49.36598 24.69818 16.12452 23.02173 37.64306 47.01064 29.06888 36.01389 13.60147 34.71311 22.56103 47.01064 49.20366 16.00000 22.20360 50.48762 3.16228 31.04835 6.32456 42.01190 35.05710 53.75872 59.03389 57.98276 42.01190 25.07987 36.13862 48.37355 42.54409 66.24198 37.16181 46.81880 10.77033 35.84690 13.00000 26.68333 35.84690 26.07681 46.86150 61.18823 29.15476 29.15476 41.18252 58.13777 19.23538 35.22783 29.15476 46.69047 12.64911 28.84441 33.00000 21.58703 50.99020 55.03635 5.83095 30.59412 31.30495 47.63402 37.65634 20.61553 37.44329 26.24881 35.38361 45.45327 31.01612 9.21954 55.97321 3.16228 20.24846 48.60041 23.08679 21.47091 8.54400 56.29387 34.48188 42.72002 63.95311 9.84886 63.32456 40.52160 22.56103 47.75982 3.16228 40.00000 60.07495 44.38468 51.62364 13.60147 31.62278 10.44031 13.92839 43.04649 53.15073 11.40175 24.18677 9.21954 56.85068 39.96248 28.44293 8.94427 29.73214 34.05877 5.00000 33.12099 26.83282 26.92582 62.76942 22.20360 20.61553 51.97115 35.05710 27.29469 54.64430 15.81139 38.91015 22.20360 57.27128 40.22437 12.08305 20.51828 53.41348 32.64966 31.82766 12.80625 45.80393 27.29469 35.05710 47.67599 14.14214 46.06517 28.79236 22.56103 44.94441 33.30165 59.09315 23.34524 34.98571 54.45181 37.53665 
