nbNodes
102
nbVehi
20
nbServi
6
r
1 1 1 1 1 1 
0 0 0 1 0 0 
1 0 0 0 0 0 
0 0 0 1 0 0 
1 0 0 0 0 0 
0 0 0 0 1 0 
0 0 0 0 1 0 
0 1 0 0 0 0 
0 0 0 0 1 0 
0 0 0 1 0 0 
0 0 0 0 1 0 
0 1 0 0 0 0 
0 0 0 0 0 1 
0 0 0 1 0 0 
1 0 0 0 0 0 
0 0 0 1 0 0 
1 0 0 0 0 0 
0 0 0 0 1 0 
0 1 0 0 0 0 
0 1 0 0 0 0 
0 0 0 0 1 0 
0 0 0 0 0 1 
0 1 0 0 0 0 
0 0 0 1 0 0 
0 0 1 0 0 0 
0 0 0 0 0 1 
0 1 0 0 0 0 
0 0 1 0 0 0 
0 0 1 0 0 0 
0 0 1 0 0 0 
0 0 1 0 0 0 
0 0 1 0 0 0 
0 0 1 0 0 0 
1 0 0 0 0 0 
0 0 1 0 0 0 
0 1 0 0 0 0 
0 1 0 0 0 0 
0 0 0 0 1 0 
0 0 0 0 1 0 
0 0 0 1 0 0 
0 1 0 0 0 0 
0 0 0 0 0 1 
0 1 0 0 0 0 
0 0 1 0 0 0 
1 0 0 0 0 0 
0 0 0 0 1 0 
0 0 0 0 0 1 
1 0 0 0 0 0 
1 0 0 0 0 0 
0 0 0 0 0 1 
0 1 0 0 0 0 
0 0 0 0 0 1 
0 0 0 0 0 1 
0 0 0 1 0 0 
0 0 0 0 0 1 
0 0 0 0 0 1 
0 0 0 0 0 1 
0 0 1 0 0 0 
1 0 0 0 0 0 
0 0 1 0 0 0 
1 0 0 0 0 0 
0 0 1 0 0 0 
1 0 0 0 0 0 
0 0 1 0 0 0 
0 1 0 0 0 0 
0 0 0 0 1 0 
1 0 0 0 0 0 
0 0 0 0 1 0 
0 0 0 0 0 1 
0 0 0 0 0 1 
0 0 1 0 0 0 
0 0 0 0 1 1 
0 0 0 1 0 1 
0 0 0 1 1 0 
0 0 0 1 1 0 
0 0 0 0 1 1 
0 0 0 1 1 0 
0 0 0 0 1 1 
0 0 0 1 1 0 
0 0 0 1 1 0 
0 0 0 1 0 1 
0 0 0 1 0 1 
0 0 0 1 1 0 
0 0 0 1 1 0 
0 0 0 1 1 0 
0 0 0 1 1 0 
1 0 0 1 0 0 
0 1 0 0 1 0 
0 1 0 1 0 0 
1 0 0 0 0 1 
0 1 0 0 0 1 
0 0 1 0 1 0 
0 0 1 1 0 0 
0 1 0 0 1 0 
0 0 1 0 1 0 
1 0 0 0 0 1 
0 0 1 1 0 0 
0 1 0 1 0 0 
0 1 0 0 0 1 
0 0 1 0 0 1 
0 1 0 0 1 0 
1 1 1 1 1 1 
DS
72 73 74 75 76 77 78 79 80 81 82 83 84 85 86 87 88 89 90 91 92 93 94 95 96 97 98 99 100 101 
a
1 0 1 0 0 0 
0 1 0 0 0 0 
0 0 1 0 0 0 
0 0 1 0 0 0 
0 1 1 0 0 0 
1 1 0 0 0 0 
0 1 0 0 0 0 
0 0 0 1 1 0 
0 0 0 1 0 1 
0 0 0 1 1 1 
0 0 0 1 1 1 
0 0 0 1 1 1 
0 0 0 1 1 0 
0 0 0 0 0 1 
0 0 0 1 1 1 
0 0 0 1 0 1 
0 0 0 1 1 1 
0 0 0 1 1 1 
0 0 0 1 1 1 
0 0 0 1 0 1 
x
13 93 46 97 81 23 91 95 86 73 93 95 35 74 8 48 72 17 10 55 39 92 68 98 41 5 71 81 8 8 60 36 36 90 99 22 68 51 63 79 33 8 88 79 48 37 7 36 23 32 13 63 71 0 31 3 64 59 27 56 38 83 69 61 94 24 6 61 54 75 45 14 44 4 68 84 20 73 58 50 12 48 24 37 31 24 59 3 74 16 60 65 20 75 3 44 55 21 30 27 0 13 
y
4 36 0 41 23 2 46 19 46 5 42 20 1 24 15 35 9 12 18 8 3 38 30 34 43 39 8 47 3 44 46 23 47 44 1 43 18 5 14 17 14 28 46 37 29 22 38 44 4 12 20 30 37 2 33 23 23 42 23 20 2 36 25 24 36 24 14 45 31 21 45 28 45 24 9 23 18 36 17 11 43 12 12 42 21 11 10 16 35 14 49 44 3 12 47 5 15 10 20 35 0 4 
d
0.00000 86.16264 33.24154 91.78780 70.60453 10.19804 88.58894 83.36066 84.21995 60.00833 88.56636 83.54639 22.20360 64.19502 12.08305 46.75468 59.21149 8.94427 14.31782 42.19005 26.01922 86.00581 60.83584 90.13878 48.01042 35.90265 58.13777 80.45496 5.09902 40.31129 63.03174 29.83287 48.76474 86.76981 86.05231 40.02499 56.75385 38.01316 50.99020 67.26812 22.36068 24.51530 85.95929 73.79024 43.01163 30.00000 34.52535 46.14109 10.00000 20.61553 16.00000 56.35601 66.73080 13.15295 34.13210 21.47091 54.42426 59.66574 23.60085 45.88028 25.07987 76.96753 59.80803 52.00000 87.09191 22.82542 12.20656 63.12686 49.09175 64.28841 52.00961 24.02082 51.40039 21.93171 55.22681 73.49830 15.65248 68.00000 46.84015 37.65634 39.01282 35.90265 13.60147 44.94441 24.75884 13.03840 46.38965 15.62050 68.42514 10.44031 65.06919 65.60488 7.07107 62.51400 44.14748 31.01612 43.41659 10.00000 23.34524 34.01470 13.60147 0.00000 
86.16264 0.00000 59.20304 6.40312 17.69181 77.82031 10.19804 17.11724 12.20656 36.89173 6.00000 16.12452 67.74216 22.47221 87.55570 45.01111 34.20526 79.69944 84.92938 47.20169 63.28507 2.23607 25.70992 5.38516 52.46904 88.05112 35.60899 16.27882 91.18114 85.37564 34.48188 58.46366 58.05170 8.54400 35.51056 71.34424 30.80584 52.20153 37.20215 23.60085 63.90618 85.37564 11.18034 14.03567 45.54119 57.72348 86.02325 57.55867 76.96753 65.55151 81.58431 30.59412 22.02272 99.02020 62.07254 90.93404 31.78050 34.52535 67.26812 40.31129 64.66065 10.00000 26.40076 34.17601 1.00000 70.03571 89.73851 33.24154 39.31921 23.43075 48.83646 79.40403 49.81967 89.80535 36.79674 15.81139 75.18643 20.00000 39.82462 49.73932 81.30191 51.00000 73.05477 56.32051 63.78871 73.38937 42.80187 92.19544 19.02630 80.08121 35.46830 29.12044 80.11242 30.00000 90.66973 57.98276 43.41659 76.55064 65.00000 66.00758 99.72462 86.16264 
33.24154 59.20304 0.00000 65.43699 41.88078 23.08679 64.35060 52.55473 60.95900 27.45906 63.03174 52.92447 11.04536 36.87818 40.85340 35.05710 27.51363 31.38471 40.24922 12.04159 7.61577 59.66574 37.20215 62.12890 43.28972 56.58622 26.24881 58.60034 38.11824 58.13777 48.08326 25.07987 48.05206 62.22540 53.00943 49.24429 28.42534 7.07107 22.02272 37.12142 19.10497 47.20169 62.28965 49.57822 29.06888 23.76973 54.45181 45.12206 23.34524 18.43909 38.58756 34.48188 44.65423 46.04346 36.24914 48.76474 29.20616 43.96590 29.83287 22.36068 8.24621 51.62364 33.97058 28.30194 60.00000 32.55764 42.37924 47.43416 32.01562 35.80503 45.01111 42.52058 45.04442 48.37355 23.76973 44.41846 31.62278 45.00000 20.80865 11.70470 54.81788 12.16553 25.05993 42.95346 25.80698 24.59675 16.40122 45.88028 44.82187 33.10589 50.96077 47.92703 26.17250 31.38471 63.70243 5.38516 17.49286 26.92582 25.61250 39.82462 46.00000 33.24154 
91.78780 6.40312 65.43699 0.00000 24.08319 83.64807 7.81025 22.09072 12.08305 43.26662 4.12311 21.09502 73.78347 28.60070 92.72001 49.36598 40.60788 85.09407 89.98889 53.41348 69.33974 5.83095 31.01612 7.07107 56.03570 92.02174 42.01190 17.08801 96.77293 89.05055 37.33631 63.60031 61.29437 7.61577 40.04997 75.02666 37.01351 58.41233 43.41659 30.00000 69.46222 89.94443 10.29563 18.43909 50.44799 62.93648 90.04999 61.07373 82.73452 71.17584 86.58522 35.73514 26.30589 104.54664 66.48308 95.70789 37.58989 38.01316 72.27724 46.06517 70.72482 14.86607 32.24903 39.81206 5.83095 74.95332 94.92102 36.22154 44.14748 29.73214 52.15362 84.01190 53.15073 94.54100 43.18565 22.20360 80.36168 24.51530 45.79301 55.75841 85.02353 56.93856 78.54935 60.00833 68.96376 78.92401 49.04080 97.26767 23.76973 85.38150 37.85499 32.14032 85.86617 36.40055 94.19129 64.07027 49.39636 82.07923 70.21396 70.25667 105.30907 91.78780 
70.60453 17.69181 41.88078 24.08319 0.00000 61.68468 25.07987 14.56022 23.53720 19.69772 22.47221 14.31782 50.99020 7.07107 73.43705 35.11410 16.64332 64.93843 71.17584 30.01666 46.51881 18.60108 14.76482 20.24846 44.72136 77.66595 18.02776 24.00000 75.69016 75.96052 31.14482 45.00000 51.00000 22.84732 28.42534 62.29767 13.92839 34.98571 20.12461 6.32456 48.83646 73.17103 24.04163 14.14214 33.54102 44.01136 75.50497 49.65884 61.03278 50.21952 68.06614 19.31321 17.20465 83.67795 50.99020 78.00000 17.00000 29.06888 54.00000 25.17936 47.85394 13.15295 12.16553 20.02498 18.38478 57.00877 75.53807 29.73214 28.16026 6.32456 42.19005 67.18631 43.04649 77.00649 19.10497 3.00000 61.20457 15.26434 23.76973 33.24154 71.84010 34.78505 58.05170 47.92703 50.03998 58.24946 25.55386 78.31347 13.89244 65.62012 33.42155 26.40076 64.19502 12.52996 81.60882 41.14608 27.20294 61.39218 51.08816 55.31727 84.20214 70.60453 
10.19804 77.82031 23.08679 83.64807 61.68468 0.00000 80.99383 73.97973 76.84400 50.08992 80.62258 74.21590 12.04159 55.54278 19.84943 41.40048 49.49747 11.66190 20.61553 32.55764 16.03122 77.82673 53.00000 81.54140 44.77723 41.14608 48.37355 73.40981 15.03330 44.59821 57.48913 24.69818 46.84015 79.07591 76.00658 41.01219 47.75982 28.16026 41.76123 57.97413 15.62050 30.01666 78.49204 66.03787 36.79674 24.41311 39.39543 43.96590 2.00000 13.45362 20.59126 48.82622 59.40539 23.00000 32.01562 29.00000 46.06517 53.81450 21.37756 37.58989 15.00000 68.96376 51.42956 43.90900 78.72103 22.02272 20.80865 57.38467 42.44997 55.36244 48.30114 27.51363 47.85394 29.06888 45.54119 64.51356 16.27882 60.46487 38.07887 28.46050 42.44997 26.92582 10.04988 42.37924 20.61553 9.05539 36.87818 24.41311 60.74537 13.89244 59.81639 59.39697 3.16228 52.95281 49.24429 21.21320 34.53983 8.24621 19.31321 33.24154 23.08679 10.19804 
88.58894 10.19804 64.35060 7.81025 25.07987 80.99383 0.00000 27.29469 5.00000 44.77723 4.47214 26.30589 71.84010 27.80288 88.60023 44.38468 41.59327 81.43709 85.70298 52.34501 67.47592 8.06226 28.01785 13.89244 50.08992 86.28441 42.94182 10.04988 93.47727 83.02409 31.00000 59.61543 55.00909 2.23607 45.70558 69.06519 36.23534 57.28001 42.52058 31.38471 66.24198 84.92938 3.00000 15.00000 46.23851 59.09315 84.38009 55.03635 79.92496 68.09552 82.21922 32.24903 21.93171 101.07918 61.39218 90.95603 35.46830 32.24903 68.00735 43.60046 68.88396 12.80625 30.41381 37.20215 10.44031 70.51950 90.82401 30.01666 39.92493 29.68164 46.01087 79.07591 47.01064 89.73851 43.56604 24.04163 76.32169 20.59126 43.93177 53.90733 79.05694 54.81788 75.13322 54.14795 65.00000 75.59100 48.16638 92.97311 20.24846 81.54140 31.14482 26.07681 83.00602 37.57659 88.00568 62.36986 47.50789 78.71467 66.30988 64.93843 101.96568 88.58894 
83.36066 17.11724 52.55473 22.09072 14.56022 73.97973 27.29469 0.00000 28.46050 26.07681 23.08679 1.00000 62.64184 21.58703 87.09191 49.64877 25.07987 78.31347 85.00588 41.48494 58.24088 19.23538 29.15476 15.29706 59.09315 92.19544 26.40076 31.30495 88.45903 90.52072 44.20407 59.13544 65.30697 25.49510 18.43909 76.84400 27.01851 46.17359 32.38827 16.12452 62.20129 87.46428 27.89265 24.08319 48.05206 58.07753 90.02777 64.07808 73.54590 63.38770 82.00610 33.83785 30.00000 96.50907 65.51336 92.08692 31.25700 42.72002 68.11755 39.01282 59.48109 20.80865 26.68333 34.36568 17.02939 71.17584 89.14034 42.80187 42.72002 20.09975 56.35601 81.49847 57.24509 91.13726 28.79236 11.70470 75.00667 27.80288 37.05401 45.70558 86.40023 47.51842 71.34424 62.39391 64.03124 71.44928 37.10795 92.04890 26.40076 79.15807 46.09772 39.05125 76.68768 21.18962 96.16652 52.88667 40.19950 74.54529 65.00769 69.85700 96.88137 83.36066 
84.21995 12.20656 60.95900 12.08305 23.53720 76.84400 5.00000 28.46050 0.00000 43.01163 8.06226 27.51363 68.01470 25.05993 83.93450 39.56008 39.56008 76.92204 80.99383 49.04080 63.70243 10.00000 24.08319 16.97056 45.09989 81.30191 40.85340 5.09902 89.06739 78.02564 26.00000 55.03635 50.01000 4.47214 46.84015 64.07027 33.28663 53.90733 39.40812 29.83287 61.91123 80.04998 2.00000 11.40175 41.62932 54.56189 79.40403 50.03998 75.71658 63.81222 77.49194 28.01785 17.49286 96.60228 56.51548 86.12781 31.82766 27.29469 63.32456 39.69887 65.11528 10.44031 27.01851 33.30165 12.80625 65.78754 86.16264 25.01999 35.34119 27.31300 41.01219 74.21590 42.01190 84.89994 41.14608 23.08679 71.69379 16.40122 40.31129 50.20956 74.06079 50.99020 70.71068 49.16299 60.41523 71.19691 45.00000 88.25531 16.27882 76.96753 26.17250 21.09502 78.77182 35.73514 83.00602 58.69412 43.84062 74.30343 61.74140 60.01666 97.52948 84.21995 
60.00833 36.89173 27.45906 43.26662 19.69772 50.08992 44.77723 26.07681 43.01163 0.00000 42.05948 26.62705 38.20995 19.02630 65.76473 39.05125 4.12311 56.43580 64.32729 18.24829 34.05877 38.07887 25.49510 38.28838 49.67897 76.02631 3.60555 42.75512 65.03076 75.80237 43.01163 41.14608 55.97321 42.54409 26.30589 63.60031 13.92839 22.00000 13.45362 13.41641 41.00000 68.94926 43.65776 32.55764 34.65545 39.81206 73.79024 53.75872 50.01000 41.59327 61.84658 26.92582 32.06244 73.06162 50.47772 72.27724 20.12461 39.56008 49.39636 22.67157 35.12834 32.57299 20.39608 22.47221 37.44329 52.55473 67.60178 41.76123 32.20248 16.12452 48.82622 63.32456 49.40648 71.56815 6.40312 21.09502 54.57105 31.00000 19.20937 23.76973 71.86793 25.96151 49.49747 51.62364 44.94441 49.36598 14.86607 70.85901 30.01666 57.70615 45.88028 39.81206 53.03772 7.28011 81.63333 29.00000 20.59126 52.23983 45.54119 54.91812 73.17103 60.00833 
88.56636 6.00000 63.03174 4.12311 22.47221 80.62258 4.47214 23.08679 8.06226 42.05948 0.00000 22.09072 71.02816 26.17250 89.18520 45.54119 39.11521 81.70679 86.40023 50.99020 66.61081 4.12311 27.73085 9.43398 52.00961 88.05112 40.49691 13.00000 93.52005 85.02353 33.24154 60.08328 57.21888 3.60555 41.43670 71.00704 34.65545 55.97321 41.03657 28.65310 66.21178 86.14523 6.40312 14.86607 46.84015 59.46427 86.09297 57.03508 79.64923 67.97794 82.96987 32.31099 22.56103 101.23734 62.64982 91.98369 34.66987 34.00000 68.68042 43.04649 68.00735 11.66190 29.41088 36.71512 6.08276 71.30919 91.39475 32.14032 40.52160 27.65863 48.09366 80.23092 49.09175 90.80198 41.40048 21.02380 76.84400 20.88061 43.01163 53.00943 81.00617 54.08327 75.23962 56.00000 65.45991 75.64390 46.69047 93.68031 20.24846 81.93290 33.73426 28.07134 82.76473 34.98571 90.13878 61.40033 46.61545 78.79086 66.73080 66.37017 102.04411 88.56636 
83.54639 16.12452 52.92447 21.09502 14.31782 74.21590 26.30589 1.00000 27.51363 26.62705 22.09072 0.00000 62.93648 21.37756 87.14356 49.33559 25.49510 78.40918 85.02353 41.76123 58.52350 18.24829 28.79236 14.31782 58.69412 91.98369 26.83282 30.41381 88.64536 90.24965 43.60046 59.07622 64.88451 24.51530 19.41649 76.53757 27.07397 46.48656 32.55764 16.27882 62.28965 87.36704 26.92582 23.34524 47.85394 58.03447 89.82205 63.69458 73.75636 63.50591 82.00000 33.52611 29.41088 96.69023 65.30697 92.04890 31.14482 42.19005 68.06614 39.00000 59.77458 20.00000 26.47640 34.23449 16.03122 71.11259 89.20202 42.20190 42.44997 20.02498 55.90170 81.39410 56.79789 91.08787 29.15476 11.40175 75.02666 27.20294 37.12142 45.89118 86.12781 47.67599 71.44928 62.03225 64.00781 71.56815 37.36308 92.08692 25.80698 79.22752 45.45327 38.41875 76.90254 21.54066 95.88013 53.16014 40.31129 74.67262 65.00000 69.63476 97.08244 83.54639 
22.20360 67.74216 11.04536 73.78347 50.99020 12.04159 71.84010 62.64184 68.01470 38.20995 71.02816 62.93648 0.00000 45.27693 30.41381 36.40055 37.85499 21.09502 30.23243 21.18962 4.47214 67.95587 43.93177 71.11962 42.42641 48.41487 36.67424 65.05382 27.07397 50.77401 51.47815 22.02272 46.01087 69.81404 64.00000 43.96590 37.12142 16.49242 30.87070 46.81880 13.15295 38.18377 69.52697 56.85068 30.87070 21.09502 46.40043 43.01163 12.36932 11.40175 29.06888 40.31129 50.91169 35.01428 32.24903 38.83298 36.40055 47.50789 23.40940 28.31960 3.16228 59.40539 41.61730 34.71311 68.60029 25.49510 31.78050 51.10773 35.51056 44.72136 45.12206 34.20526 44.91102 38.60052 33.95585 53.71220 22.67157 51.66237 28.01785 18.02776 47.88528 17.02939 15.55635 41.04875 20.39608 14.86607 25.63201 35.34119 51.73973 23.02173 54.12024 52.43091 15.13275 41.48494 56.03570 9.84886 24.41311 16.64332 19.64688 34.92850 35.01428 22.20360 
64.19502 22.47221 36.87818 28.60070 7.07107 55.54278 27.80288 21.58703 25.05993 19.02630 26.17250 21.37756 45.27693 0.00000 66.61081 28.23119 15.13275 58.24946 64.28063 24.83948 40.81666 22.80351 8.48528 26.00000 38.07887 70.61161 16.27882 24.04163 69.26038 68.96376 26.07681 38.01316 44.41846 25.61250 33.97058 55.36244 8.48528 29.83287 14.86607 8.60233 42.20190 66.12110 26.07681 13.92839 26.47640 37.05401 68.44706 42.94182 54.78138 43.68066 61.13101 12.52996 13.34166 77.20104 43.93177 71.00704 10.04988 23.43075 47.01064 18.43909 42.19005 15.00000 5.09902 13.00000 23.32381 50.00000 68.73136 24.69818 21.18962 3.16228 35.80503 60.13319 36.61967 70.00000 16.15549 10.04988 54.33231 12.04159 17.46425 27.29469 64.84597 28.63564 51.41984 41.14608 43.10452 51.66237 20.51828 71.44928 11.00000 58.85576 28.65310 21.93171 57.93962 12.04159 74.63243 35.51056 21.02380 54.81788 44.18144 48.27007 77.79460 64.19502 
12.08305 87.55570 40.85340 92.72001 73.43705 19.84943 88.60023 87.09191 83.93450 65.76473 89.18520 87.14356 30.41381 66.61081 0.00000 44.72136 64.28063 9.48683 3.60555 47.51842 33.24154 87.09191 61.84658 91.98369 43.27817 24.18677 63.38770 79.70571 12.00000 29.00000 60.53924 29.12044 42.52058 86.97701 92.07063 31.30495 60.07495 44.14748 55.00909 71.02816 25.01999 13.00000 85.79627 74.33034 42.37924 29.83287 23.02173 40.31129 18.60108 24.18677 7.07107 57.00877 66.73080 15.26434 29.20616 9.43398 56.56854 57.70615 20.61553 48.25971 32.69557 77.88453 61.81424 53.75872 88.52683 18.35756 2.23607 60.90156 48.70318 67.26812 47.63402 14.31782 46.86150 9.84886 60.29925 76.41989 12.36932 68.30813 50.03998 42.19005 28.28427 40.11234 16.27882 39.62323 23.76973 16.49242 51.24451 5.09902 68.96376 8.06226 62.12890 63.95311 16.97056 67.06713 32.38827 37.36308 47.00000 13.92839 22.56103 27.58623 17.00000 12.08305 
46.75468 45.01111 35.05710 49.36598 35.11410 41.40048 44.38468 49.64877 39.56008 39.05125 45.54119 49.33559 36.40055 28.23119 44.72136 0.00000 35.38361 38.60052 41.62932 27.89265 33.24154 44.10215 20.61553 50.01000 10.63015 43.18565 35.46830 35.11410 51.22499 41.00000 16.27882 16.97056 16.97056 42.95346 61.29437 27.20294 26.24881 30.14963 25.80698 35.84690 25.80698 40.60788 41.48494 31.06445 6.00000 17.02939 41.10961 15.00000 39.82462 28.01785 38.07887 15.81139 23.08679 58.24946 17.11724 46.57252 20.00000 13.03840 24.18677 17.00000 34.48188 35.01428 23.25941 17.02939 46.01087 26.40076 46.95743 16.40122 7.21110 30.41381 10.44031 34.71311 10.77033 45.35416 32.80244 37.94733 32.75668 25.01999 20.59126 24.08319 36.87818 23.00000 33.24154 13.03840 22.02272 33.94113 27.31300 48.84670 26.00000 38.27532 18.43909 19.23538 42.52058 35.46830 46.57252 30.26549 21.18962 36.79674 23.43075 21.00000 59.40539 46.75468 
59.21149 34.20526 27.51363 40.60788 16.64332 49.49747 41.59327 25.07987 39.56008 4.12311 39.11521 25.49510 37.85499 15.13275 64.28063 35.38361 0.00000 55.08176 62.64982 17.02939 33.54102 35.22783 21.37756 36.06938 46.01087 73.40981 1.41421 39.05125 64.28063 72.94518 38.89730 38.62642 52.34501 39.35734 28.16026 60.46487 9.84886 21.37756 10.29563 10.63015 39.31921 66.76077 40.31129 28.86174 31.24100 37.33631 71.17584 50.20956 49.25444 40.11234 60.01666 22.84732 28.01785 72.33948 47.50789 70.40597 16.12452 35.46830 47.12749 19.41649 34.71311 29.15476 16.27882 18.60108 34.82815 50.28916 66.18912 37.64306 28.42534 12.36932 45.00000 61.03278 45.60702 69.63476 4.00000 18.43909 52.77310 27.01851 16.12452 22.09072 68.96376 24.18677 48.09366 48.10405 42.72002 48.04165 13.03840 69.35416 26.07681 56.22277 41.76123 35.69314 52.34501 4.24264 78.77182 28.28427 18.02776 51.00980 43.41659 51.97115 72.56032 59.21149 
8.94427 79.69944 31.38471 85.09407 64.93843 11.66190 81.43709 78.31347 76.92204 56.43580 81.70679 78.40918 21.09502 58.24946 9.48683 38.60052 55.08176 0.00000 9.21954 38.20995 23.76973 79.37884 54.08327 83.93450 39.20459 29.54657 54.14795 72.94518 12.72792 33.24154 54.81788 21.95450 39.82462 79.70571 82.73452 31.40064 51.35173 34.71311 46.04346 62.20129 16.12452 18.35756 78.72103 66.85058 35.35534 22.36068 27.85678 37.21559 10.00000 15.00000 8.94427 49.39636 59.50630 19.72308 25.23886 17.80449 48.27007 51.61395 14.86607 39.81206 23.25941 70.22820 53.60037 45.60702 80.65358 13.89244 11.18034 55.00000 41.59327 58.69412 43.27817 16.27882 42.63801 17.69181 51.08816 67.89698 6.70820 60.92618 41.30375 33.01515 31.40064 31.00000 7.00000 36.05551 16.64332 7.07107 42.04759 14.56022 61.46544 2.23607 56.72742 57.68882 9.48683 58.00000 37.69615 27.89265 38.11824 4.47214 15.26434 25.07987 20.80865 8.94427 
14.31782 84.92938 40.24922 89.98889 71.17584 20.61553 85.70298 85.00588 80.99383 64.32729 86.40023 85.02353 30.23243 64.28063 3.60555 41.62932 62.64982 9.21954 0.00000 46.09772 32.64966 84.40379 59.22837 89.44272 39.82462 21.58703 61.81424 76.69420 15.13275 26.07681 57.30620 26.47640 38.94868 84.11896 90.60905 27.73085 58.00000 43.01163 53.15073 69.00725 23.34524 10.19804 82.87340 71.56815 39.56008 27.29469 20.22375 36.76955 19.10497 22.80351 3.60555 54.34151 63.89053 18.86796 25.80698 8.60233 54.23099 54.56189 17.72005 46.04346 32.24903 75.18643 59.41380 51.35173 85.90693 15.23155 5.65685 57.70615 45.88028 65.06919 44.20407 10.77033 43.41659 8.48528 58.69412 74.16873 10.00000 65.52099 48.01042 40.60788 25.07987 38.47077 15.23155 36.12478 21.21320 15.65248 49.64877 7.28011 66.21933 7.21110 58.83026 60.83584 18.02776 65.27634 29.83287 36.40055 45.09989 13.60147 20.09975 24.04163 20.59126 14.31782 
42.19005 47.20169 12.04159 53.41348 30.01666 32.55764 52.34501 41.48494 49.04080 18.24829 50.99020 41.76123 21.18962 24.83948 47.51842 27.89265 17.02939 38.20995 46.09772 0.00000 16.76305 47.63402 25.55386 50.24938 37.69615 58.83026 16.00000 46.87217 47.26521 59.20304 38.32754 24.20744 43.38202 50.20956 44.55334 48.10405 16.40122 5.00000 10.00000 25.63201 22.80351 51.07837 50.32892 37.64306 22.13594 22.80351 56.60389 40.70626 32.24903 23.34524 43.68066 23.40940 33.12099 55.32630 34.65545 54.12024 17.49286 34.23449 31.76476 12.04159 18.02776 39.59798 22.02272 17.08801 48.01042 34.88553 49.36598 37.48333 23.02173 23.85372 38.32754 45.61798 38.60052 53.45091 13.03840 32.64966 36.40055 33.28663 9.48683 5.83095 55.44367 8.06226 31.25700 38.47077 27.29469 31.14482 4.47214 52.61179 33.01515 39.45884 41.30375 37.36308 35.35534 20.39608 65.00000 11.40175 7.00000 34.05877 27.73085 38.89730 55.57877 42.19005 
26.01922 63.28507 7.61577 69.33974 46.51881 16.03122 67.47592 58.24088 63.70243 34.05877 66.61081 58.52350 4.47214 40.81666 33.24154 33.24154 33.54102 23.76973 32.64966 16.76305 0.00000 63.51378 39.62323 66.64833 40.04997 49.51767 32.38827 60.82763 31.00000 51.40039 47.85394 20.22375 44.10215 65.43699 60.03332 43.46263 32.64966 12.16553 26.40076 42.37924 12.52996 39.82462 65.19202 52.49762 27.51363 19.10497 47.42362 41.10961 16.03122 11.40175 31.06445 36.12478 46.69047 39.01282 31.04835 41.18252 32.01562 43.82921 23.32381 24.04163 1.41421 55.00000 37.20215 30.41381 64.14047 25.80698 34.78505 47.41308 31.76476 40.24922 42.42641 35.35534 42.29657 40.81666 29.61419 49.24429 24.20744 47.38143 23.60085 13.60147 48.25971 12.72792 17.49286 39.05125 19.69772 17.00000 21.18962 38.27532 47.42362 25.49510 50.56679 48.54894 19.00000 37.10795 56.85068 5.38516 20.00000 19.31321 19.23538 34.17601 39.11521 26.01922 
86.00581 2.23607 59.66574 5.83095 18.60108 77.82673 8.06226 19.23538 10.00000 38.07887 4.12311 18.24829 67.95587 22.80351 87.09191 44.10215 35.22783 79.37884 84.40379 47.63402 63.51378 0.00000 25.29822 7.21110 51.24451 87.00575 36.61967 14.21267 91.00000 84.21401 32.98485 57.97413 56.71860 6.32456 37.65634 70.17834 31.24100 52.63079 37.64306 24.69818 63.69458 84.59314 8.94427 13.03840 44.91102 57.28001 85.00000 56.32051 76.92204 65.39113 81.02469 30.08322 21.02380 98.79271 61.20457 90.25519 31.76476 33.24154 66.70832 40.24922 64.89992 9.21954 26.41969 34.01470 2.82843 69.42622 89.28606 31.78050 38.63936 24.04163 47.51842 78.63841 48.50773 89.10668 37.64306 17.00000 74.72617 19.10497 39.96248 49.92995 80.15610 51.10773 72.80110 55.14526 63.32456 73.16420 43.27817 91.67879 18.24829 79.69944 33.83785 27.65863 80.05623 31.06445 89.45390 58.24946 43.56604 76.32169 64.56005 65.06919 99.53894 86.00581 
60.83584 25.70992 37.20215 31.01612 14.76482 53.00000 28.01785 29.15476 24.08319 25.49510 27.73085 28.79236 43.93177 8.48528 61.84658 20.61553 21.37756 54.08327 59.22837 25.55386 39.62323 25.29822 0.00000 30.26549 29.96665 63.63961 22.20360 21.40093 65.79514 61.61169 17.88854 32.75668 36.23534 26.07681 42.44997 47.80167 12.00000 30.23243 16.76305 17.02939 38.48376 60.03332 25.61250 13.03840 20.02498 32.01562 61.52235 34.92850 51.97115 40.24922 55.90170 5.00000 7.61577 73.53911 37.12142 65.37584 8.06226 15.00000 41.59327 15.62050 41.03657 16.15549 5.09902 9.21954 26.68333 44.40721 64.03124 16.55295 14.03567 11.40175 27.45906 54.03702 28.30194 64.28063 21.00000 17.46425 49.47727 7.81025 16.40122 26.17250 57.48913 26.90725 47.53946 33.24154 38.07887 47.92703 21.93171 66.49060 7.81025 54.40588 20.61553 14.31782 55.07268 19.31321 67.18631 34.65545 19.84943 51.07837 39.29377 41.30375 74.32362 60.83584 
90.13878 5.38516 62.12890 7.07107 20.24846 81.54140 13.89244 15.29706 16.97056 38.28838 9.43398 14.31782 71.11962 26.00000 91.98369 50.01000 36.06938 83.93450 89.44272 50.24938 66.64833 7.21110 30.26549 0.00000 57.70615 93.13431 37.48333 21.40093 95.18929 90.55385 39.84972 62.96825 63.34824 12.80625 33.01515 76.53104 34.00000 55.22681 40.31129 25.49510 68.00735 90.19978 15.62050 19.23538 50.24938 62.16912 91.08787 62.80127 80.77747 69.57011 86.14523 35.22783 27.16616 103.09219 67.00746 95.63472 35.73514 39.81206 71.84706 44.27189 68.00000 15.13275 30.36445 38.32754 4.47214 74.67262 94.14882 38.60052 44.10215 26.41969 54.12947 84.21401 55.10898 94.53042 39.05125 17.80449 79.62412 25.07987 43.46263 53.22593 86.46965 54.62600 77.20104 61.52235 68.24954 77.49194 45.79301 96.69023 24.02082 84.40379 40.85340 34.48188 83.93450 31.82766 95.88535 61.29437 47.01064 80.65358 69.42622 71.00704 103.73042 90.13878 
48.01042 52.46904 43.28972 56.03570 44.72136 44.77723 50.08992 59.09315 45.09989 49.67897 52.00961 58.69412 42.42641 38.07887 43.27817 10.63015 46.01087 39.20459 39.82462 37.69615 40.04997 51.24451 29.96665 57.70615 0.00000 36.22154 46.09772 40.19950 51.85557 33.01515 19.23538 20.61553 6.40312 49.01020 71.61006 19.00000 36.79674 39.29377 36.40055 46.04346 30.08322 36.24914 47.09565 38.47077 15.65248 21.37756 34.36568 5.09902 42.95346 32.28002 36.23534 25.55386 30.59412 57.98276 14.14214 42.94182 30.47950 18.02776 24.41311 27.45906 41.10961 42.57934 33.28663 27.58623 53.46027 25.49510 45.45327 20.09975 17.69181 40.49691 4.47214 30.88689 3.60555 41.59327 43.41659 47.42362 32.64966 32.75668 31.06445 33.24154 29.00000 31.78050 35.35534 4.12311 24.16609 36.23534 37.58989 46.61545 33.95585 38.28838 19.92486 24.02082 45.17743 46.01087 38.20995 38.11824 31.30495 38.58756 25.49510 16.12452 59.41380 48.01042 
35.90265 88.05112 56.58622 92.02174 77.66595 41.14608 86.28441 92.19544 81.30191 76.02631 88.05112 91.98369 48.41487 70.61161 24.18677 43.18565 73.40981 29.54657 21.58703 58.83026 49.51767 87.00575 63.63961 93.13431 36.22154 0.00000 72.91776 76.41989 36.12478 5.83095 55.44367 34.88553 32.01562 85.14693 101.39033 17.46425 66.40783 57.20140 63.15853 77.20104 37.53665 11.40175 83.29466 74.02702 44.14748 36.23534 2.23607 31.40064 39.35734 38.18377 20.61553 58.69412 66.03030 37.33631 26.68333 16.12452 61.13101 54.08327 27.20294 54.42426 49.57822 78.05767 65.51336 57.97413 89.05055 24.20744 25.01999 56.32051 49.64877 72.27724 40.44750 14.21267 39.45884 15.03330 69.77822 80.60397 25.80698 68.06614 57.38467 53.00000 8.06226 50.77401 33.01515 32.14032 31.62278 33.83785 61.29437 23.08679 69.11584 27.31300 55.90170 60.20797 39.00000 75.02666 8.24621 51.73973 55.46170 33.12099 31.40064 22.36068 39.31921 35.90265 
58.13777 35.60899 26.24881 42.01190 18.02776 48.37355 42.94182 26.40076 40.85340 3.60555 40.49691 26.83282 36.67424 16.27882 63.38770 35.46830 1.41421 54.14795 61.81424 16.00000 32.38827 36.61967 22.20360 37.48333 46.09772 72.91776 0.00000 40.26164 63.19810 72.56032 39.56008 38.07887 52.40229 40.70626 28.86174 60.21628 10.44031 20.22375 10.00000 12.04159 38.47077 66.09841 41.62932 30.08322 31.14482 36.76955 70.68239 50.20956 48.16638 39.20459 59.22837 23.40940 29.00000 71.25307 47.16991 69.63476 16.55295 36.05551 46.48656 19.20937 33.54102 30.46309 17.11724 18.86796 36.23534 49.64877 65.27634 38.32754 28.60070 13.60147 45.22168 60.40695 45.80393 68.88396 3.16228 19.84943 51.97115 28.07134 15.81139 21.21320 68.60029 23.34524 47.16991 48.08326 42.05948 47.09565 12.16553 68.46897 27.16616 55.32630 42.44997 36.49658 51.24451 5.65685 78.39005 27.16616 17.46425 50.03998 42.72002 51.62364 71.44928 58.13777 
80.45496 16.27882 58.60034 17.08801 24.00000 73.40981 10.04988 31.30495 5.09902 42.75512 13.00000 30.41381 65.05382 24.04163 79.70571 35.11410 39.05125 72.94518 76.69420 46.87217 60.82763 14.21267 21.40093 21.40093 40.19950 76.41989 40.26164 0.00000 85.23497 73.06162 21.02380 51.00000 45.00000 9.48683 49.39636 59.13544 31.78050 51.61395 37.58989 30.06659 58.24946 75.43209 7.07107 10.19804 37.58989 50.60632 74.54529 45.09989 72.20111 60.21628 73.16420 24.75884 14.14214 92.66067 51.92302 81.60882 29.41088 22.56103 59.09315 36.79674 62.24147 11.18034 25.05993 30.47950 17.02939 61.46544 81.93900 20.09975 31.38471 26.68333 36.05551 69.64194 37.05401 80.36168 40.16217 24.18677 67.54258 13.60147 37.80212 47.50789 69.11584 48.10405 66.88797 44.28318 56.35601 67.41662 43.04649 83.93450 13.89244 72.89719 21.09502 16.27882 75.21303 35.51056 78.00000 55.97321 41.23106 70.49113 57.70615 55.31727 93.64828 80.45496 
5.09902 91.18114 38.11824 96.77293 75.69016 15.03330 93.47727 88.45903 89.06739 65.03076 93.52005 88.64536 27.07397 69.26038 12.00000 51.22499 64.28063 12.72792 15.13275 47.26521 31.00000 91.00000 65.79514 95.18929 51.85557 36.12478 63.19810 85.23497 0.00000 41.00000 67.47592 34.40930 52.15362 91.67879 91.02198 42.37924 61.84658 43.04649 56.08921 72.36712 27.31300 25.00000 90.82401 78.72103 47.70744 34.66987 35.01428 49.64877 15.03330 25.63201 17.72005 61.26989 71.58911 8.06226 37.80212 20.61553 59.46427 64.20280 27.58623 50.92151 30.01666 81.93900 64.84597 57.00877 92.11406 26.40076 11.18034 67.62396 53.85165 69.37579 55.97321 25.70992 55.31727 21.37756 60.29925 78.58753 19.20937 72.89719 51.92302 42.75512 40.19950 41.00000 18.35756 48.60041 29.20616 17.88854 51.47815 13.92839 73.34848 13.60147 69.42622 70.21396 12.00000 67.60178 44.28318 36.05551 48.50773 14.76482 27.80288 37.21559 8.54400 5.09902 
40.31129 85.37564 58.13777 89.05055 75.96052 44.59821 83.02409 90.52072 78.02564 75.80237 85.02353 90.24965 50.77401 68.96376 29.00000 41.00000 72.94518 33.24154 26.07681 59.20304 51.40039 84.21401 61.61169 90.55385 33.01515 5.83095 72.56032 73.06162 41.00000 0.00000 52.03845 35.00000 28.16026 82.00000 100.64790 14.03567 65.39113 58.05170 62.64982 75.96052 39.05125 16.00000 80.02500 71.34424 42.72002 36.40055 6.08276 28.00000 42.72002 40.00000 24.51530 56.75385 63.38770 42.75512 25.49510 21.58703 59.80803 51.03920 28.31960 53.66563 51.61395 75.42546 63.89053 56.64804 86.37129 25.61250 30.06659 53.00943 47.80167 70.83784 37.01351 17.08801 36.01389 20.39608 69.46222 78.84795 28.63564 65.49046 56.82429 53.41348 4.12311 51.22499 35.77709 29.06888 32.52691 36.67424 61.29437 28.44293 66.61081 31.04835 52.23983 57.00000 42.72002 74.24958 5.83095 53.07542 55.22681 36.40055 32.55764 21.02380 44.72136 40.31129 
63.03174 34.48188 48.08326 37.33631 31.14482 57.48913 31.00000 44.20407 26.00000 43.01163 33.24154 43.60046 51.47815 26.07681 60.53924 16.27882 38.89730 54.81788 57.30620 38.32754 47.85394 32.98485 17.88854 39.84972 19.23538 55.44367 39.56008 21.02380 67.47592 52.03845 0.00000 33.24154 24.02082 30.06659 59.54830 38.11824 29.12044 41.97618 32.14032 34.66987 41.86884 55.02727 28.00000 21.02380 20.80865 33.24154 53.60037 24.08319 55.97321 44.04543 53.71220 16.27882 14.21267 74.40430 31.78050 61.46544 23.34524 4.12311 40.22437 26.30589 49.19350 25.07987 22.84732 22.02272 35.44009 42.19005 62.76942 1.41421 16.15549 29.15476 15.03330 49.39636 16.03122 60.16644 37.85499 33.24154 48.82622 16.40122 29.06888 36.40055 48.09366 36.05551 49.51767 23.34524 38.28838 50.20956 36.01389 64.41273 17.80449 54.40588 3.00000 5.38516 58.72819 37.16181 57.00877 44.01136 31.40064 53.07542 39.69887 34.78505 75.60423 63.03174 
29.83287 58.46366 25.07987 63.60031 45.00000 24.69818 59.61543 59.13544 55.03635 41.14608 60.08328 59.07622 22.02272 38.01316 29.12044 16.97056 38.62642 21.95450 26.47640 24.20744 20.22375 57.97413 32.75668 62.96825 20.61553 34.88553 38.07887 51.00000 34.40930 35.00000 33.24154 0.00000 24.00000 57.93962 66.73080 24.41311 32.38827 23.43075 28.46050 43.41659 9.48683 28.44293 56.85948 45.22168 13.41641 1.41421 32.64966 21.00000 23.02173 11.70470 23.19483 27.89265 37.69615 41.67733 11.18034 33.00000 28.00000 29.83287 9.00000 20.22375 21.09502 48.76474 33.06055 25.01999 59.43904 12.04159 31.32092 33.30165 19.69772 39.05125 23.76973 22.56103 23.40940 32.01562 34.92850 48.00000 16.76305 39.21734 22.80351 18.43909 31.24100 16.27882 16.27882 19.02630 5.38516 16.97056 26.41969 33.73426 39.84972 21.93171 35.38361 35.80503 25.61250 40.52160 40.80441 19.69772 20.61553 19.84943 6.70820 15.00000 42.72002 29.83287 
48.76474 58.05170 48.05206 61.29437 51.00000 46.84015 55.00909 65.30697 50.01000 55.97321 57.21888 64.88451 46.01087 44.41846 42.52058 16.97056 52.34501 39.82462 38.94868 43.38202 44.10215 56.71860 36.23534 63.34824 6.40312 32.01562 52.40229 45.00000 52.15362 28.16026 24.02082 24.00000 0.00000 54.08327 78.00641 14.56022 43.18565 44.59821 42.63801 52.43091 33.13608 33.83785 52.00961 44.14748 21.63331 25.01999 30.36445 3.00000 44.92215 35.22783 35.46830 31.90611 36.40055 57.62812 14.86607 40.80441 36.87818 23.53720 25.63201 33.60060 45.04442 48.27007 39.66106 33.97058 59.03389 25.94224 44.59821 25.07987 24.08319 46.87217 9.21954 29.06888 8.24621 39.40812 49.67897 53.66563 33.12099 38.60052 37.20215 38.62642 24.33105 37.00000 37.00000 5.09902 26.47640 37.94733 43.56604 45.27693 39.84972 38.58756 24.08319 29.15476 46.81880 52.40229 33.00000 42.75512 37.21559 39.92493 27.65863 15.00000 59.20304 48.76474 
86.76981 8.54400 62.22540 7.61577 22.84732 79.07591 2.23607 25.49510 4.47214 42.54409 3.60555 24.51530 69.81404 25.61250 86.97701 42.95346 39.35734 79.70571 84.11896 50.20956 65.43699 6.32456 26.07681 12.80625 49.01020 85.14693 40.70626 9.48683 91.67879 82.00000 30.06659 57.93962 54.08327 0.00000 43.93177 68.00735 34.05877 55.15433 40.36087 29.15476 64.41273 83.54639 2.82843 13.03840 44.59821 57.38467 83.21658 54.00000 78.03204 66.24198 80.65358 30.41381 20.24846 99.31767 60.01666 89.49860 33.42155 31.06445 66.40783 41.61730 66.84310 10.63015 28.31960 35.22783 8.94427 68.96376 89.19641 29.01724 38.27532 27.45906 45.01111 77.66595 46.01087 88.29496 41.34005 21.84033 74.67262 18.78829 41.86884 51.85557 78.00641 52.80152 73.34848 53.03772 63.32456 73.79024 46.01087 91.39475 18.35756 79.84986 30.41381 25.00000 81.12336 35.34119 87.05171 60.30755 45.45327 76.92204 64.62198 63.63961 100.17984 86.76981 
86.05231 35.51056 53.00943 40.04997 28.42534 76.00658 45.70558 18.43909 46.84015 26.30589 41.43670 19.41649 64.00000 33.97058 92.07063 61.29437 28.16026 82.73452 90.60905 44.55334 60.03332 37.65634 42.44997 33.01515 71.61006 101.39033 28.86174 49.39636 91.02198 100.64790 59.54830 66.73080 78.00641 43.93177 0.00000 87.70975 35.35534 48.16638 38.27532 25.61250 67.26812 94.92102 46.32494 41.18252 58.18075 65.45991 99.16148 76.27582 76.05919 67.89698 88.07383 46.22770 45.60702 99.00505 75.15318 98.48858 41.34005 57.28001 75.28612 47.01064 61.00820 38.48376 38.41875 44.41846 35.35534 78.44743 93.90421 58.13777 54.08327 31.24100 69.65630 89.18520 70.43437 97.74457 32.01562 26.62705 80.80842 43.60046 44.01136 50.01000 96.60745 52.17279 75.80237 74.33034 70.88018 75.66373 41.00000 97.16481 42.20190 84.01190 61.84658 54.81788 79.02531 26.40076 106.45187 55.14526 46.17359 78.51751 71.56815 79.62412 99.00505 86.05231 
40.02499 71.34424 49.24429 75.02666 62.29767 41.01219 69.06519 76.84400 64.07027 63.60031 71.00704 76.53757 43.96590 55.36244 31.30495 27.20294 60.46487 31.40064 27.73085 48.10405 43.46263 70.17834 47.80167 76.53104 19.00000 17.46425 60.21628 59.13544 42.37924 14.03567 38.11824 24.41311 14.56022 68.00735 87.70975 0.00000 52.35456 47.80167 50.21952 62.64982 31.01612 20.51828 66.06815 57.31492 29.52965 25.80698 15.81139 14.03567 39.01282 32.57299 24.69818 43.01163 49.36598 46.52956 13.45362 27.58623 46.51881 37.01351 20.61553 41.04875 44.01136 61.40033 50.32892 43.38202 72.33948 19.10497 33.12099 39.05125 34.17601 57.38467 23.08679 17.00000 22.09072 26.17250 57.20140 65.14599 25.07987 51.47815 44.40721 42.52058 10.00000 40.45986 31.06445 15.03330 23.76973 32.06244 49.57822 33.01515 52.61179 29.61419 38.47077 43.01163 40.04997 61.40033 19.41649 43.90900 43.27817 33.01515 24.35159 9.43398 48.30114 40.02499 
56.75385 30.80584 28.42534 37.01351 13.92839 47.75982 36.23534 27.01851 33.28663 13.92839 34.65545 27.07397 37.12142 8.48528 60.07495 26.24881 9.84886 51.35173 58.00000 16.40122 32.64966 31.24100 12.00000 34.00000 36.79674 66.40783 10.44031 31.78050 61.84658 65.39113 29.12044 32.38827 43.18565 34.05877 35.35534 52.35456 0.00000 21.40093 6.40312 11.04536 35.22783 60.82763 34.40930 21.95450 22.82542 31.25700 64.19502 41.23106 47.12749 36.49658 55.03635 13.00000 19.23538 69.85700 39.92493 65.19202 6.40312 25.63201 41.30375 12.16553 34.00000 23.43075 7.07107 9.21954 31.62278 44.40721 62.12890 27.89265 19.10497 7.61577 35.46830 54.91812 36.12478 64.28063 9.00000 16.76305 48.00000 18.68154 10.04988 19.31321 61.32699 20.88061 44.40721 39.20459 37.12142 44.55334 12.04159 65.03076 18.02776 52.15362 32.01562 26.17250 50.28916 9.21954 71.17584 27.29469 13.34166 47.67599 38.05260 44.38468 70.34202 56.75385 
38.01316 52.20153 7.07107 58.41233 34.98571 28.16026 57.28001 46.17359 53.90733 22.00000 55.97321 46.48656 16.49242 29.83287 44.14748 30.14963 21.37756 34.71311 43.01163 5.00000 12.16553 52.63079 30.23243 55.22681 39.29377 57.20140 20.22375 51.61395 43.04649 58.05170 41.97618 23.43075 44.59821 55.15433 48.16638 47.80167 21.40093 0.00000 15.00000 30.46309 20.12461 48.76474 55.22681 42.52058 24.18677 22.02272 55.00000 41.78516 28.01785 20.24846 40.85340 27.73085 37.73592 51.08816 34.40930 51.26402 22.20360 37.85499 30.00000 15.81139 13.34166 44.55334 26.90725 21.47091 53.00943 33.01515 45.89118 41.23106 26.17250 28.84441 40.44750 43.56604 40.60788 50.69517 17.46425 37.58989 33.61547 38.01316 13.89244 6.08276 54.45181 7.61577 27.89265 39.56008 25.61250 27.65863 9.43398 49.24429 37.80212 36.13862 44.91102 41.43670 31.06445 25.00000 63.78087 7.00000 10.77033 30.41381 25.80698 38.41875 51.24451 38.01316 
50.99020 37.20215 22.02272 43.41659 20.12461 41.76123 42.52058 32.38827 39.40812 13.45362 41.03657 32.55764 30.87070 14.86607 55.00909 25.80698 10.29563 46.04346 53.15073 10.00000 26.40076 37.64306 16.76305 40.31129 36.40055 63.15853 10.00000 37.58989 56.08921 62.64982 32.14032 28.46050 42.63801 40.36087 38.27532 50.21952 6.40312 15.00000 0.00000 16.27882 30.00000 56.75385 40.60788 28.01785 21.21320 27.20294 60.92618 40.36087 41.23106 31.06445 50.35871 16.00000 24.35159 64.13267 37.21559 60.67125 9.05539 28.28427 37.10795 9.21954 27.73085 29.73214 12.52996 10.19804 38.01316 40.26164 57.00000 31.06445 19.23538 13.89244 35.84690 50.96077 36.35932 59.84146 7.07107 22.84732 43.18565 24.16609 5.83095 13.34166 58.66856 15.13275 39.05125 38.20995 32.75668 39.11521 5.65685 60.03332 23.70654 47.00000 35.12834 30.06659 44.38468 12.16553 68.47627 21.02380 8.06226 42.19005 33.54102 41.67733 64.53681 50.99020 
67.26812 23.60085 37.12142 30.00000 6.32456 57.97413 31.38471 16.12452 29.83287 13.41641 28.65310 16.27882 46.81880 8.60233 71.02816 35.84690 10.63015 62.20129 69.00725 25.63201 42.37924 24.69818 17.02939 25.49510 46.04346 77.20104 12.04159 30.06659 72.36712 75.96052 34.66987 43.41659 52.43091 29.15476 25.61250 62.64982 11.04536 30.46309 16.27882 0.00000 46.09772 71.84706 30.36445 20.00000 33.24154 42.29657 75.00000 50.77401 57.48913 47.26521 66.06815 20.61553 21.54066 80.41144 50.59644 76.23647 16.15549 32.01562 52.34501 23.19483 43.65776 19.41649 12.80625 19.31321 24.20744 55.44367 73.06162 33.28663 28.65310 5.65685 44.04543 65.92420 44.82187 75.32596 13.60147 7.81025 59.00847 19.92486 21.00000 29.61419 71.86793 31.40064 55.22681 48.87740 48.16638 55.32630 21.18962 76.00658 18.68154 63.07139 37.21559 30.41381 60.63827 6.40312 81.70679 37.00000 24.08319 58.42089 49.09175 55.02727 80.80842 67.26812 
22.36068 63.90618 19.10497 69.46222 48.83646 15.62050 66.24198 62.20129 61.91123 41.00000 66.21178 62.28965 13.15295 42.20190 25.01999 25.80698 39.31921 16.12452 23.34524 22.80351 12.52996 63.69458 38.48376 68.00735 30.08322 37.53665 38.47077 58.24946 27.31300 39.05125 41.86884 9.48683 33.13608 64.41273 67.26812 31.01612 35.22783 20.12461 30.00000 46.09772 0.00000 28.65310 63.63175 51.42956 21.21320 8.94427 35.38361 30.14963 14.14214 2.23607 20.88061 34.00000 44.41846 35.11410 19.10497 31.32092 32.28002 38.20995 10.81665 23.76973 13.00000 54.62600 37.64306 29.73214 64.84597 13.45362 27.00000 41.77320 27.01851 42.57934 33.24154 23.60085 32.89377 30.67572 35.35534 51.78803 13.60147 45.65085 25.17936 17.26268 35.80503 15.13275 9.21954 28.28427 7.28011 9.48683 26.30589 30.06659 46.06517 17.00000 44.20407 43.86342 17.02939 42.04759 44.59821 14.21267 22.02272 12.64911 6.70820 21.84033 35.84690 22.36068 
