nbNodes
52
nbVehi
10
nbServi
6
r
1 1 1 1 1 1
0 0 0 0 0 1
0 0 0 0 1 0
0 0 1 0 0 0
0 0 1 0 0 0
1 0 0 0 0 0
0 0 0 0 0 1
0 0 0 0 1 0
0 0 0 0 0 1
0 0 1 0 0 0
0 0 0 1 0 0
0 0 0 0 0 1
0 0 0 1 0 0
0 1 0 0 0 0
1 0 0 0 0 0
0 0 1 0 0 0
0 0 0 0 1 0
1 0 0 0 0 0
0 1 0 0 0 0
0 0 0 0 0 1
0 0 0 1 0 0
1 0 0 0 0 0
0 0 0 0 0 1
1 0 0 0 0 0
0 0 1 0 0 0
0 1 0 0 0 0
0 0 0 0 1 0
0 0 1 0 0 0
0 0 0 1 0 0
0 0 0 1 0 0
0 0 1 0 0 0
0 1 0 0 0 0
0 0 1 0 0 0
0 1 0 0 0 0
0 1 0 0 0 0
0 1 0 0 0 0
0 0 0 0 1 1
0 0 0 1 1 0
0 0 0 1 1 0
0 0 0 1 0 1
0 0 0 0 1 1
0 0 0 0 1 1
0 0 0 1 1 0
0 0 1 0 1 0
0 0 1 0 0 1
1 0 0 0 0 1
0 1 0 1 0 0
0 0 1 0 0 1
1 0 0 1 0 0
0 0 1 0 1 0
1 0 0 1 0 0
1 1 1 1 1 1
DS
51 50 49 48 47 46 45 44 43 42 41 40 39 38 37
a
1  1  0  0  0  0
0  0  1  0  0  0
0  1  0  0  0  0
0  0  0  1  1  1
0  0  0  1  0  1
0  0  0  1  1  1
0  0  0  0  1  0
0  0  0  1  1  1
0  0  0  1  0  0
0  0  0  1  0  1
x
87 74 6 54 22 31 47 28 78 17 8 8 61 80 15 89 57 7 46 69 84 70 41 52 53 25 12 3 59 47 99 7 98 33 44 49 58 55 69 13 65 84 56 88 91 43 0 0 27 54 0 87
y
25 3 40 18 44 49 23 20 14 29 16 5 13 28 48 4 38 11 43 40 3 24 24 20 38 18 23 41 1 42 26 40 5 47 8 35 16 5 5 44 24 49 23 15 6 46 39 42 14 9 0 25
d
0.0 25.553865 82.37718 33.734257 67.72001 60.926186 40.04997 59.211487 14.21267 70.11419 79.51101 81.49233 28.635643 7.615773 75.58439 21.095022 32.695564 81.21576 44.777225 23.43075 22.203604 17.029387 46.010868 35.35534 36.40055 62.39391 75.026665 85.51023 36.878178 43.462627 12.0415945 81.394104 22.825424 58.30952 46.238514 39.293766 30.364452 37.735924 26.907248 76.40026 22.022715 24.186773 31.06445 10.049875 19.416489 48.754486 88.11924 88.64536 61.0 36.67424 90.52071 0.0
25.553865 0.0 77.41447 25.0 66.21933 62.968246 33.600594 49.0408 11.7046995 62.649822 67.26812 66.0303 16.40122 25.70992 74.20242 15.033297 38.910152 67.47592 48.82622 37.336308 10.0 21.377558 39.115215 27.802877 40.81666 51.24451 65.14599 80.529495 15.132746 47.434166 33.970577 76.537575 24.083189 60.1415 30.413813 40.60788 20.615528 19.104973 5.3851647 73.4983 22.847319 47.07441 26.907248 18.439089 17.262676 53.009434 82.29216 83.64807 48.270073 20.880613 74.06078 25.553865
82.37718 77.41447 0.0 52.801514 16.492422 26.57066 44.38468 29.732138 76.55064 15.556349 24.083189 35.057095 61.269894 74.96666 12.0415945 90.47099 51.0392 29.017237 40.112343 63.0 86.33076 65.96969 38.483765 50.159744 47.042534 29.068884 18.027756 3.1622777 65.802734 41.04875 94.04786 1.0 98.43272 27.89265 49.67897 43.289722 57.271286 60.216278 72.06941 8.062258 61.13101 78.51752 52.810986 85.72631 91.5478 37.48333 6.0827627 6.3245554 33.42155 57.14018 40.4475 82.37718
33.734257 25.0 52.801514 0.0 41.231056 38.600517 8.602325 26.076809 24.33105 38.600517 46.043457 47.801674 8.602325 27.856777 49.20366 37.696156 20.22375 47.518417 26.24881 26.627054 33.54102 17.088007 14.3178215 2.828427 20.024984 29.0 42.296574 55.946404 17.720045 25.0 45.705578 51.894123 45.88028 35.805027 14.142136 17.720045 4.472136 13.038404 19.849434 48.548943 12.529964 43.13931 5.3851647 34.132095 38.8973 30.083218 57.939625 59.093147 27.294687 9.0 56.920998 33.734257
67.72001 66.21933 16.492422 41.231056 0.0 10.29563 32.649654 24.738634 63.529522 15.811388 31.304953 41.4367 49.819675 60.166435 8.062258 78.03204 35.510563 36.249138 24.020824 47.169907 74.330345 52.0 27.58623 38.418747 31.575306 26.172504 23.259407 19.235384 56.727417 25.079872 79.07591 15.524175 85.42248 11.401754 42.190044 28.460499 45.607018 51.088158 61.073727 9.0 47.423622 62.201286 39.962482 72.09022 78.77182 21.095022 22.561028 22.090721 30.413813 47.423622 49.193497 67.72001
60.926186 62.968246 26.57066 38.600517 10.29563 0.0 30.528675 29.15476 58.60034 24.41311 40.22437 49.648766 46.8615 53.310413 16.03122 73.409805 28.231188 44.94441 16.155495 39.051247 70.178345 46.32494 26.925823 35.805027 24.596748 31.575306 32.202484 29.12044 55.569775 17.464249 71.7844 25.632011 80.1561 2.828427 43.011627 22.803509 42.638012 50.119858 58.137768 18.681541 42.201897 53.0 36.069378 66.37017 73.817345 12.369317 32.572994 31.780497 35.22783 46.141087 57.982758 60.926186
40.04997 33.600594 44.38468 8.602325 32.649654 30.528675 0.0 19.235384 32.280025 30.594116 39.623226 42.953465 17.20465 33.37664 40.60788 46.09772 18.027756 41.761227 20.024984 27.802877 42.059483 23.021729 6.0827627 5.8309517 16.155495 22.561028 35.0 47.539455 25.059929 19.0 52.086468 43.462627 54.08327 27.784887 15.297058 12.165525 13.038404 19.697716 28.42534 39.962482 18.027756 45.221676 9.0 41.773197 47.169907 23.345236 49.648766 50.695168 21.931713 15.652476 52.3259 40.04997
59.211487 49.0408 29.732138 26.076809 24.738634 29.15476 19.235384 0.0 50.358715 14.21267 20.396078 25.0 33.734257 52.611786 30.870699 63.06346 34.132095 22.847319 29.206163 45.617977 58.5235 42.190044 13.601471 24.0 30.805843 3.6055512 16.27882 32.649654 36.359318 29.068884 71.25307 29.0 71.5891 27.45906 20.0 25.806976 30.265491 30.88689 43.65776 28.301943 37.215588 63.06346 28.160255 60.207973 64.53681 30.016663 33.83785 35.608986 6.0827627 28.231188 34.4093 59.211487
14.21267 11.7046995 76.55064 24.33105 63.529522 58.60034 32.280025 50.358715 0.0 62.817196 70.028564 70.5762 17.029387 14.142136 71.5891 14.866069 31.890438 71.063354 43.185646 27.513634 12.529964 12.806249 38.327538 26.683329 34.655445 53.15073 66.61081 79.71198 23.021729 41.773197 24.186773 75.61085 21.931713 55.803226 34.525352 35.805027 20.09975 24.698177 12.727922 71.5891 16.40122 35.510563 23.769728 10.049875 15.264338 47.423622 81.908485 82.8734 51.0 24.5153 79.24645 14.21267
70.11419 62.649822 15.556349 38.600517 15.811388 24.41311 30.594116 14.21267 62.817196 0.0 15.811388 25.632011 46.818798 63.007935 19.104973 76.2168 41.0 20.59126 32.202484 53.15073 71.867935 53.235325 24.5153 36.138622 37.107952 13.601471 7.81025 18.439089 50.47772 32.695564 82.05486 14.866069 84.48077 24.083189 34.20526 32.55764 43.011627 44.94441 57.271286 15.524175 48.259712 69.92139 39.45884 72.36712 77.491936 31.06445 19.723083 21.400934 18.027756 42.059483 33.61547 70.11419
79.51101 67.26812 24.083189 46.043457 31.304953 40.22437 39.623226 20.396078 70.028564 15.811388 0.0 11.0 53.08484 72.99315 32.75668 81.88406 53.712196 5.0990195 46.615448 65.551506 77.10383 62.514 33.955853 44.181442 50.08992 17.117243 8.062258 25.495098 53.160137 46.872166 91.5478 24.020824 90.66973 39.824615 36.878178 45.188496 50.0 48.270073 61.983868 28.442924 57.558666 82.85529 48.507732 80.00625 83.60024 46.09772 24.351591 27.202942 19.104973 46.52956 17.888544 79.51101
81.49233 66.0303 35.057095 47.801674 41.4367 49.648766 42.953465 25.0 70.5762 25.632011 11.0 0.0 53.600372 75.58439 43.56604 81.00617 59.07622 6.0827627 53.740116 70.327805 76.02631 64.84597 38.078865 46.486557 55.803226 21.400934 18.439089 36.345562 51.156624 53.75872 93.39165 35.014282 90.0 48.8774 36.124783 50.803543 51.1957 47.0 61.0 39.319206 60.083275 87.81799 51.264023 80.622574 83.00603 53.90733 34.928497 37.85499 21.023796 46.173584 9.433981 81.49233
28.635643 16.40122 61.269894 8.602325 49.819675 46.8615 17.20465 33.734257 17.029387 46.818798 53.08484 53.600372 0.0 24.207438 57.801384 29.410883 25.317978 54.037025 33.54102 28.160255 25.079872 14.21267 22.825424 11.401754 26.24881 36.345562 50.01 64.40497 12.165525 32.202484 40.16217 60.373837 37.85499 44.04543 17.720045 25.059929 4.2426405 10.0 11.313708 57.14018 11.7046995 42.72002 11.18034 27.073973 30.805843 37.589893 66.309875 67.54258 34.0147 8.062258 62.369865 28.635643
7.615773 25.70992 74.96666 27.856777 60.166435 53.310413 33.37664 52.611786 14.142136 63.007935 72.99315 75.58439 24.207438 0.0 68.007355 25.632011 25.079872 74.953316 37.161808 16.27882 25.317978 10.770329 39.20459 29.12044 28.79236 55.9017 68.18358 78.08969 34.20526 35.846897 19.104973 73.97973 29.206163 50.695168 41.18252 31.780497 25.059929 33.970577 25.495098 68.88396 15.524175 21.377558 24.5153 15.264338 24.596748 41.14608 80.75271 81.21576 54.81788 32.202484 84.758484 7.615773
75.58439 74.20242 12.0415945 49.20366 8.062258 16.03122 40.60788 30.870699 71.5891 19.104973 32.75668 43.56604 57.801384 68.007355 0.0 86.09297 43.174065 37.85499 31.400637 54.589375 82.37718 60.00833 35.383614 46.400433 39.293766 31.622776 25.179358 13.892444 64.381676 32.55764 86.833176 11.313708 93.47727 18.027756 49.40648 36.40055 53.600372 58.728188 69.02898 4.472136 55.461697 69.00725 48.02083 80.11242 86.833176 28.071337 17.492855 16.155495 36.05551 55.154327 50.289165 75.58439
21.095022 15.033297 90.47099 37.696156 78.03204 73.409805 46.09772 63.06346 14.866069 76.2168 81.88406 81.00617 29.410883 25.632011 86.09297 0.0 46.69047 82.29824 58.0517 41.18252 5.0990195 27.58623 52.0 40.311287 49.517673 65.51336 79.30952 93.62158 30.149628 56.63921 24.166092 89.55445 9.055386 70.60453 45.17743 50.606323 33.24154 34.0147 20.024984 85.883644 31.241 45.276924 38.078865 11.045361 2.828427 62.289646 95.63472 96.77293 62.801273 35.35534 89.08984 21.095022
32.695564 38.910152 51.0392 20.22375 35.510563 28.231188 18.027756 34.132095 31.890438 41.0 53.712196 59.07622 25.317978 25.079872 43.174065 46.69047 0.0 56.82429 12.083046 12.165525 44.20407 19.104973 21.260292 18.681541 4.0 37.735924 47.434166 54.08327 37.054016 10.770329 43.68066 50.039986 52.63079 25.632011 32.695564 8.5440035 22.022715 33.06055 35.1141 44.407207 16.124516 29.15476 15.033297 38.600517 46.69047 16.124516 57.00877 57.14018 38.418747 29.15476 68.50548 32.695564
81.21576 67.47592 29.017237 47.518417 36.249138 44.94441 41.761227 22.847319 71.063354 20.59126 5.0990195 6.0827627 54.037025 74.953316 37.85499 82.29824 56.82429 0.0 50.447994 68.44706 77.41447 64.327286 36.40055 45.891174 53.338543 19.313208 13.0 30.265491 52.95281 50.606323 93.214806 29.0 91.197586 44.407207 37.12142 48.373547 51.24451 48.373547 62.289646 33.54102 59.439045 85.86617 50.447994 81.09871 84.14868 50.20956 28.86174 31.780497 20.22375 47.042534 13.038404 81.21576
44.777225 48.82622 40.112343 26.24881 24.020824 16.155495 20.024984 29.206163 43.185646 32.202484 46.615448 53.740116 33.54102 37.161808 31.400637 58.0517 12.083046 50.447994 0.0 23.194826 55.17246 30.610456 19.646883 23.769728 8.602325 32.649654 39.446167 43.046486 43.965897 1.4142135 55.65968 39.115215 64.40497 13.601471 35.057095 8.5440035 29.546574 39.051247 44.418465 33.01515 26.870058 38.470768 22.36068 50.47772 58.258045 4.2426405 46.173584 46.010868 34.669872 34.928497 62.968246 44.777225
23.43075 37.336308 63.0 26.627054 47.169907 39.051247 27.802877 45.617977 27.513634 53.15073 65.551506 70.327805 28.160255 16.27882 54.589375 41.18252 12.165525 68.44706 23.194826 0.0 39.92493 16.03122 32.24903 26.24881 16.124516 49.193497 59.48109 66.007576 40.261642 22.090721 33.105892 62.0 45.453274 36.67424 40.60788 20.615528 26.400757 37.696156 35.0 56.142673 16.492422 17.492855 21.400934 31.400637 40.496914 26.683329 69.00725 69.02898 49.396355 34.43835 79.755875 23.43075
22.203604 10.0 86.33076 33.54102 74.330345 70.178345 42.059483 58.5235 12.529964 71.867935 77.10383 76.02631 25.079872 25.317978 82.37718 5.0990195 44.20407 77.41447 55.17246 39.92493 0.0 25.23886 47.853943 36.23534 46.75468 60.876926 74.726166 89.470665 25.079872 53.75872 27.45906 85.42833 14.142136 67.357254 40.311287 47.423622 29.068884 29.068884 15.132746 81.9878 28.319605 46.0 34.4093 12.649111 7.615773 59.413803 91.389275 92.61209 58.0517 30.594116 84.05355 22.203604
17.029387 21.377558 65.96969 17.088007 52.0 46.32494 23.021729 42.190044 12.806249 53.235325 62.514 64.84597 14.21267 10.770329 60.00833 27.58623 19.104973 64.327286 30.610456 16.03122 25.23886 0.0 29.0 18.439089 22.022715 45.39824 58.00862 69.12308 25.495098 29.206163 29.068884 65.0 33.83785 43.56604 30.528675 23.70654 14.422205 24.207438 19.026299 60.40695 5.0 28.653097 14.035668 20.12461 27.658634 34.828148 71.5891 72.277245 44.14748 21.931713 74.0 17.029387
46.010868 39.115215 38.483765 14.3178215 27.58623 26.925823 6.0827627 13.601471 38.327538 24.5153 33.955853 38.078865 22.825424 39.20459 35.383614 52.0 21.260292 36.40055 19.646883 32.24903 47.853943 29.0 0.0 11.7046995 18.439089 17.088007 29.017237 41.62932 29.206163 18.973665 58.034473 37.576588 60.083275 24.351591 16.27882 13.601471 18.788294 23.600847 33.83785 34.4093 24.0 49.73932 15.033297 47.853943 53.14132 22.090721 43.65776 44.777225 17.20465 19.849434 47.507893 46.010868
35.35534 27.802877 50.159744 2.828427 38.418747 35.805027 5.8309517 24.0 26.683329 36.138622 44.181442 46.486557 11.401754 29.12044 46.400433 40.311287 18.681541 45.891174 23.769728 26.24881 36.23534 18.439089 11.7046995 0.0 18.027756 27.073973 40.112343 53.310413 20.248457 22.561028 47.38143 49.24429 48.38388 33.01515 14.422205 15.297058 7.2111025 15.297058 22.671568 45.79301 13.601471 43.185646 5.0 36.345562 41.4367 27.513634 55.362442 56.462376 25.70992 11.18034 55.713554 35.35534
36.40055 40.81666 47.042534 20.024984 31.575306 24.596748 16.155495 30.805843 34.655445 37.107952 50.08992 55.803226 26.24881 28.79236 39.293766 49.517673 4.0 53.338543 8.602325 16.124516 46.75468 22.022715 18.439089 18.027756 0.0 34.4093 43.65776 50.08992 37.48333 7.2111025 47.539455 46.043457 55.803226 21.931713 31.320919 5.0 22.561028 33.06055 36.67424 40.4475 18.439089 32.89377 15.297058 41.880783 49.67897 12.806249 53.009434 53.15073 35.383614 29.017237 65.21503 36.40055
62.39391 51.24451 29.068884 29.0 26.172504 31.575306 22.561028 3.6055512 53.15073 13.601471 17.117243 21.400934 36.345562 55.9017 31.622776 65.51336 37.735924 19.313208 32.649654 49.193497 60.876926 45.39824 17.088007 27.073973 34.4093 0.0 13.928389 31.827662 38.013157 32.55764 74.431175 28.42534 74.1485 30.083218 21.470911 29.410883 33.06055 32.695564 45.88028 28.635643 40.4475 66.64833 31.400637 63.07139 67.08204 33.286633 32.649654 34.655445 4.472136 30.364452 30.805843 62.39391
75.026665 65.14599 18.027756 42.296574 23.259407 32.202484 35.0 16.27882 66.61081 7.81025 8.062258 18.439089 50.01 68.18358 25.179358 79.30952 47.434166 13.0 39.446167 59.48109 74.726166 58.00862 29.017237 40.112343 43.65776 13.928389 0.0 20.12461 51.894123 39.824615 87.05171 17.720045 87.86353 31.890438 35.341194 38.8973 46.52956 46.615448 59.77458 21.023796 53.009434 76.55064 44.0 76.41989 80.80842 38.600517 20.0 22.472204 17.492855 44.27189 25.942244 75.026665
85.51023 80.529495 3.1622777 55.946404 19.235384 29.12044 47.539455 32.649654 79.71198 18.439089 25.495098 36.345562 64.40497 78.08969 13.892444 93.62158 54.08327 30.265491 43.046486 66.007576 89.470665 69.12308 41.62932 53.310413 50.08992 31.827662 20.12461 0.0 68.8186 44.011364 97.16481 4.1231055 101.59232 30.594116 52.63079 46.389652 60.41523 63.245552 75.17979 10.440307 64.288414 81.394104 55.97321 88.88757 94.7048 40.311287 3.6055512 3.1622777 36.124783 60.207973 41.109608 85.51023
36.878178 15.132746 65.802734 17.720045 56.727417 55.569775 25.059929 36.359318 23.021729 50.47772 53.160137 51.156624 12.165525 34.20526 64.381676 30.149628 37.054016 52.95281 43.965897 40.261642 25.079872 25.495098 29.206163 20.248457 37.48333 38.013157 51.894123 68.8186 0.0 42.72002 47.169907 65.0 39.20459 52.83938 16.552946 35.44009 15.033297 5.656854 10.770329 62.968246 23.769728 54.120235 22.203604 32.202484 32.38827 47.759815 70.178345 71.84706 34.539833 9.433981 59.008472 36.878178
43.462627 47.434166 41.04875 25.0 25.079872 17.464249 19.0 29.068884 41.773197 32.695564 46.872166 53.75872 32.202484 35.846897 32.55764 56.63921 10.770329 50.606323 1.4142135 22.090721 53.75872 29.206163 18.973665 22.561028 7.2111025 32.55764 39.824615 44.011364 42.72002 0.0 54.405884 40.04997 63.007935 14.866069 34.132095 7.28011 28.231188 37.85499 43.046486 34.058773 25.455845 37.65634 21.023796 49.09175 56.85068 5.656854 47.095646 47.0 34.4093 33.734257 63.03174 43.462627
12.0415945 33.970577 94.04786 45.705578 79.07591 71.7844 52.086468 71.25307 24.186773 82.05486 91.5478 93.39165 40.16217 19.104973 86.833176 24.166092 43.68066 93.214806 55.65968 33.105892 27.45906 29.068884 58.034473 47.38143 47.539455 74.431175 87.05171 97.16481 47.169907 54.405884 0.0 93.05912 21.023796 69.260376 57.870544 50.803543 42.201897 48.754486 36.619667 87.86353 34.058773 27.45906 43.104523 15.556349 21.540659 59.464275 99.849884 100.28459 72.99315 48.104053 102.357216 12.0415945
81.394104 76.537575 1.0 51.894123 15.524175 25.632011 43.462627 29.0 75.61085 14.866069 24.020824 35.014282 60.373837 73.97973 11.313708 89.55445 50.039986 29.0 39.115215 62.0 85.42833 65.0 37.576588 49.24429 46.043457 28.42534 17.720045 4.1231055 65.0 40.04997 93.05912 0.0 97.49872 26.925823 48.9183 42.296574 56.364883 59.405388 71.19691 7.2111025 60.166435 77.52419 51.86521 84.77028 90.62009 36.496574 7.071068 7.28011 32.80244 56.302753 40.60788 81.394104
22.825424 24.083189 98.43272 45.88028 85.42248 80.1561 54.08327 71.5891 21.931713 84.48077 90.66973 90.0 37.85499 29.206163 93.47727 9.055386 52.63079 91.197586 64.40497 45.453274 14.142136 33.83785 60.083275 48.38388 55.803226 74.1485 87.86353 101.59232 39.20459 63.007935 21.023796 97.49872 0.0 77.388626 54.08327 57.45433 41.484936 43.0 29.0 93.52005 38.078865 46.173584 45.694637 14.142136 7.071068 68.60029 103.73042 104.75209 71.568146 44.181442 98.12747 22.825424
58.30952 60.1415 27.89265 35.805027 11.401754 2.828427 27.784887 27.45906 55.803226 24.083189 39.824615 48.8774 44.04543 50.695168 18.027756 70.60453 25.632011 44.407207 13.601471 36.67424 67.357254 43.56604 24.351591 33.01515 21.931713 30.083218 31.890438 30.594116 52.83938 14.866069 69.260376 26.925823 77.388626 0.0 40.5216 20.0 39.824615 47.41308 55.31727 20.22375 39.40812 51.0392 33.24154 63.631752 71.02816 10.049875 33.955853 33.37664 33.54102 43.416588 57.428215 58.30952
46.238514 30.413813 49.67897 14.142136 42.190044 43.011627 15.297058 20.0 34.525352 34.20526 36.878178 36.124783 17.720045 41.18252 49.40648 45.17743 32.695564 37.12142 35.057095 40.60788 40.311287 30.528675 16.27882 14.422205 31.320919 21.470911 35.341194 52.63079 16.552946 34.132095 57.870544 48.9183 54.08327 40.5216 0.0 27.45906 16.124516 11.401754 25.179358 47.507893 26.400757 57.280014 19.209373 44.553337 47.042534 38.013157 53.823788 55.605755 18.027756 10.049875 44.72136 46.238514
39.293766 40.60788 43.289722 17.720045 28.460499 22.803509 12.165525 25.806976 35.805027 32.55764 45.188496 50.803543 25.059929 31.780497 36.40055 50.606323 8.5440035 48.373547 8.5440035 20.615528 47.423622 23.70654 13.601471 15.297058 5.0 29.410883 38.8973 46.389652 35.44009 7.28011 50.803543 42.296574 57.45433 20.0 27.45906 0.0 21.023796 30.594116 36.05551 37.107952 19.416489 37.696156 13.892444 43.829212 51.0392 12.529964 49.162994 49.497475 30.413813 26.476404 60.216278 39.293766
30.364452 20.615528 57.271286 4.472136 45.607018 42.638012 13.038404 30.265491 20.09975 43.011627 50.0 51.1957 4.2426405 25.059929 53.600372 33.24154 22.022715 51.24451 29.546574 26.400757 29.068884 14.422205 18.788294 7.2111025 22.561028 33.06055 46.52956 60.41523 15.033297 28.231188 42.201897 56.364883 41.484936 39.824615 16.124516 21.023796 0.0 11.401754 15.556349 53.0 10.630146 42.0119 7.28011 30.016663 34.48188 33.54102 62.39391 63.560993 31.06445 8.062258 60.166435 30.364452
37.735924 19.104973 60.216278 13.038404 51.088158 50.119858 19.697716 30.88689 24.698177 44.94441 48.270073 47.0 10.0 33.970577 58.728188 34.0147 33.06055 48.373547 39.051247 37.696156 29.068884 24.207438 23.600847 15.297058 33.06055 32.695564 46.615448 63.245552 5.656854 37.85499 48.754486 59.405388 43.0 47.41308 11.401754 30.594116 11.401754 0.0 14.0 57.31492 21.470911 52.69725 18.027756 34.48188 36.013885 42.72002 64.66065 66.287254 29.410883 4.1231055 55.226807 37.735924
26.907248 5.3851647 72.06941 19.849434 61.073727 58.137768 28.42534 43.65776 12.727922 57.271286 61.983868 61.0 11.313708 25.495098 69.02898 20.024984 35.1141 62.289646 44.418465 35.0 15.132746 19.026299 33.83785 22.671568 36.67424 45.88028 59.77458 75.17979 10.770329 43.046486 36.619667 71.19691 29.0 55.31727 25.179358 36.05551 15.556349 14.0 0.0 68.24222 19.416489 46.486557 22.203604 21.470911 22.022715 48.548943 76.922035 78.29432 42.953465 15.524175 69.18092 26.907248
76.40026 73.4983 8.062258 48.548943 9.0 18.681541 39.962482 28.301943 71.5891 15.524175 28.442924 39.319206 57.14018 68.88396 4.472136 85.883644 44.407207 33.54102 33.01515 56.142673 81.9878 60.40695 34.4093 45.79301 40.4475 28.635643 21.023796 10.440307 62.968246 34.058773 87.86353 7.2111025 93.52005 20.22375 47.507893 37.107952 53.0 57.31492 68.24222 0.0 55.713554 71.17584 47.853943 80.411446 86.764046 30.066593 13.928389 13.152946 33.105892 53.90733 45.88028 76.40026
22.022715 22.847319 61.13101 12.529964 47.423622 42.201897 18.027756 37.215588 16.40122 48.259712 57.558666 60.083275 11.7046995 15.524175 55.461697 31.241 16.124516 59.439045 26.870058 16.492422 28.319605 5.0 24.0 13.601471 18.439089 40.4475 53.009434 64.288414 23.769728 25.455845 34.058773 60.166435 38.078865 39.40812 26.400757 19.416489 10.630146 21.470911 19.416489 55.713554 0.0 31.400637 9.055386 24.698177 31.622776 31.112698 66.70832 67.44627 39.293766 18.601076 69.289246 22.022715
24.186773 47.07441 78.51752 43.13931 62.201286 53.0 45.221676 63.06346 35.510563 69.92139 82.85529 87.81799 42.72002 21.377558 69.00725 45.276924 29.15476 85.86617 38.470768 17.492855 46.0 28.653097 49.73932 43.185646 32.89377 66.64833 76.55064 81.394104 54.120235 37.65634 27.45906 77.52419 46.173584 51.0392 57.280014 37.696156 42.0119 52.69725 46.486557 71.17584 31.400637 0.0 38.209946 34.234486 43.56604 41.109608 84.59315 84.29116 66.88796 50.0 97.24711 24.186773
31.06445 26.907248 52.810986 5.3851647 39.962482 36.069378 9.0 28.160255 23.769728 39.45884 48.507732 51.264023 11.18034 24.5153 48.02083 38.078865 15.033297 50.447994 22.36068 21.400934 34.4093 14.035668 15.033297 5.0 15.297058 31.400637 44.0 55.97321 22.203604 21.023796 43.104523 51.86521 45.694637 33.24154 19.209373 13.892444 7.28011 18.027756 22.203604 47.853943 9.055386 38.209946 0.0 32.984844 38.910152 26.41969 58.24088 59.135437 30.364452 14.142136 60.53924 31.06445
10.049875 18.439089 85.72631 34.132095 72.09022 66.37017 41.773197 60.207973 10.049875 72.36712 80.00625 80.622574 27.073973 15.264338 80.11242 11.045361 38.600517 81.09871 50.47772 31.400637 12.649111 20.12461 47.853943 36.345562 41.880783 63.07139 76.41989 88.88757 32.202484 49.09175 15.556349 84.77028 14.142136 63.631752 44.553337 43.829212 30.016663 34.48188 21.470911 80.411446 24.698177 34.234486 32.984844 0.0 9.486833 54.644306 91.214035 92.0489 61.008198 34.525352 89.26926 10.049875
19.416489 17.262676 91.5478 38.8973 78.77182 73.817345 47.169907 64.53681 15.264338 77.491936 83.60024 83.00603 30.805843 24.596748 86.833176 2.828427 46.69047 84.14868 58.258045 40.496914 7.615773 27.658634 53.14132 41.4367 49.67897 67.08204 80.80842 94.7048 32.38827 56.85068 21.540659 90.62009 7.071068 71.02816 47.042534 51.0392 34.48188 36.013885 22.022715 86.764046 31.622776 43.56604 38.910152 9.486833 0.0 62.482 96.79876 97.862144 64.49806 37.12142 91.197586 19.416489
48.754486 53.009434 37.48333 30.083218 21.095022 12.369317 23.345236 30.016663 47.423622 31.06445 46.09772 53.90733 37.589893 41.14608 28.071337 62.289646 16.124516 50.20956 4.2426405 26.683329 59.413803 34.828148 22.090721 27.513634 12.806249 33.286633 38.600517 40.311287 47.759815 5.656854 59.464275 36.496574 68.60029 10.049875 38.013157 12.529964 33.54102 42.72002 48.548943 30.066593 31.112698 41.109608 26.41969 54.644306 62.482 0.0 43.56604 43.185646 35.77709 38.600517 62.968246 48.754486
88.11924 82.29216 6.0827627 57.939625 22.561028 32.572994 49.648766 33.83785 81.908485 19.723083 24.351591 34.928497 66.309875 80.75271 17.492855 95.63472 57.00877 28.86174 46.173584 69.00725 91.389275 71.5891 43.65776 55.362442 53.009434 32.649654 20.0 3.6055512 70.178345 47.095646 99.849884 7.071068 103.73042 33.955853 53.823788 49.162994 62.39391 64.66065 76.922035 13.928389 66.70832 84.59315 58.24088 91.214035 96.79876 43.56604 0.0 3.0 36.796738 61.77378 39.0 88.11924
88.64536 83.64807 6.3245554 59.093147 22.090721 31.780497 50.695168 35.608986 82.8734 21.400934 27.202942 37.85499 67.54258 81.21576 16.155495 96.77293 57.14018 31.780497 46.010868 69.02898 92.61209 72.277245 44.777225 56.462376 53.15073 34.655445 22.472204 3.1622777 71.84706 47.0 100.28459 7.28011 104.75209 33.37664 55.605755 49.497475 63.560993 66.287254 78.29432 13.152946 67.44627 84.29116 59.135437 92.0489 97.862144 43.185646 3.0 0.0 38.8973 63.28507 42.0 88.64536
61.0 48.270073 33.42155 27.294687 30.413813 35.22783 21.931713 6.0827627 51.0 18.027756 19.104973 21.023796 34.0147 54.81788 36.05551 62.801273 38.418747 20.22375 34.669872 49.396355 58.0517 44.14748 17.20465 25.70992 35.383614 4.472136 17.492855 36.124783 34.539833 34.4093 72.99315 32.80244 71.568146 33.54102 18.027756 30.413813 31.06445 29.410883 42.953465 33.105892 39.293766 66.88796 30.364452 61.008198 64.49806 35.77709 36.796738 38.8973 0.0 27.45906 30.413813 61.0
36.67424 20.880613 57.14018 9.0 47.423622 46.141087 15.652476 28.231188 24.5153 42.059483 46.52956 46.173584 8.062258 32.202484 55.154327 35.35534 29.15476 47.042534 34.928497 34.43835 30.594116 21.931713 19.849434 11.18034 29.017237 30.364452 44.27189 60.207973 9.433981 33.734257 48.104053 56.302753 44.181442 43.416588 10.049875 26.476404 8.062258 4.1231055 15.524175 53.90733 18.601076 50.0 14.142136 34.525352 37.12142 38.600517 61.77378 63.28507 27.45906 0.0 54.74486 36.67424
90.52071 74.06078 40.4475 56.920998 49.193497 57.982758 52.3259 34.4093 79.24645 33.61547 17.888544 9.433981 62.369865 84.758484 50.289165 89.08984 68.50548 13.038404 62.968246 79.755875 84.05355 74.0 47.507893 55.713554 65.21503 30.805843 25.942244 41.109608 59.008472 63.03174 102.357216 40.60788 98.12747 57.428215 44.72136 60.216278 60.166435 55.226807 69.18092 45.88028 69.289246 97.24711 60.53924 89.26926 91.197586 62.968246 39.0 42.0 30.413813 54.74486 0.0 90.52071
0.0 25.553865 82.37718 33.734257 67.72001 60.926186 40.04997 59.211487 14.21267 70.11419 79.51101 81.49233 28.635643 7.615773 75.58439 21.095022 32.695564 81.21576 44.777225 23.43075 22.203604 17.029387 46.010868 35.35534 36.40055 62.39391 75.026665 85.51023 36.878178 43.462627 12.0415945 81.394104 22.825424 58.30952 46.238514 39.293766 30.364452 37.735924 26.907248 76.40026 22.022715 24.186773 31.06445 10.049875 19.416489 48.754486 88.11924 88.64536 61.0 36.67424 90.52071 0.0
p
0 0 0 0 0 0
0 0 0 0 0 0
0 0 0 0 0 0
0 0 0 0 0 0
0 0 0 0 0 0
0 0 0 0 0 0
0 0 0 0 0 0
0 0 0 0 0 0
0 0 0 0 0 0
0 0 0 0 0 0
10.0 10.0 10.0 10.0 10.0 10.0
10.0 10.0 10.0 10.0 10.0 10.0
10.0 10.0 10.0 10.0 10.0 10.0
10.0 10.0 10.0 10.0 10.0 10.0
10.0 10.0 10.0 10.0 10.0 10.0
10.0 10.0 10.0 10.0 10.0 10.0
10.0 10.0 10.0 10.0 10.0 10.0
10.0 10.0 10.0 10.0 10.0 10.0
10.0 10.0 10.0 10.0 10.0 10.0
10.0 10.0 10.0 10.0 10.0 10.0
10.0 10.0 10.0 10.0 10.0 10.0
10.0 10.0 10.0 10.0 10.0 10.0
10.0 10.0 10.0 10.0 10.0 10.0
10.0 10.0 10.0 10.0 10.0 10.0
10.0 10.0 10.0 10.0 10.0 10.0
10.0 10.0 10.0 10.0 10.0 10.0
10.0 10.0 10.0 10.0 10.0 10.0
10.0 10.0 10.0 10.0 10.0 10.0
10.0 10.0 10.0 10.0 10.0 10.0
10.0 10.0 10.0 10.0 10.0 10.0
10.0 10.0 10.0 10.0 10.0 10.0
10.0 10.0 10.0 10.0 10.0 10.0
10.0 10.0 10.0 10.0 10.0 10.0
10.0 10.0 10.0 10.0 10.0 10.0
10.0 10.0 10.0 10.0 10.0 10.0
10.0 10.0 10.0 10.0 10.0 10.0
10.0 10.0 10.0 10.0 10.0 10.0
10.0 10.0 10.0 10.0 10.0 10.0
10.0 10.0 10.0 10.0 10.0 10.0
10.0 10.0 10.0 10.0 10.0 10.0
10.0 10.0 10.0 10.0 10.0 10.0
10.0 10.0 10.0 10.0 10.0 10.0
10.0 10.0 10.0 10.0 10.0 10.0
10.0 10.0 10.0 10.0 10.0 10.0
10.0 10.0 10.0 10.0 10.0 10.0
10.0 10.0 10.0 10.0 10.0 10.0
10.0 10.0 10.0 10.0 10.0 10.0
10.0 10.0 10.0 10.0 10.0 10.0
10.0 10.0 10.0 10.0 10.0 10.0
10.0 10.0 10.0 10.0 10.0 10.0
10.0 10.0 10.0 10.0 10.0 10.0
10.0 10.0 10.0 10.0 10.0 10.0
10.0 10.0 10.0 10.0 10.0 10.0
10.0 10.0 10.0 10.0 10.0 10.0
10.0 10.0 10.0 10.0 10.0 10.0
10.0 10.0 10.0 10.0 10.0 10.0
10.0 10.0 10.0 10.0 10.0 10.0
10.0 10.0 10.0 10.0 10.0 10.0
10.0 10.0 10.0 10.0 10.0 10.0
10.0 10.0 10.0 10.0 10.0 10.0
10.0 10.0 10.0 10.0 10.0 10.0
10.0 10.0 10.0 10.0 10.0 10.0
10.0 10.0 10.0 10.0 10.0 10.0
10.0 10.0 10.0 10.0 10.0 10.0
10.0 10.0 10.0 10.0 10.0 10.0
10.0 10.0 10.0 10.0 10.0 10.0
10.0 10.0 10.0 10.0 10.0 10.0
10.0 10.0 10.0 10.0 10.0 10.0
10.0 10.0 10.0 10.0 10.0 10.0
10.0 10.0 10.0 10.0 10.0 10.0
10.0 10.0 10.0 10.0 10.0 10.0
10.0 10.0 10.0 10.0 10.0 10.0
10.0 10.0 10.0 10.0 10.0 10.0
10.0 10.0 10.0 10.0 10.0 10.0
10.0 10.0 10.0 10.0 10.0 10.0
10.0 10.0 10.0 10.0 10.0 10.0
10.0 10.0 10.0 10.0 10.0 10.0
10.0 10.0 10.0 10.0 10.0 10.0
10.0 10.0 10.0 10.0 10.0 10.0
10.0 10.0 10.0 10.0 10.0 10.0
10.0 10.0 10.0 10.0 10.0 10.0
10.0 10.0 10.0 10.0 10.0 10.0
10.0 10.0 10.0 10.0 10.0 10.0
10.0 10.0 10.0 10.0 10.0 10.0
10.0 10.0 10.0 10.0 10.0 10.0
10.0 10.0 10.0 10.0 10.0 10.0
10.0 10.0 10.0 10.0 10.0 10.0
10.0 10.0 10.0 10.0 10.0 10.0
10.0 10.0 10.0 10.0 10.0 10.0
10.0 10.0 10.0 10.0 10.0 10.0
10.0 10.0 10.0 10.0 10.0 10.0
10.0 10.0 10.0 10.0 10.0 10.0
10.0 10.0 10.0 10.0 10.0 10.0
10.0 10.0 10.0 10.0 10.0 10.0
10.0 10.0 10.0 10.0 10.0 10.0
10.0 10.0 10.0 10.0 10.0 10.0
10.0 10.0 10.0 10.0 10.0 10.0
10.0 10.0 10.0 10.0 10.0 10.0
10.0 10.0 10.0 10.0 10.0 10.0
10.0 10.0 10.0 10.0 10.0 10.0
10.0 10.0 10.0 10.0 10.0 10.0
10.0 10.0 10.0 10.0 10.0 10.0
10.0 10.0 10.0 10.0 10.0 10.0
10.0 10.0 10.0 10.0 10.0 10.0
10.0 10.0 10.0 10.0 10.0 10.0
10.0 10.0 10.0 10.0 10.0 10.0
10.0 10.0 10.0 10.0 10.0 10.0
10.0 10.0 10.0 10.0 10.0 10.0
10.0 10.0 10.0 10.0 10.0 10.0
10.0 10.0 10.0 10.0 10.0 10.0
10.0 10.0 10.0 10.0 10.0 10.0
10.0 10.0 10.0 10.0 10.0 10.0
10.0 10.0 10.0 10.0 10.0 10.0
10.0 10.0 10.0 10.0 10.0 10.0
10.0 10.0 10.0 10.0 10.0 10.0
10.0 10.0 10.0 10.0 10.0 10.0
10.0 10.0 10.0 10.0 10.0 10.0
10.0 10.0 10.0 10.0 10.0 10.0
10.0 10.0 10.0 10.0 10.0 10.0
10.0 10.0 10.0 10.0 10.0 10.0
10.0 10.0 10.0 10.0 10.0 10.0
10.0 10.0 10.0 10.0 10.0 10.0
10.0 10.0 10.0 10.0 10.0 10.0
10.0 10.0 10.0 10.0 10.0 10.0
10.0 10.0 10.0 10.0 10.0 10.0
10.0 10.0 10.0 10.0 10.0 10.0
10.0 10.0 10.0 10.0 10.0 10.0
10.0 10.0 10.0 10.0 10.0 10.0
10.0 10.0 10.0 10.0 10.0 10.0
10.0 10.0 10.0 10.0 10.0 10.0
10.0 10.0 10.0 10.0 10.0 10.0
10.0 10.0 10.0 10.0 10.0 10.0
10.0 10.0 10.0 10.0 10.0 10.0
10.0 10.0 10.0 10.0 10.0 10.0
10.0 10.0 10.0 10.0 10.0 10.0
10.0 10.0 10.0 10.0 10.0 10.0
10.0 10.0 10.0 10.0 10.0 10.0
10.0 10.0 10.0 10.0 10.0 10.0
10.0 10.0 10.0 10.0 10.0 10.0
10.0 10.0 10.0 10.0 10.0 10.0
10.0 10.0 10.0 10.0 10.0 10.0
10.0 10.0 10.0 10.0 10.0 10.0
10.0 10.0 10.0 10.0 10.0 10.0
10.0 10.0 10.0 10.0 10.0 10.0
10.0 10.0 10.0 10.0 10.0 10.0
10.0 10.0 10.0 10.0 10.0 10.0
10.0 10.0 10.0 10.0 10.0 10.0
10.0 10.0 10.0 10.0 10.0 10.0
10.0 10.0 10.0 10.0 10.0 10.0
10.0 10.0 10.0 10.0 10.0 10.0
10.0 10.0 10.0 10.0 10.0 10.0
10.0 10.0 10.0 10.0 10.0 10.0
10.0 10.0 10.0 10.0 10.0 10.0
10.0 10.0 10.0 10.0 10.0 10.0
10.0 10.0 10.0 10.0 10.0 10.0
10.0 10.0 10.0 10.0 10.0 10.0
10.0 10.0 10.0 10.0 10.0 10.0
10.0 10.0 10.0 10.0 10.0 10.0
10.0 10.0 10.0 10.0 10.0 10.0
10.0 10.0 10.0 10.0 10.0 10.0
10.0 10.0 10.0 10.0 10.0 10.0
10.0 10.0 10.0 10.0 10.0 10.0
10.0 10.0 10.0 10.0 10.0 10.0
10.0 10.0 10.0 10.0 10.0 10.0
10.0 10.0 10.0 10.0 10.0 10.0
10.0 10.0 10.0 10.0 10.0 10.0
10.0 10.0 10.0 10.0 10.0 10.0
10.0 10.0 10.0 10.0 10.0 10.0
10.0 10.0 10.0 10.0 10.0 10.0
10.0 10.0 10.0 10.0 10.0 10.0
10.0 10.0 10.0 10.0 10.0 10.0
10.0 10.0 10.0 10.0 10.0 10.0
10.0 10.0 10.0 10.0 10.0 10.0
10.0 10.0 10.0 10.0 10.0 10.0
10.0 10.0 10.0 10.0 10.0 10.0
10.0 10.0 10.0 10.0 10.0 10.0
10.0 10.0 10.0 10.0 10.0 10.0
10.0 10.0 10.0 10.0 10.0 10.0
10.0 10.0 10.0 10.0 10.0 10.0
10.0 10.0 10.0 10.0 10.0 10.0
10.0 10.0 10.0 10.0 10.0 10.0
10.0 10.0 10.0 10.0 10.0 10.0
10.0 10.0 10.0 10.0 10.0 10.0
10.0 10.0 10.0 10.0 10.0 10.0
10.0 10.0 10.0 10.0 10.0 10.0
10.0 10.0 10.0 10.0 10.0 10.0
10.0 10.0 10.0 10.0 10.0 10.0
10.0 10.0 10.0 10.0 10.0 10.0
10.0 10.0 10.0 10.0 10.0 10.0
10.0 10.0 10.0 10.0 10.0 10.0
10.0 10.0 10.0 10.0 10.0 10.0
10.0 10.0 10.0 10.0 10.0 10.0
10.0 10.0 10.0 10.0 10.0 10.0
10.0 10.0 10.0 10.0 10.0 10.0
10.0 10.0 10.0 10.0 10.0 10.0
10.0 10.0 10.0 10.0 10.0 10.0
10.0 10.0 10.0 10.0 10.0 10.0
10.0 10.0 10.0 10.0 10.0 10.0
10.0 10.0 10.0 10.0 10.0 10.0
10.0 10.0 10.0 10.0 10.0 10.0
10.0 10.0 10.0 10.0 10.0 10.0
10.0 10.0 10.0 10.0 10.0 10.0
10.0 10.0 10.0 10.0 10.0 10.0
10.0 10.0 10.0 10.0 10.0 10.0
10.0 10.0 10.0 10.0 10.0 10.0
10.0 10.0 10.0 10.0 10.0 10.0
10.0 10.0 10.0 10.0 10.0 10.0
10.0 10.0 10.0 10.0 10.0 10.0
10.0 10.0 10.0 10.0 10.0 10.0
10.0 10.0 10.0 10.0 10.0 10.0
10.0 10.0 10.0 10.0 10.0 10.0
10.0 10.0 10.0 10.0 10.0 10.0
10.0 10.0 10.0 10.0 10.0 10.0
10.0 10.0 10.0 10.0 10.0 10.0
10.0 10.0 10.0 10.0 10.0 10.0
10.0 10.0 10.0 10.0 10.0 10.0
10.0 10.0 10.0 10.0 10.0 10.0
10.0 10.0 10.0 10.0 10.0 10.0
10.0 10.0 10.0 10.0 10.0 10.0
10.0 10.0 10.0 10.0 10.0 10.0
10.0 10.0 10.0 10.0 10.0 10.0
10.0 10.0 10.0 10.0 10.0 10.0
10.0 10.0 10.0 10.0 10.0 10.0
10.0 10.0 10.0 10.0 10.0 10.0
10.0 10.0 10.0 10.0 10.0 10.0
10.0 10.0 10.0 10.0 10.0 10.0
10.0 10.0 10.0 10.0 10.0 10.0
10.0 10.0 10.0 10.0 10.0 10.0
10.0 10.0 10.0 10.0 10.0 10.0
10.0 10.0 10.0 10.0 10.0 10.0
10.0 10.0 10.0 10.0 10.0 10.0
10.0 10.0 10.0 10.0 10.0 10.0
10.0 10.0 10.0 10.0 10.0 10.0
10.0 10.0 10.0 10.0 10.0 10.0
10.0 10.0 10.0 10.0 10.0 10.0
10.0 10.0 10.0 10.0 10.0 10.0
10.0 10.0 10.0 10.0 10.0 10.0
10.0 10.0 10.0 10.0 10.0 10.0
10.0 10.0 10.0 10.0 10.0 10.0
10.0 10.0 10.0 10.0 10.0 10.0
10.0 10.0 10.0 10.0 10.0 10.0
10.0 10.0 10.0 10.0 10.0 10.0
10.0 10.0 10.0 10.0 10.0 10.0
10.0 10.0 10.0 10.0 10.0 10.0
10.0 10.0 10.0 10.0 10.0 10.0
10.0 10.0 10.0 10.0 10.0 10.0
10.0 10.0 10.0 10.0 10.0 10.0
10.0 10.0 10.0 10.0 10.0 10.0
10.0 10.0 10.0 10.0 10.0 10.0
10.0 10.0 10.0 10.0 10.0 10.0
10.0 10.0 10.0 10.0 10.0 10.0
10.0 10.0 10.0 10.0 10.0 10.0
10.0 10.0 10.0 10.0 10.0 10.0
10.0 10.0 10.0 10.0 10.0 10.0
10.0 10.0 10.0 10.0 10.0 10.0
10.0 10.0 10.0 10.0 10.0 10.0
10.0 10.0 10.0 10.0 10.0 10.0
10.0 10.0 10.0 10.0 10.0 10.0
10.0 10.0 10.0 10.0 10.0 10.0
10.0 10.0 10.0 10.0 10.0 10.0
10.0 10.0 10.0 10.0 10.0 10.0
10.0 10.0 10.0 10.0 10.0 10.0
10.0 10.0 10.0 10.0 10.0 10.0
10.0 10.0 10.0 10.0 10.0 10.0
10.0 10.0 10.0 10.0 10.0 10.0
10.0 10.0 10.0 10.0 10.0 10.0
10.0 10.0 10.0 10.0 10.0 10.0
10.0 10.0 10.0 10.0 10.0 10.0
10.0 10.0 10.0 10.0 10.0 10.0
10.0 10.0 10.0 10.0 10.0 10.0
10.0 10.0 10.0 10.0 10.0 10.0
10.0 10.0 10.0 10.0 10.0 10.0
10.0 10.0 10.0 10.0 10.0 10.0
10.0 10.0 10.0 10.0 10.0 10.0
10.0 10.0 10.0 10.0 10.0 10.0
10.0 10.0 10.0 10.0 10.0 10.0
10.0 10.0 10.0 10.0 10.0 10.0
10.0 10.0 10.0 10.0 10.0 10.0
10.0 10.0 10.0 10.0 10.0 10.0
10.0 10.0 10.0 10.0 10.0 10.0
10.0 10.0 10.0 10.0 10.0 10.0
10.0 10.0 10.0 10.0 10.0 10.0
10.0 10.0 10.0 10.0 10.0 10.0
10.0 10.0 10.0 10.0 10.0 10.0
10.0 10.0 10.0 10.0 10.0 10.0
10.0 10.0 10.0 10.0 10.0 10.0
10.0 10.0 10.0 10.0 10.0 10.0
10.0 10.0 10.0 10.0 10.0 10.0
10.0 10.0 10.0 10.0 10.0 10.0
10.0 10.0 10.0 10.0 10.0 10.0
10.0 10.0 10.0 10.0 10.0 10.0
10.0 10.0 10.0 10.0 10.0 10.0
10.0 10.0 10.0 10.0 10.0 10.0
10.0 10.0 10.0 10.0 10.0 10.0
10.0 10.0 10.0 10.0 10.0 10.0
10.0 10.0 10.0 10.0 10.0 10.0
10.0 10.0 10.0 10.0 10.0 10.0
10.0 10.0 10.0 10.0 10.0 10.0
10.0 10.0 10.0 10.0 10.0 10.0
10.0 10.0 10.0 10.0 10.0 10.0
10.0 10.0 10.0 10.0 10.0 10.0
10.0 10.0 10.0 10.0 10.0 10.0
10.0 10.0 10.0 10.0 10.0 10.0
10.0 10.0 10.0 10.0 10.0 10.0
10.0 10.0 10.0 10.0 10.0 10.0
10.0 10.0 10.0 10.0 10.0 10.0
10.0 10.0 10.0 10.0 10.0 10.0
10.0 10.0 10.0 10.0 10.0 10.0
10.0 10.0 10.0 10.0 10.0 10.0
10.0 10.0 10.0 10.0 10.0 10.0
10.0 10.0 10.0 10.0 10.0 10.0
10.0 10.0 10.0 10.0 10.0 10.0
10.0 10.0 10.0 10.0 10.0 10.0
10.0 10.0 10.0 10.0 10.0 10.0
10.0 10.0 10.0 10.0 10.0 10.0
10.0 10.0 10.0 10.0 10.0 10.0
10.0 10.0 10.0 10.0 10.0 10.0
10.0 10.0 10.0 10.0 10.0 10.0
10.0 10.0 10.0 10.0 10.0 10.0
10.0 10.0 10.0 10.0 10.0 10.0
10.0 10.0 10.0 10.0 10.0 10.0
10.0 10.0 10.0 10.0 10.0 10.0
10.0 10.0 10.0 10.0 10.0 10.0
10.0 10.0 10.0 10.0 10.0 10.0
10.0 10.0 10.0 10.0 10.0 10.0
10.0 10.0 10.0 10.0 10.0 10.0
10.0 10.0 10.0 10.0 10.0 10.0
10.0 10.0 10.0 10.0 10.0 10.0
10.0 10.0 10.0 10.0 10.0 10.0
10.0 10.0 10.0 10.0 10.0 10.0
10.0 10.0 10.0 10.0 10.0 10.0
10.0 10.0 10.0 10.0 10.0 10.0
10.0 10.0 10.0 10.0 10.0 10.0
10.0 10.0 10.0 10.0 10.0 10.0
10.0 10.0 10.0 10.0 10.0 10.0
10.0 10.0 10.0 10.0 10.0 10.0
10.0 10.0 10.0 10.0 10.0 10.0
10.0 10.0 10.0 10.0 10.0 10.0
10.0 10.0 10.0 10.0 10.0 10.0
10.0 10.0 10.0 10.0 10.0 10.0
10.0 10.0 10.0 10.0 10.0 10.0
10.0 10.0 10.0 10.0 10.0 10.0
10.0 10.0 10.0 10.0 10.0 10.0
10.0 10.0 10.0 10.0 10.0 10.0
10.0 10.0 10.0 10.0 10.0 10.0
10.0 10.0 10.0 10.0 10.0 10.0
10.0 10.0 10.0 10.0 10.0 10.0
10.0 10.0 10.0 10.0 10.0 10.0
10.0 10.0 10.0 10.0 10.0 10.0
10.0 10.0 10.0 10.0 10.0 10.0
10.0 10.0 10.0 10.0 10.0 10.0
10.0 10.0 10.0 10.0 10.0 10.0
10.0 10.0 10.0 10.0 10.0 10.0
10.0 10.0 10.0 10.0 10.0 10.0
10.0 10.0 10.0 10.0 10.0 10.0
10.0 10.0 10.0 10.0 10.0 10.0
10.0 10.0 10.0 10.0 10.0 10.0
10.0 10.0 10.0 10.0 10.0 10.0
10.0 10.0 10.0 10.0 10.0 10.0
10.0 10.0 10.0 10.0 10.0 10.0
10.0 10.0 10.0 10.0 10.0 10.0
10.0 10.0 10.0 10.0 10.0 10.0
10.0 10.0 10.0 10.0 10.0 10.0
10.0 10.0 10.0 10.0 10.0 10.0
10.0 10.0 10.0 10.0 10.0 10.0
10.0 10.0 10.0 10.0 10.0 10.0
10.0 10.0 10.0 10.0 10.0 10.0
10.0 10.0 10.0 10.0 10.0 10.0
10.0 10.0 10.0 10.0 10.0 10.0
10.0 10.0 10.0 10.0 10.0 10.0
10.0 10.0 10.0 10.0 10.0 10.0
10.0 10.0 10.0 10.0 10.0 10.0
10.0 10.0 10.0 10.0 10.0 10.0
10.0 10.0 10.0 10.0 10.0 10.0
10.0 10.0 10.0 10.0 10.0 10.0
10.0 10.0 10.0 10.0 10.0 10.0
10.0 10.0 10.0 10.0 10.0 10.0
10.0 10.0 10.0 10.0 10.0 10.0
10.0 10.0 10.0 10.0 10.0 10.0
10.0 10.0 10.0 10.0 10.0 10.0
10.0 10.0 10.0 10.0 10.0 10.0
10.0 10.0 10.0 10.0 10.0 10.0
10.0 10.0 10.0 10.0 10.0 10.0
10.0 10.0 10.0 10.0 10.0 10.0
10.0 10.0 10.0 10.0 10.0 10.0
10.0 10.0 10.0 10.0 10.0 10.0
10.0 10.0 10.0 10.0 10.0 10.0
10.0 10.0 10.0 10.0 10.0 10.0
10.0 10.0 10.0 10.0 10.0 10.0
10.0 10.0 10.0 10.0 10.0 10.0
10.0 10.0 10.0 10.0 10.0 10.0
10.0 10.0 10.0 10.0 10.0 10.0
10.0 10.0 10.0 10.0 10.0 10.0
10.0 10.0 10.0 10.0 10.0 10.0
10.0 10.0 10.0 10.0 10.0 10.0
10.0 10.0 10.0 10.0 10.0 10.0
10.0 10.0 10.0 10.0 10.0 10.0
10.0 10.0 10.0 10.0 10.0 10.0
10.0 10.0 10.0 10.0 10.0 10.0
10.0 10.0 10.0 10.0 10.0 10.0
10.0 10.0 10.0 10.0 10.0 10.0
10.0 10.0 10.0 10.0 10.0 10.0
10.0 10.0 10.0 10.0 10.0 10.0
10.0 10.0 10.0 10.0 10.0 10.0
10.0 10.0 10.0 10.0 10.0 10.0
10.0 10.0 10.0 10.0 10.0 10.0
10.0 10.0 10.0 10.0 10.0 10.0
10.0 10.0 10.0 10.0 10.0 10.0
10.0 10.0 10.0 10.0 10.0 10.0
10.0 10.0 10.0 10.0 10.0 10.0
10.0 10.0 10.0 10.0 10.0 10.0
10.0 10.0 10.0 10.0 10.0 10.0
10.0 10.0 10.0 10.0 10.0 10.0
10.0 10.0 10.0 10.0 10.0 10.0
10.0 10.0 10.0 10.0 10.0 10.0
10.0 10.0 10.0 10.0 10.0 10.0
10.0 10.0 10.0 10.0 10.0 10.0
10.0 10.0 10.0 10.0 10.0 10.0
10.0 10.0 10.0 10.0 10.0 10.0
10.0 10.0 10.0 10.0 10.0 10.0
10.0 10.0 10.0 10.0 10.0 10.0
10.0 10.0 10.0 10.0 10.0 10.0
10.0 10.0 10.0 10.0 10.0 10.0
10.0 10.0 10.0 10.0 10.0 10.0
10.0 10.0 10.0 10.0 10.0 10.0
10.0 10.0 10.0 10.0 10.0 10.0
10.0 10.0 10.0 10.0 10.0 10.0
10.0 10.0 10.0 10.0 10.0 10.0
10.0 10.0 10.0 10.0 10.0 10.0
10.0 10.0 10.0 10.0 10.0 10.0
10.0 10.0 10.0 10.0 10.0 10.0
10.0 10.0 10.0 10.0 10.0 10.0
10.0 10.0 10.0 10.0 10.0 10.0
10.0 10.0 10.0 10.0 10.0 10.0
10.0 10.0 10.0 10.0 10.0 10.0
10.0 10.0 10.0 10.0 10.0 10.0
10.0 10.0 10.0 10.0 10.0 10.0
10.0 10.0 10.0 10.0 10.0 10.0
10.0 10.0 10.0 10.0 10.0 10.0
10.0 10.0 10.0 10.0 10.0 10.0
10.0 10.0 10.0 10.0 10.0 10.0
10.0 10.0 10.0 10.0 10.0 10.0
10.0 10.0 10.0 10.0 10.0 10.0
10.0 10.0 10.0 10.0 10.0 10.0
10.0 10.0 10.0 10.0 10.0 10.0
10.0 10.0 10.0 10.0 10.0 10.0
10.0 10.0 10.0 10.0 10.0 10.0
10.0 10.0 10.0 10.0 10.0 10.0
10.0 10.0 10.0 10.0 10.0 10.0
10.0 10.0 10.0 10.0 10.0 10.0
10.0 10.0 10.0 10.0 10.0 10.0
10.0 10.0 10.0 10.0 10.0 10.0
10.0 10.0 10.0 10.0 10.0 10.0
10.0 10.0 10.0 10.0 10.0 10.0
10.0 10.0 10.0 10.0 10.0 10.0
10.0 10.0 10.0 10.0 10.0 10.0
10.0 10.0 10.0 10.0 10.0 10.0
10.0 10.0 10.0 10.0 10.0 10.0
10.0 10.0 10.0 10.0 10.0 10.0
10.0 10.0 10.0 10.0 10.0 10.0
10.0 10.0 10.0 10.0 10.0 10.0
10.0 10.0 10.0 10.0 10.0 10.0
10.0 10.0 10.0 10.0 10.0 10.0
10.0 10.0 10.0 10.0 10.0 10.0
