nbNodes
27
nbVehi
5
nbServi
6
r
1 1 1 1 1 1
0 0 0 0 1 0
1 0 0 0 0 0
0 0 1 0 0 0
0 1 0 0 0 0
0 0 0 1 0 0
1 0 0 0 0 0
1 0 0 0 0 0
0 0 0 1 0 0
0 1 0 0 0 0
1 0 0 0 0 0
0 0 1 0 0 0
0 0 1 0 0 0
0 0 0 0 1 0
1 0 0 0 0 0
0 0 1 0 0 0
0 0 1 0 0 0
0 1 0 0 0 0
0 0 0 1 0 1
0 0 0 1 0 1
0 0 0 1 0 1
0 0 0 1 1 0
0 0 1 1 0 0
0 1 0 0 1 0
1 0 0 0 1 0
0 0 1 0 1 0
1 1 1 1 1 1
DS
26 25 24 23 22 21 20 19
a
1  1  0  0  0  0
0  0  1  0  0  0
0  0  0  1  1  1
0  0  0  1  1  1
0  0  0  1  0  1
x
8 40 89 6 47 94 34 14 67 30 78 99 56 62 53 79 7 30 97 67 2 58 42 34 36 0 8
y
9 16 48 31 49 9 8 2 20 23 14 12 44 13 34 6 38 26 44 47 41 36 35 38 33 0 9
d
0.0 32.75668 89.89995 22.090721 55.86591 86.0 26.019224 9.219544 60.016663 26.076809 70.178345 91.04944 59.405388 54.147945 51.47815 71.063354 29.017237 27.802877 95.63472 70.178345 32.55764 56.82429 42.80187 38.948685 36.878178 12.0415945 0.0
32.75668 0.0 58.5235 37.161808 33.734257 54.451813 10.0 29.529646 27.294687 12.206555 38.052597 59.135437 32.24903 22.203604 22.203604 40.261642 39.661064 14.142136 63.505905 41.109608 45.486263 26.907248 19.104973 22.803509 17.464249 43.081318 32.75668
89.89995 58.5235 0.0 84.723076 42.0119 39.319206 68.007355 87.982956 35.608986 64.07808 35.735138 37.363083 33.24154 44.20407 38.626415 43.174065 82.607506 62.968246 8.944272 22.022715 87.28116 33.24154 48.76474 55.9017 55.081757 101.118744 89.89995
22.090721 37.161808 84.723076 0.0 44.777225 90.70832 36.23534 30.083218 61.983868 25.298222 73.97973 94.92102 51.662365 58.821766 47.095646 77.16217 7.071068 24.5153 91.92388 63.06346 10.770329 52.23983 36.221542 28.86174 30.066593 31.575306 22.090721
55.86591 33.734257 42.0119 44.777225 0.0 61.7171 43.011627 57.428215 35.22783 31.06445 46.75468 63.82006 10.29563 39.0 16.155495 53.600372 41.484936 28.600698 50.24938 20.09975 45.705578 17.029387 14.866069 17.029387 19.416489 67.89698 55.86591
86.0 54.451813 39.319206 90.70832 61.7171 0.0 60.00833 80.305664 29.15476 65.51336 16.763054 5.8309517 51.662365 32.24903 48.02083 15.297058 91.706055 66.21933 35.128338 46.615448 97.406364 45.0 58.137768 66.64083 62.76942 94.42987 86.0
26.019224 10.0 68.007355 36.23534 43.011627 60.00833 0.0 20.880613 35.1141 15.524175 44.407207 65.12296 42.190044 28.442924 32.202484 45.044422 40.36087 18.439089 72.56032 51.088158 45.96738 36.878178 28.160255 30.0 25.079872 34.928497 26.019224
9.219544 29.529646 87.982956 30.083218 57.428215 80.305664 20.880613 0.0 55.97321 26.400757 65.11528 85.58621 59.39697 49.24429 50.447994 65.12296 36.67424 28.84441 93.0215 69.52697 40.804413 55.605755 43.27817 41.18252 38.013157 14.142136 9.219544
60.016663 27.294687 35.608986 61.983868 35.22783 29.15476 35.1141 55.97321 0.0 37.12142 12.529964 32.984844 26.400757 8.602325 19.79899 18.439089 62.641838 37.48333 38.418747 27.0 68.30813 18.35756 29.15476 37.589893 33.61547 69.92139 60.016663
26.076809 12.206555 64.07808 25.298222 31.06445 65.51336 15.524175 26.400757 37.12142 0.0 48.83646 69.87131 33.42155 33.526108 25.495098 51.86521 27.45906 3.0 70.21396 44.102154 33.286633 30.870699 16.970562 15.524175 11.661903 37.802116 26.076809
70.178345 38.052597 35.735138 73.97973 46.75468 16.763054 44.407207 65.11528 12.529964 48.83646 0.0 21.095022 37.202152 16.03122 32.01562 8.062258 74.94665 49.47727 35.510563 34.785053 80.65358 29.732138 41.677334 50.119858 46.09772 79.24645 70.178345
91.04944 59.135437 37.363083 94.92102 63.82006 5.8309517 65.12296 85.58621 32.984844 69.87131 21.095022 0.0 53.600372 37.01351 50.990196 20.880613 95.60335 70.40597 32.06244 47.423622 101.24229 47.507893 61.46544 70.00714 66.40783 99.724625 91.04944
59.405388 32.24903 33.24154 51.662365 10.29563 51.662365 42.190044 59.39697 26.400757 33.42155 37.202152 53.600372 0.0 31.575306 10.440307 44.418465 49.365982 31.622776 41.0 11.401754 54.08327 8.246211 16.643316 22.803509 22.825424 71.21797 59.405388
54.147945 22.203604 44.20407 58.821766 39.0 32.24903 28.442924 49.24429 8.602325 33.526108 16.03122 37.01351 31.575306 0.0 22.847319 18.384777 60.41523 34.539833 46.75468 34.36568 66.211784 23.345236 29.732138 37.536648 32.80244 63.348244 54.147945
51.47815 22.203604 38.626415 47.095646 16.155495 48.02083 32.202484 50.447994 19.79899 25.495098 32.01562 50.990196 10.440307 22.847319 0.0 38.209946 46.173584 24.351591 45.122055 19.104973 51.47815 5.3851647 11.045361 19.416489 17.029387 62.968246 51.47815
71.063354 40.261642 43.174065 77.16217 53.600372 15.297058 45.044422 65.12296 18.439089 51.86521 8.062258 20.880613 44.418465 18.384777 38.209946 0.0 78.79086 52.924473 42.047592 42.72002 84.58132 36.619667 47.010635 55.21775 50.77401 79.22752 71.063354
29.017237 39.661064 82.607506 7.071068 41.484936 91.706055 40.36087 36.67424 62.641838 27.45906 74.94665 95.60335 49.365982 60.41523 46.173584 78.79086 0.0 25.942244 90.199776 60.671246 5.8309517 51.0392 35.128338 27.0 29.427877 38.63936 29.017237
27.802877 14.142136 62.968246 24.5153 28.600698 66.21933 18.439089 28.84441 37.48333 3.0 49.47727 70.40597 31.622776 34.539833 24.351591 52.924473 25.942244 0.0 69.375786 42.544094 31.764761 29.732138 15.0 12.649111 9.219544 39.698868 27.802877
95.63472 63.505905 8.944272 91.92388 50.24938 35.128338 72.56032 93.0215 38.418747 70.21396 35.510563 32.06244 41.0 46.75468 45.122055 42.047592 90.199776 69.375786 0.0 30.149628 95.047356 39.812057 55.7315 63.28507 61.983868 106.51291 95.63472
70.178345 41.109608 22.022715 63.06346 20.09975 46.615448 51.088158 69.52697 27.0 44.102154 34.785053 47.423622 11.401754 34.36568 19.104973 42.72002 60.671246 42.544094 30.149628 0.0 65.27634 14.21267 27.730848 34.20526 34.0147 81.84131 70.178345
32.55764 45.486263 87.28116 10.770329 45.705578 97.406364 45.96738 40.804413 68.30813 33.286633 80.65358 101.24229 54.08327 66.211784 51.47815 84.58132 5.8309517 31.764761 95.047356 65.27634 0.0 56.22277 40.4475 32.140316 34.928497 41.04875 32.55764
56.82429 26.907248 33.24154 52.23983 17.029387 45.0 36.878178 55.605755 18.35756 30.870699 29.732138 47.507893 8.246211 23.345236 5.3851647 36.619667 51.0392 29.732138 39.812057 14.21267 56.22277 0.0 16.03122 24.083189 22.203604 68.26419 56.82429
42.80187 19.104973 48.76474 36.221542 14.866069 58.137768 28.160255 43.27817 29.15476 16.970562 41.677334 61.46544 16.643316 29.732138 11.045361 47.010635 35.128338 15.0 55.7315 27.730848 40.4475 16.03122 0.0 8.5440035 6.3245554 54.67175 42.80187
38.948685 22.803509 55.9017 28.86174 17.029387 66.64083 30.0 41.18252 37.589893 15.524175 50.119858 70.00714 22.803509 37.536648 19.416489 55.21775 27.0 12.649111 63.28507 34.20526 32.140316 24.083189 8.5440035 0.0 5.3851647 50.990196 38.948685
36.878178 17.464249 55.081757 30.066593 19.416489 62.76942 25.079872 38.013157 33.61547 11.661903 46.09772 66.40783 22.825424 32.80244 17.029387 50.77401 29.427877 9.219544 61.983868 34.0147 34.928497 22.203604 6.3245554 5.3851647 0.0 48.83646 36.878178
12.0415945 43.081318 101.118744 31.575306 67.89698 94.42987 34.928497 14.142136 69.92139 37.802116 79.24645 99.724625 71.21797 63.348244 62.968246 79.22752 38.63936 39.698868 106.51291 81.84131 41.04875 68.26419 54.67175 50.990196 48.83646 0.0 12.0415945
0.0 32.75668 89.89995 22.090721 55.86591 86.0 26.019224 9.219544 60.016663 26.076809 70.178345 91.04944 59.405388 54.147945 51.47815 71.063354 29.017237 27.802877 95.63472 70.178345 32.55764 56.82429 42.80187 38.948685 36.878178 12.0415945 0.0
p
0 0 0 0 0 0
0 0 0 0 0 0
0 0 0 0 0 0
0 0 0 0 0 0
0 0 0 0 0 0
11.0 11.0 11.0 11.0 11.0 11.0
11.0 11.0 11.0 11.0 11.0 11.0
11.0 11.0 11.0 11.0 11.0 11.0
11.0 11.0 11.0 11.0 11.0 11.0
11.0 11.0 11.0 11.0 11.0 11.0
11.0 11.0 11.0 11.0 11.0 11.0
11.0 11.0 11.0 11.0 11.0 11.0
11.0 11.0 11.0 11.0 11.0 11.0
11.0 11.0 11.0 11.0 11.0 11.0
11.0 11.0 11.0 11.0 11.0 11.0
11.0 11.0 11.0 11.0 11.0 11.0
11.0 11.0 11.0 11.0 11.0 11.0
11.0 11.0 11.0 11.0 11.0 11.0
11.0 11.0 11.0 11.0 11.0 11.0
11.0 11.0 11.0 11.0 11.0 11.0
11.0 11.0 11.0 11.0 11.0 11.0
11.0 11.0 11.0 11.0 11.0 11.0
11.0 11.0 11.0 11.0 11.0 11.0
11.0 11.0 11.0 11.0 11.0 11.0
11.0 11.0 11.0 11.0 11.0 11.0
11.0 11.0 11.0 11.0 11.0 11.0
11.0 11.0 11.0 11.0 11.0 11.0
11.0 11.0 11.0 11.0 11.0 11.0
11.0 11.0 11.0 11.0 11.0 11.0
11.0 11.0 11.0 11.0 11.0 11.0
11.0 11.0 11.0 11.0 11.0 11.0
11.0 11.0 11.0 11.0 11.0 11.0
11.0 11.0 11.0 11.0 11.0 11.0
11.0 11.0 11.0 11.0 11.0 11.0
11.0 11.0 11.0 11.0 11.0 11.0
11.0 11.0 11.0 11.0 11.0 11.0
11.0 11.0 11.0 11.0 11.0 11.0
11.0 11.0 11.0 11.0 11.0 11.0
11.0 11.0 11.0 11.0 11.0 11.0
11.0 11.0 11.0 11.0 11.0 11.0
11.0 11.0 11.0 11.0 11.0 11.0
11.0 11.0 11.0 11.0 11.0 11.0
11.0 11.0 11.0 11.0 11.0 11.0
11.0 11.0 11.0 11.0 11.0 11.0
11.0 11.0 11.0 11.0 11.0 11.0
11.0 11.0 11.0 11.0 11.0 11.0
11.0 11.0 11.0 11.0 11.0 11.0
11.0 11.0 11.0 11.0 11.0 11.0
11.0 11.0 11.0 11.0 11.0 11.0
11.0 11.0 11.0 11.0 11.0 11.0
11.0 11.0 11.0 11.0 11.0 11.0
11.0 11.0 11.0 11.0 11.0 11.0
11.0 11.0 11.0 11.0 11.0 11.0
11.0 11.0 11.0 11.0 11.0 11.0
11.0 11.0 11.0 11.0 11.0 11.0
11.0 11.0 11.0 11.0 11.0 11.0
11.0 11.0 11.0 11.0 11.0 11.0
11.0 11.0 11.0 11.0 11.0 11.0
11.0 11.0 11.0 11.0 11.0 11.0
11.0 11.0 11.0 11.0 11.0 11.0
11.0 11.0 11.0 11.0 11.0 11.0
11.0 11.0 11.0 11.0 11.0 11.0
11.0 11.0 11.0 11.0 11.0 11.0
11.0 11.0 11.0 11.0 11.0 11.0
11.0 11.0 11.0 11.0 11.0 11.0
11.0 11.0 11.0 11.0 11.0 11.0
11.0 11.0 11.0 11.0 11.0 11.0
11.0 11.0 11.0 11.0 11.0 11.0
11.0 11.0 11.0 11.0 11.0 11.0
11.0 11.0 11.0 11.0 11.0 11.0
11.0 11.0 11.0 11.0 11.0 11.0
11.0 11.0 11.0 11.0 11.0 11.0
11.0 11.0 11.0 11.0 11.0 11.0
11.0 11.0 11.0 11.0 11.0 11.0
11.0 11.0 11.0 11.0 11.0 11.0
11.0 11.0 11.0 11.0 11.0 11.0
11.0 11.0 11.0 11.0 11.0 11.0
11.0 11.0 11.0 11.0 11.0 11.0
11.0 11.0 11.0 11.0 11.0 11.0
11.0 11.0 11.0 11.0 11.0 11.0
11.0 11.0 11.0 11.0 11.0 11.0
11.0 11.0 11.0 11.0 11.0 11.0
11.0 11.0 11.0 11.0 11.0 11.0
11.0 11.0 11.0 11.0 11.0 11.0
11.0 11.0 11.0 11.0 11.0 11.0
11.0 11.0 11.0 11.0 11.0 11.0
11.0 11.0 11.0 11.0 11.0 11.0
11.0 11.0 11.0 11.0 11.0 11.0
11.0 11.0 11.0 11.0 11.0 11.0
11.0 11.0 11.0 11.0 11.0 11.0
11.0 11.0 11.0 11.0 11.0 11.0
11.0 11.0 11.0 11.0 11.0 11.0
11.0 11.0 11.0 11.0 11.0 11.0
11.0 11.0 11.0 11.0 11.0 11.0
11.0 11.0 11.0 11.0 11.0 11.0
11.0 11.0 11.0 11.0 11.0 11.0
11.0 11.0 11.0 11.0 11.0 11.0
11.0 11.0 11.0 11.0 11.0 11.0
11.0 11.0 11.0 11.0 11.0 11.0
11.0 11.0 11.0 11.0 11.0 11.0
11.0 11.0 11.0 11.0 11.0 11.0
11.0 11.0 11.0 11.0 11.0 11.0
11.0 11.0 11.0 11.0 11.0 11.0
11.0 11.0 11.0 11.0 11.0 11.0
11.0 11.0 11.0 11.0 11.0 11.0
11.0 11.0 11.0 11.0 11.0 11.0
11.0 11.0 11.0 11.0 11.0 11.0
11.0 11.0 11.0 11.0 11.0 11.0
11.0 11.0 11.0 11.0 11.0 11.0
11.0 11.0 11.0 11.0 11.0 11.0
11.0 11.0 11.0 11.0 11.0 11.0
11.0 11.0 11.0 11.0 11.0 11.0
11.0 11.0 11.0 11.0 11.0 11.0
11.0 11.0 11.0 11.0 11.0 11.0
11.0 11.0 11.0 11.0 11.0 11.0
11.0 11.0 11.0 11.0 11.0 11.0
11.0 11.0 11.0 11.0 11.0 11.0
11.0 11.0 11.0 11.0 11.0 11.0
11.0 11.0 11.0 11.0 11.0 11.0
11.0 11.0 11.0 11.0 11.0 11.0
11.0 11.0 11.0 11.0 11.0 11.0
11.0 11.0 11.0 11.0 11.0 11.0
11.0 11.0 11.0 11.0 11.0 11.0
11.0 11.0 11.0 11.0 11.0 11.0
11.0 11.0 11.0 11.0 11.0 11.0
11.0 11.0 11.0 11.0 11.0 11.0
11.0 11.0 11.0 11.0 11.0 11.0
11.0 11.0 11.0 11.0 11.0 11.0
11.0 11.0 11.0 11.0 11.0 11.0
11.0 11.0 11.0 11.0 11.0 11.0
0 0 0 0 0 0
0 0 0 0 0 0
0 0 0 0 0 0
0 0 0 0 0 0
0 0 0 0 0 0
mind
16 13 12 35 24 27 34 41 36 49 50 46 14 36 24 39 40 41 0 0 0 0 24 17 51 60 14
maxd
32 26 24 70 48 54 68 82 72 98 100 92 28 72 48 78 80 82 0 0 0 0 48 34 102 120 28
e
0  28 252 200 427 309 390 366 39 7 348 14 446 154 54 434 416 187 399 290 431 438 207 359 442 256 0
l
600  148 372 320 547 429 510 486 159 127 468 134 566 274 174 554 536 307 519 410 551 558 327 479 562 376 1000
