nbNodes
52
nbVehi
10
nbServi
6
r
1 1 1 1 1 1
0 0 1 0 0 0
0 0 1 0 0 0
1 0 0 0 0 0
0 1 0 0 0 0
1 0 0 0 0 0
1 0 0 0 0 0
0 0 0 1 0 0
0 0 0 0 1 0
0 1 0 0 0 0
0 1 0 0 0 0
0 0 0 1 0 0
0 0 0 0 1 0
0 0 0 0 0 1
0 0 0 0 1 0
0 0 0 1 0 0
0 0 0 0 1 0
1 0 0 0 0 0
0 0 0 1 0 0
0 0 0 0 1 0
0 1 0 0 0 0
0 1 0 0 0 0
1 0 0 0 0 0
0 1 0 0 0 0
0 0 0 0 0 1
0 0 0 0 1 0
0 1 0 0 0 0
0 0 0 0 0 1
0 0 0 0 0 1
0 0 1 0 0 0
0 0 0 0 0 1
0 0 1 0 0 0
0 0 0 0 0 1
1 0 0 0 0 0
1 0 0 0 0 0
0 0 1 0 0 0
0 0 0 0 1 1
0 0 0 0 1 1
0 0 0 0 1 1
0 0 0 1 0 1
0 0 0 1 1 0
0 0 0 1 1 0
0 0 0 1 1 0
1 0 0 0 0 1
0 1 0 0 1 0
0 0 1 0 1 0
1 0 0 0 1 0
1 0 0 0 0 1
0 0 1 0 0 1
0 0 1 0 1 0
1 0 0 0 1 0
1 1 1 1 1 1
DS
51 50 49 48 47 46 45 44 43 42 41 40 39 38 37
a
1  1  1  0  0  0
1  0  1  0  0  0
0  1  0  0  0  0
0  0  0  1  1  1
0  0  0  1  0  1
0  0  0  0  1  0
0  0  0  1  1  1
0  0  0  0  1  1
0  0  0  1  1  1
0  0  0  1  1  0
x
34 10 28 49 59 85 77 81 76 86 11 85 78 57 46 38 22 92 61 53 57 32 70 28 24 39 57 29 7 30 26 75 71 95 50 65 46 30 3 20 99 44 26 98 92 80 9 79 14 27 0 34
y
49 46 46 29 43 11 1 3 23 31 43 18 46 10 39 47 48 36 27 33 36 16 23 6 5 12 46 26 49 32 28 34 49 36 38 16 38 34 24 32 47 43 28 36 39 13 1 47 29 17 0 49
d
0.0 24.186773 6.708204 25.0 25.70992 63.600315 64.44377 65.76473 49.396355 55.027267 23.769728 59.682495 44.102154 45.276924 15.6205 4.472136 12.0415945 59.439045 34.828148 24.839485 26.41969 33.06055 44.407207 43.416588 45.122055 37.336308 23.194826 23.537205 27.0 17.464249 22.472204 43.65776 37.0 62.369865 19.416489 45.276924 16.27882 15.524175 39.824615 22.022715 65.03076 11.661903 22.472204 65.30697 58.855755 58.412327 54.120235 45.044422 28.284271 32.75668 59.64059 0.0
24.186773 0.0 18.0 42.544094 49.09175 82.764725 80.70936 83.00603 69.89278 77.46612 3.1622777 80.05623 68.0 59.20304 36.67424 28.01785 12.165525 82.607506 54.42426 44.922153 48.052055 37.202152 64.25729 43.863426 43.32436 44.687805 47.0 27.58623 4.2426405 24.41311 24.083189 66.09841 61.073727 85.58621 40.792156 62.649822 36.878178 23.323807 23.086792 17.20465 89.005615 34.132095 24.083189 88.56636 82.29824 77.388626 45.01111 69.00725 17.464249 33.61547 47.07441 24.186773
6.708204 18.0 0.0 27.018513 31.144823 66.88796 66.52819 68.24954 53.225933 59.908264 17.262676 63.505905 50.0 46.227695 19.313208 10.049875 6.3245554 64.77654 38.078865 28.178005 30.675724 30.265491 47.88528 40.0 41.19466 35.735138 29.0 20.024984 21.213203 14.142136 18.110771 48.507732 43.104523 67.74216 23.409399 47.63402 19.697716 12.165525 33.30165 16.124516 71.00704 16.27882 18.110771 70.71068 64.381676 61.587337 48.8467 51.009804 22.022715 29.017237 53.851646 6.708204
25.0 42.544094 27.018513 0.0 17.20465 40.24922 39.59798 41.231056 27.658634 37.054016 40.496914 37.64306 33.61547 20.615528 10.440307 21.095022 33.01515 43.56604 12.165525 5.656854 10.630146 21.400934 21.84033 31.144823 34.655445 19.723083 18.788294 20.22375 46.518814 19.235384 23.021729 26.476404 29.732138 46.52956 9.055386 20.615528 9.486833 19.646883 46.270943 29.15476 53.14132 14.866069 23.021729 49.497475 44.14748 34.88553 48.82622 34.98571 35.0 25.059929 56.938564 25.0
25.70992 49.09175 31.144823 17.20465 0.0 41.231056 45.694637 45.65085 26.24881 29.546574 48.0 36.069378 19.235384 33.06055 13.601471 21.377558 37.336308 33.734257 16.124516 11.661903 7.28011 38.183765 22.825424 48.270073 51.662365 36.891735 3.6055512 34.48188 52.34501 31.016125 36.249138 18.35756 13.416408 36.67424 10.29563 27.658634 13.928389 30.364452 59.135437 40.5216 40.1995 15.0 36.249138 39.623226 33.24154 36.619667 65.29931 20.396078 47.127487 41.231056 73.00685 25.70992
63.600315 82.764725 66.88796 40.24922 41.231056 0.0 12.806249 8.944272 15.0 20.024984 80.622574 7.0 35.69314 28.01785 48.010414 59.20304 73.061615 25.96151 28.84441 38.832977 37.536648 53.235325 19.209373 57.21888 61.294373 46.010868 44.82187 57.974133 86.764046 58.872746 61.400326 25.079872 40.496914 26.925823 44.20407 20.615528 47.434166 59.615433 83.02409 68.30813 38.626415 52.009613 61.400326 28.178005 28.86174 5.3851647 76.655075 36.496574 73.24616 58.30952 85.70881 63.600315
64.44377 80.70936 66.52819 39.59798 45.694637 12.806249 0.0 4.472136 22.022715 31.320919 78.23043 18.788294 45.01111 21.931713 49.0408 60.307545 72.34639 38.078865 30.528675 40.0 40.311287 47.434166 23.086792 49.25444 53.15073 39.56008 49.24429 54.120235 84.87638 56.302753 57.706154 33.06055 48.373547 39.357338 45.80393 19.209373 48.270073 57.428215 77.491936 64.884514 50.990196 53.413483 57.706154 40.81666 40.853397 12.369317 68.0 46.043457 68.942 52.49762 77.00649 64.44377
65.76473 83.00603 68.24954 41.231056 45.65085 8.944272 4.472136 0.0 20.615528 28.442924 80.622574 15.524175 43.104523 25.0 50.20956 61.522354 74.20242 34.785053 31.241 41.036568 40.804413 50.695168 22.825424 53.08484 57.035076 42.953465 49.24429 56.859474 87.13208 58.66856 60.41523 31.575306 47.07441 35.846897 46.75468 20.615528 49.497475 59.682495 80.77747 67.54258 47.539455 54.48853 60.41523 37.12142 37.64306 10.049875 72.02777 44.04543 71.867935 55.7853 81.055534 65.76473
49.396355 69.89278 53.225933 27.658634 26.24881 15.0 22.022715 20.615528 0.0 12.806249 68.007355 10.29563 23.086792 23.021729 34.0 44.94441 59.5063 20.615528 15.524175 25.079872 23.021729 44.553337 6.0 50.92151 55.027267 38.600517 29.832869 47.095646 73.736015 46.872166 50.24938 11.045361 26.476404 23.021729 30.016663 13.038404 33.54102 47.296936 73.00685 56.718605 33.24154 37.735924 50.24938 25.553865 22.627417 10.770329 70.5195 24.186773 62.289646 49.365982 79.40403 49.396355
55.027267 77.46612 59.908264 37.054016 29.546574 20.024984 31.320919 28.442924 12.806249 0.0 75.95393 13.038404 17.0 35.805027 40.792156 50.596443 66.21933 7.81025 25.317978 33.06055 29.427877 56.044624 17.888544 63.15853 67.23094 50.695168 32.649654 57.21888 81.02469 56.008926 60.074955 11.401754 23.43075 10.29563 36.67424 25.806976 40.60788 56.0803 83.294655 66.007576 20.615528 43.68066 60.074955 13.0 10.0 18.973665 82.637764 17.464249 72.02777 60.63827 91.416626 55.027267
23.769728 3.1622777 17.262676 40.496914 48.0 80.622574 78.23043 80.622574 68.007355 75.95393 0.0 78.1089 67.06713 56.61272 35.22783 27.294687 12.083046 81.3019 52.49762 43.174065 46.52956 34.20526 62.297672 40.718548 40.16217 41.773197 46.09772 24.758837 7.2111025 21.954498 21.213203 64.629715 60.299255 84.29116 39.319206 60.373837 35.35534 21.023796 20.615528 14.21267 88.09086 33.0 21.213203 87.28116 81.09871 75.23962 42.047592 68.117546 14.3178215 30.528675 44.38468 23.769728
59.682495 80.05623 63.505905 37.64306 36.069378 7.0 18.788294 15.524175 10.29563 13.038404 78.1089 0.0 28.86174 29.12044 44.294468 55.226807 69.77822 19.313208 25.632011 35.341194 33.286633 53.037724 15.811388 58.249462 62.369865 46.389652 39.59798 56.568542 83.9345 56.753853 59.841457 18.867962 34.0147 20.59126 40.311287 20.09975 43.829212 57.280014 82.219215 66.4906 32.202484 48.02083 59.841457 22.203604 22.135944 7.071068 77.87811 29.614185 71.84706 58.00862 86.88498 59.682495
44.102154 68.0 50.0 33.61547 19.235384 35.69314 45.01111 43.104523 23.086792 17.0 67.06713 28.86174 0.0 41.677334 32.75668 40.012497 56.0357 17.20465 25.495098 28.178005 23.259407 54.91812 24.351591 64.03124 67.80118 51.739735 21.0 52.924473 71.063354 50.0 55.027267 12.369317 7.615773 19.723083 29.12044 32.695564 32.984844 49.47727 78.160095 59.665737 21.023796 34.132095 55.027267 22.36068 15.652476 33.06055 82.37718 1.4142135 66.21933 58.66856 90.55385 44.102154
45.276924 59.20304 46.227695 20.615528 33.06055 28.01785 21.931713 25.0 23.021729 35.805027 56.61272 29.12044 41.677334 0.0 31.016125 41.59327 51.662365 43.60046 17.464249 23.345236 26.0 25.70992 18.384777 29.274563 33.37664 18.110771 36.0 32.24903 63.411354 34.828148 35.846897 30.0 41.4367 46.043457 28.86174 10.0 30.083218 36.124783 55.7853 43.046486 55.97321 35.468296 35.846897 48.548943 45.453274 23.194826 48.83646 43.046486 47.010635 30.805843 57.870544 45.276924
15.6205 36.67424 19.313208 10.440307 13.601471 48.010414 49.0408 50.20956 34.0 40.792156 35.22783 44.294468 32.75668 31.016125 0.0 11.313708 25.632011 46.09772 19.209373 9.219544 11.401754 26.925823 28.84441 37.589893 40.496914 27.89265 13.038404 21.400934 40.261642 17.464249 22.825424 29.427877 26.925823 49.09175 4.1231055 29.832869 1.0 16.763054 45.54119 26.925823 53.600372 4.472136 22.825424 52.086468 46.0 42.80187 53.037724 33.955853 33.526108 29.068884 60.307545 15.6205
4.472136 28.01785 10.049875 21.095022 21.377558 59.20304 60.307545 61.522354 44.94441 50.596443 27.294687 55.226807 40.012497 41.59327 11.313708 0.0 16.03122 55.108982 30.479502 20.518284 21.954498 31.575306 40.0 42.201897 44.27189 35.014282 19.026299 22.847319 31.06445 17.0 22.472204 39.217342 33.06055 58.0517 15.0 41.109608 12.0415945 15.264338 41.880783 23.43075 61.0 7.2111025 22.472204 61.0 54.589375 54.037025 54.378304 41.0 30.0 31.95309 60.440052 4.472136
12.0415945 12.165525 6.3245554 33.01515 37.336308 73.061615 72.34639 74.20242 59.5063 66.21933 12.083046 69.77822 56.0357 51.662365 25.632011 16.03122 0.0 71.021126 44.294468 34.43835 37.0 33.526108 54.120235 42.426407 43.046486 39.812057 35.057095 23.086792 15.033297 17.888544 20.396078 54.81788 49.010204 73.97973 29.732138 53.600372 26.0 16.124516 30.610456 16.124516 77.00649 22.561028 20.396078 76.941536 70.5762 67.74216 48.76474 57.00877 20.615528 31.400637 52.801514 12.0415945
59.439045 82.607506 64.77654 43.56604 33.734257 25.96151 38.078865 34.785053 20.615528 7.81025 81.3019 19.313208 17.20465 43.60046 46.09772 55.108982 71.021126 0.0 32.280025 39.115215 35.0 63.245552 25.553865 70.68239 74.73286 58.18075 36.40055 63.788715 85.98837 62.1289 66.48308 17.117243 24.698177 3.0 42.047592 33.600594 46.043457 62.03225 89.80534 72.11102 13.038404 48.507732 66.48308 6.0 3.0 25.942244 90.07774 17.029387 78.31347 67.72001 98.79271 59.439045
34.828148 54.42426 38.078865 12.165525 16.124516 28.84441 30.528675 31.241 15.524175 25.317978 52.49762 25.632011 25.495098 17.464249 19.209373 30.479502 44.294468 32.280025 0.0 10.0 9.848858 31.016125 9.848858 39.115215 43.046486 26.627054 19.416489 32.01562 58.30952 31.400637 35.014282 15.652476 24.166092 35.17101 15.556349 11.7046995 18.601076 31.780497 58.077534 41.303753 42.941822 23.345236 35.014282 38.078865 33.24154 23.600847 58.137768 26.907248 47.042534 35.44009 66.70832 34.828148
24.839485 44.922153 28.178005 5.656854 11.661903 38.832977 40.0 41.036568 25.079872 33.06055 43.174065 35.341194 28.178005 23.345236 9.219544 20.518284 34.43835 39.115215 10.0 0.0 5.0 27.018513 19.723083 36.796738 40.311287 25.23886 13.601471 25.0 48.703182 23.021729 27.45906 22.022715 24.083189 42.107006 5.8309517 20.808653 8.602325 23.021729 50.803543 33.01515 48.08326 13.453624 27.45906 45.099888 39.45884 33.600594 54.405884 29.529646 39.20459 30.528675 62.433964 24.839485
26.41969 48.052055 30.675724 10.630146 7.28011 37.536648 40.311287 40.804413 23.021729 29.427877 46.52956 33.286633 23.259407 26.0 11.401754 21.954498 37.0 35.0 9.848858 5.0 0.0 32.01562 18.384777 41.725292 45.276924 30.0 10.0 29.732138 51.662365 27.294687 32.01562 18.110771 19.104973 38.0 7.28011 21.540659 11.18034 27.073973 55.31727 37.215588 43.416588 14.764823 32.01562 41.0 35.128338 32.526913 59.405388 24.596748 43.56604 35.510563 67.41662 26.41969
33.06055 37.202152 30.265491 21.400934 38.183765 53.235325 47.434166 50.695168 44.553337 56.044624 34.20526 53.037724 54.91812 25.70992 26.925823 31.575306 33.526108 63.245552 31.016125 27.018513 32.01562 0.0 38.63936 10.770329 13.601471 8.062258 39.051247 10.440307 41.400482 16.124516 13.416408 46.615448 51.088158 66.09841 28.42534 33.0 26.076809 18.110771 30.083218 20.0 73.82411 29.546574 13.416408 68.96376 64.25729 48.09366 27.45906 56.302753 22.203604 5.0990195 35.77709 33.06055
44.407207 64.25729 47.88528 21.84033 22.825424 19.209373 23.086792 22.825424 6.0 17.888544 62.297672 15.811388 24.351591 18.384777 28.84441 40.0 54.120235 25.553865 9.848858 19.723083 18.384777 38.63936 0.0 45.310043 49.396355 32.89377 26.41969 41.109608 68.154236 41.0 44.28318 12.083046 26.019224 28.178005 25.0 8.602325 28.301943 41.484936 67.00746 50.803543 37.64306 32.80244 44.28318 30.870699 27.202942 14.142136 64.84597 25.632011 56.32051 43.416588 73.68175 44.407207
43.416588 43.863426 40.0 31.144823 48.270073 57.21888 49.25444 53.08484 50.92151 63.15853 40.718548 58.249462 64.03124 29.274563 37.589893 42.201897 42.426407 70.68239 39.115215 36.796738 41.725292 10.770329 45.310043 0.0 4.1231055 12.529964 49.40648 20.024984 47.853943 26.076809 22.090721 54.708317 60.811184 73.409805 38.832977 38.327538 36.71512 28.071337 30.805843 27.202942 81.9878 40.311287 22.090721 76.15773 72.00694 52.46904 19.646883 65.43699 26.925823 11.045361 28.635643 43.416588
45.122055 43.32436 41.19466 34.655445 51.662365 61.294373 53.15073 57.035076 55.027267 67.23094 40.16217 62.369865 67.80118 33.37664 40.496914 44.27189 43.046486 74.73286 43.046486 40.311287 45.276924 13.601471 49.396355 4.1231055 0.0 16.552946 52.63079 21.587032 47.169907 27.658634 23.086792 58.66856 64.381676 77.47257 42.0119 42.44997 39.661064 29.614185 28.319605 27.294687 85.95929 42.941822 23.086792 80.23092 76.02631 56.568542 15.524175 69.2026 26.0 12.369317 24.5153 45.122055
37.336308 44.687805 35.735138 19.723083 36.891735 46.010868 39.56008 42.953465 38.600517 50.695168 41.773197 46.389652 51.739735 18.110771 27.89265 35.014282 39.812057 58.18075 26.627054 25.23886 30.0 8.062258 32.89377 12.529964 16.552946 0.0 38.470768 17.20465 48.9183 21.931713 20.615528 42.190044 48.9183 60.926186 28.231188 26.305893 26.925823 23.769728 37.94733 27.58623 69.46222 31.400637 20.615528 63.694584 59.48109 41.01219 31.95309 53.15073 30.232433 13.0 40.804413 37.336308
23.194826 47.0 29.0 18.788294 3.6055512 44.82187 49.24429 49.24429 29.832869 32.649654 46.09772 39.59798 21.0 36.0 13.038404 19.026299 35.057095 36.40055 19.416489 13.601471 10.0 39.051247 26.41969 49.40648 52.63079 38.470768 0.0 34.4093 50.08992 30.413813 35.846897 21.633308 14.3178215 39.293766 10.630146 31.04835 13.601471 29.546574 58.30952 39.56008 42.0119 13.341664 35.846897 42.201897 35.69314 40.22437 65.795135 22.022715 46.238514 41.725292 73.24616 23.194826
23.537205 27.58623 20.024984 20.22375 34.48188 57.974133 54.120235 56.859474 47.095646 57.21888 24.758837 56.568542 52.924473 32.24903 21.400934 22.847319 23.086792 63.788715 32.01562 25.0 29.732138 10.440307 41.109608 20.024984 21.587032 17.20465 34.4093 0.0 31.827662 6.0827627 3.6055512 46.69047 47.88528 66.75328 24.186773 37.363083 20.808653 8.062258 26.076809 10.816654 73.082146 22.671568 3.6055512 69.72087 64.327286 52.63079 32.01562 54.230988 15.297058 9.219544 38.948685 23.537205
27.0 4.2426405 21.213203 46.518814 52.34501 86.764046 84.87638 87.13208 73.736015 81.02469 7.2111025 83.9345 71.063354 63.411354 40.261642 31.06445 15.033297 85.98837 58.30952 48.703182 51.662365 41.400482 68.154236 47.853943 47.169907 48.9183 50.08992 31.827662 0.0 28.600698 28.319605 69.63476 64.0 88.95505 44.38468 66.730804 40.5216 27.45906 25.317978 21.400934 92.021736 37.48333 28.319605 91.92388 85.58621 81.394104 48.04165 72.02777 21.189621 37.735924 49.497475 27.0
17.464249 24.41311 14.142136 19.235384 31.016125 58.872746 56.302753 58.66856 46.872166 56.008926 21.954498 56.753853 50.0 34.828148 17.464249 17.0 17.888544 62.1289 31.400637 23.021729 27.294687 16.124516 41.0 26.076809 27.658634 21.931713 30.413813 6.0827627 28.600698 0.0 5.656854 45.044422 44.38468 65.12296 20.880613 38.483765 17.088007 2.0 28.160255 10.0 70.61161 17.804493 5.656854 68.117546 62.39391 53.488316 37.44329 51.24451 16.27882 15.297058 43.863426 17.464249
22.472204 24.083189 18.110771 23.021729 36.249138 61.400326 57.706154 60.41523 50.24938 60.074955 21.213203 59.841457 55.027267 35.846897 22.825424 22.472204 20.396078 66.48308 35.014282 27.45906 32.01562 13.416408 44.28318 22.090721 23.086792 20.615528 35.846897 3.6055512 28.319605 5.656854 0.0 49.365982 49.658836 69.46222 26.0 40.804413 22.36068 7.2111025 23.345236 7.2111025 75.43209 23.43075 0.0 72.443085 66.910385 56.044624 31.906113 56.302753 12.0415945 11.045361 38.209946 22.472204
43.65776 66.09841 48.507732 26.476404 18.35756 25.079872 33.06055 31.575306 11.045361 11.401754 64.629715 18.867962 12.369317 30.0 29.427877 39.217342 54.81788 17.117243 15.652476 22.022715 18.110771 46.615448 12.083046 54.708317 58.66856 42.190044 21.633308 46.69047 69.63476 45.044422 49.365982 0.0 15.524175 20.09975 25.317978 20.59126 29.274563 45.0 72.691124 55.03635 27.294687 32.280025 49.365982 23.086792 17.720045 21.587032 73.790245 13.601471 61.204575 50.92151 82.346825 43.65776
37.0 61.073727 43.104523 29.732138 13.416408 40.496914 48.373547 47.07441 26.476404 23.43075 60.299255 34.0147 7.615773 41.4367 26.925823 33.06055 49.010204 24.698177 24.166092 24.083189 19.104973 51.088158 26.019224 60.811184 64.381676 48.9183 14.3178215 47.88528 64.0 44.38468 49.658836 15.524175 0.0 27.294687 23.70654 33.54102 27.313 43.65776 72.44998 53.75872 28.071337 27.658634 49.658836 29.966648 23.259407 37.107952 78.40918 8.246211 60.40695 54.405884 86.26703 37.0
62.369865 85.58621 67.74216 46.52956 36.67424 26.925823 39.357338 35.846897 23.021729 10.29563 84.29116 20.59126 19.723083 46.043457 49.09175 58.0517 73.97973 3.0 35.17101 42.107006 38.0 66.09841 28.178005 73.409805 77.47257 60.926186 39.293766 66.75328 88.95505 65.12296 69.46222 20.09975 27.294687 0.0 45.044422 36.05551 49.0408 65.03076 92.779305 75.10659 11.7046995 51.47815 69.46222 3.0 4.2426405 27.45906 92.84934 19.416489 81.3019 70.60453 101.59232 62.369865
19.416489 40.792156 23.409399 9.055386 10.29563 44.20407 45.80393 46.75468 30.016663 36.67424 39.319206 40.311287 29.12044 28.86174 4.1231055 15.0 29.732138 42.047592 15.556349 5.8309517 7.28011 28.42534 25.0 38.832977 42.0119 28.231188 10.630146 24.186773 44.38468 20.880613 26.0 25.317978 23.70654 45.044422 0.0 26.627054 4.0 20.396078 49.0408 30.594116 49.819675 7.81025 26.0 48.04165 42.0119 39.051247 55.226807 30.364452 37.107952 31.144823 62.801273 19.416489
45.276924 62.649822 47.63402 20.615528 27.658634 20.615528 19.209373 20.615528 13.038404 25.806976 60.373837 20.09975 32.695564 10.0 29.832869 41.109608 53.600372 33.600594 11.7046995 20.808653 21.540659 33.0 8.602325 38.327538 42.44997 26.305893 31.04835 37.363083 66.730804 38.483765 40.804413 20.59126 33.54102 36.05551 26.627054 0.0 29.068884 39.357338 62.514 47.759815 46.010868 34.20526 40.804413 38.587563 35.468296 15.297058 57.974133 34.0147 52.63079 38.013157 66.94027 45.276924
16.27882 36.878178 19.697716 9.486833 13.928389 47.434166 48.270073 49.497475 33.54102 40.60788 35.35534 43.829212 32.984844 30.083218 1.0 12.0415945 26.0 46.043457 18.601076 8.602325 11.18034 26.076809 28.301943 36.71512 39.661064 26.925823 13.601471 20.808653 40.5216 17.088007 22.36068 29.274563 27.313 49.0408 4.0 29.068884 0.0 16.492422 45.221676 26.683329 53.75872 5.3851647 22.36068 52.03845 46.010868 42.201897 52.3259 34.20526 33.24154 28.319605 59.665737 16.27882
15.524175 23.323807 12.165525 19.646883 30.364452 59.615433 57.428215 59.682495 47.296936 56.0803 21.023796 57.280014 49.47727 36.124783 16.763054 15.264338 16.124516 62.03225 31.780497 23.021729 27.073973 18.110771 41.484936 28.071337 29.614185 23.769728 29.546574 8.062258 27.45906 2.0 7.2111025 45.0 43.65776 65.03076 20.396078 39.357338 16.492422 0.0 28.79236 10.198039 70.21396 16.643316 7.2111025 68.0294 62.201286 54.230988 39.115215 50.695168 16.763054 17.262676 45.343136 15.524175
39.824615 23.086792 33.30165 46.270943 59.135437 83.02409 77.491936 80.77747 73.00685 83.294655 20.615528 82.219215 78.160095 55.7853 45.54119 41.880783 30.610456 89.80534 58.077534 50.803543 55.31727 30.083218 67.00746 30.805843 28.319605 37.94733 58.30952 26.076809 25.317978 28.160255 23.345236 72.691124 72.44998 92.779305 49.0408 62.514 45.221676 28.79236 0.0 18.788294 98.71677 45.188496 23.345236 95.7549 90.255196 77.781746 23.769728 79.40403 12.083046 25.0 24.186773 39.824615
22.022715 17.20465 16.124516 29.15476 40.5216 68.30813 64.884514 67.54258 56.718605 66.007576 14.21267 66.4906 59.665737 43.046486 26.925823 23.43075 16.124516 72.11102 41.303753 33.01515 37.215588 20.0 50.803543 27.202942 27.294687 27.58623 39.56008 10.816654 21.400934 10.0 7.2111025 55.03635 53.75872 75.10659 30.594116 47.759815 26.683329 10.198039 18.788294 0.0 80.411446 26.400757 7.2111025 78.10249 72.33948 62.936478 32.89377 60.876926 6.708204 16.552946 37.735924 22.022715
65.03076 89.005615 71.00704 53.14132 40.1995 38.626415 50.990196 47.539455 33.24154 20.615528 88.09086 32.202484 21.023796 55.97321 53.600372 61.0 77.00649 13.038404 42.941822 48.08326 43.416588 73.82411 37.64306 81.9878 85.95929 69.46222 42.0119 73.082146 92.021736 70.61161 75.43209 27.294687 28.071337 11.7046995 49.819675 46.010868 53.75872 70.21396 98.71677 80.411446 0.0 55.145264 75.43209 11.045361 10.630146 38.948685 101.07423 20.0 86.88498 78.0 109.59015 65.03076
11.661903 34.132095 16.27882 14.866069 15.0 52.009613 53.413483 54.48853 37.735924 43.68066 33.0 48.02083 34.132095 35.468296 4.472136 7.2111025 22.561028 48.507732 23.345236 13.453624 14.764823 29.546574 32.80244 40.311287 42.941822 31.400637 13.341664 22.671568 37.48333 17.804493 23.43075 32.280025 27.658634 51.47815 7.81025 34.20526 5.3851647 16.643316 45.188496 26.400757 55.145264 0.0 23.43075 54.451813 48.166378 46.8615 54.67175 35.22783 33.105892 31.06445 61.522354 11.661903
22.472204 24.083189 18.110771 23.021729 36.249138 61.400326 57.706154 60.41523 50.24938 60.074955 21.213203 59.841457 55.027267 35.846897 22.825424 22.472204 20.396078 66.48308 35.014282 27.45906 32.01562 13.416408 44.28318 22.090721 23.086792 20.615528 35.846897 3.6055512 28.319605 5.656854 0.0 49.365982 49.658836 69.46222 26.0 40.804413 22.36068 7.2111025 23.345236 7.2111025 75.43209 23.43075 0.0 72.443085 66.910385 56.044624 31.906113 56.302753 12.0415945 11.045361 38.209946 22.472204
65.30697 88.56636 70.71068 49.497475 39.623226 28.178005 40.81666 37.12142 25.553865 13.0 87.28116 22.203604 22.36068 48.548943 52.086468 61.0 76.941536 6.0 38.078865 45.099888 41.0 68.96376 30.870699 76.15773 80.23092 63.694584 42.201897 69.72087 91.92388 68.117546 72.443085 23.086792 29.966648 3.0 48.04165 38.587563 52.03845 68.0294 95.7549 78.10249 11.045361 54.451813 72.443085 0.0 6.708204 29.206163 95.63472 21.954498 84.29116 73.4983 104.40307 65.30697
58.855755 82.29824 64.381676 44.14748 33.24154 28.86174 40.853397 37.64306 22.627417 10.0 81.09871 22.135944 15.652476 45.453274 46.0 54.589375 70.5762 3.0 33.24154 39.45884 35.128338 64.25729 27.202942 72.00694 76.02631 59.48109 35.69314 64.327286 85.58621 62.39391 66.910385 17.720045 23.259407 4.2426405 42.0119 35.468296 46.010868 62.201286 90.255196 72.33948 10.630146 48.166378 66.910385 6.708204 0.0 28.635643 91.28527 15.264338 78.63841 68.622154 99.92497 58.855755
58.412327 77.388626 61.587337 34.88553 36.619667 5.3851647 12.369317 10.049875 10.770329 18.973665 75.23962 7.071068 33.06055 23.194826 42.80187 54.037025 67.74216 25.942244 23.600847 33.600594 32.526913 48.09366 14.142136 52.46904 56.568542 41.01219 40.22437 52.63079 81.394104 53.488316 56.044624 21.587032 37.107952 27.45906 39.051247 15.297058 42.201897 54.230988 77.781746 62.936478 38.948685 46.8615 56.044624 29.206163 28.635643 0.0 72.00694 34.0147 67.911705 53.15073 81.04937 58.412327
54.120235 45.01111 48.8467 48.82622 65.29931 76.655075 68.0 72.02777 70.5195 82.637764 42.047592 77.87811 82.37718 48.83646 53.037724 54.378304 48.76474 90.07774 58.137768 54.405884 59.405388 27.45906 64.84597 19.646883 15.524175 31.95309 65.795135 32.01562 48.04165 37.44329 31.906113 73.790245 78.40918 92.84934 55.226807 57.974133 52.3259 39.115215 23.769728 32.89377 101.07423 54.67175 31.906113 95.63472 91.28527 72.00694 0.0 83.761566 28.442924 24.083189 9.055386 54.120235
45.044422 69.00725 51.009804 34.98571 20.396078 36.496574 46.043457 44.04543 24.186773 17.464249 68.117546 29.614185 1.4142135 43.046486 33.955853 41.0 57.00877 17.029387 26.907248 29.529646 24.596748 56.302753 25.632011 65.43699 69.2026 53.15073 22.022715 54.230988 72.02777 51.24451 56.302753 13.601471 8.246211 19.416489 30.364452 34.0147 34.20526 50.695168 79.40403 60.876926 20.0 35.22783 56.302753 21.954498 15.264338 34.0147 83.761566 0.0 67.44627 60.033325 91.92388 45.044422
28.284271 17.464249 22.022715 35.0 47.127487 73.24616 68.942 71.867935 62.289646 72.02777 14.3178215 71.84706 66.21933 47.010635 33.526108 30.0 20.615528 78.31347 47.042534 39.20459 43.56604 22.203604 56.32051 26.925823 26.0 30.232433 46.238514 15.297058 21.189621 16.27882 12.0415945 61.204575 60.40695 81.3019 37.107952 52.63079 33.24154 16.763054 12.083046 6.708204 86.88498 33.105892 12.0415945 84.29116 78.63841 67.911705 28.442924 67.44627 0.0 17.691807 32.202484 28.284271
32.75668 33.61547 29.017237 25.059929 41.231056 58.30952 52.49762 55.7853 49.365982 60.63827 30.528675 58.00862 58.66856 30.805843 29.068884 31.95309 31.400637 67.72001 35.44009 30.528675 35.510563 5.0990195 43.416588 11.045361 12.369317 13.0 41.725292 9.219544 37.735924 15.297058 11.045361 50.92151 54.405884 70.60453 31.144823 38.013157 28.319605 17.262676 25.0 16.552946 78.0 31.06445 11.045361 73.4983 68.622154 53.15073 24.083189 60.033325 17.691807 0.0 31.906113 32.75668
59.64059 47.07441 53.851646 56.938564 73.00685 85.70881 77.00649 81.055534 79.40403 91.416626 44.38468 86.88498 90.55385 57.870544 60.307545 60.440052 52.801514 98.79271 66.70832 62.433964 67.41662 35.77709 73.68175 28.635643 24.5153 40.804413 73.24616 38.948685 49.497475 43.863426 38.209946 82.346825 86.26703 101.59232 62.801273 66.94027 59.665737 45.343136 24.186773 37.735924 109.59015 61.522354 38.209946 104.40307 99.92497 81.04937 9.055386 91.92388 32.202484 31.906113 0.0 59.64059
0.0 24.186773 6.708204 25.0 25.70992 63.600315 64.44377 65.76473 49.396355 55.027267 23.769728 59.682495 44.102154 45.276924 15.6205 4.472136 12.0415945 59.439045 34.828148 24.839485 26.41969 33.06055 44.407207 43.416588 45.122055 37.336308 23.194826 23.537205 27.0 17.464249 22.472204 43.65776 37.0 62.369865 19.416489 45.276924 16.27882 15.524175 39.824615 22.022715 65.03076 11.661903 22.472204 65.30697 58.855755 58.412327 54.120235 45.044422 28.284271 32.75668 59.64059 0.0
p
0 0 0 0 0 0
0 0 0 0 0 0
0 0 0 0 0 0
0 0 0 0 0 0
0 0 0 0 0 0
0 0 0 0 0 0
0 0 0 0 0 0
0 0 0 0 0 0
0 0 0 0 0 0
0 0 0 0 0 0
16.0 16.0 16.0 16.0 16.0 16.0
16.0 16.0 16.0 16.0 16.0 16.0
16.0 16.0 16.0 16.0 16.0 16.0
16.0 16.0 16.0 16.0 16.0 16.0
16.0 16.0 16.0 16.0 16.0 16.0
16.0 16.0 16.0 16.0 16.0 16.0
16.0 16.0 16.0 16.0 16.0 16.0
16.0 16.0 16.0 16.0 16.0 16.0
16.0 16.0 16.0 16.0 16.0 16.0
16.0 16.0 16.0 16.0 16.0 16.0
16.0 16.0 16.0 16.0 16.0 16.0
16.0 16.0 16.0 16.0 16.0 16.0
16.0 16.0 16.0 16.0 16.0 16.0
16.0 16.0 16.0 16.0 16.0 16.0
16.0 16.0 16.0 16.0 16.0 16.0
16.0 16.0 16.0 16.0 16.0 16.0
16.0 16.0 16.0 16.0 16.0 16.0
16.0 16.0 16.0 16.0 16.0 16.0
16.0 16.0 16.0 16.0 16.0 16.0
16.0 16.0 16.0 16.0 16.0 16.0
16.0 16.0 16.0 16.0 16.0 16.0
16.0 16.0 16.0 16.0 16.0 16.0
16.0 16.0 16.0 16.0 16.0 16.0
16.0 16.0 16.0 16.0 16.0 16.0
16.0 16.0 16.0 16.0 16.0 16.0
16.0 16.0 16.0 16.0 16.0 16.0
16.0 16.0 16.0 16.0 16.0 16.0
16.0 16.0 16.0 16.0 16.0 16.0
16.0 16.0 16.0 16.0 16.0 16.0
16.0 16.0 16.0 16.0 16.0 16.0
16.0 16.0 16.0 16.0 16.0 16.0
16.0 16.0 16.0 16.0 16.0 16.0
16.0 16.0 16.0 16.0 16.0 16.0
16.0 16.0 16.0 16.0 16.0 16.0
16.0 16.0 16.0 16.0 16.0 16.0
16.0 16.0 16.0 16.0 16.0 16.0
16.0 16.0 16.0 16.0 16.0 16.0
16.0 16.0 16.0 16.0 16.0 16.0
16.0 16.0 16.0 16.0 16.0 16.0
16.0 16.0 16.0 16.0 16.0 16.0
16.0 16.0 16.0 16.0 16.0 16.0
16.0 16.0 16.0 16.0 16.0 16.0
16.0 16.0 16.0 16.0 16.0 16.0
16.0 16.0 16.0 16.0 16.0 16.0
16.0 16.0 16.0 16.0 16.0 16.0
16.0 16.0 16.0 16.0 16.0 16.0
16.0 16.0 16.0 16.0 16.0 16.0
16.0 16.0 16.0 16.0 16.0 16.0
16.0 16.0 16.0 16.0 16.0 16.0
16.0 16.0 16.0 16.0 16.0 16.0
16.0 16.0 16.0 16.0 16.0 16.0
16.0 16.0 16.0 16.0 16.0 16.0
16.0 16.0 16.0 16.0 16.0 16.0
16.0 16.0 16.0 16.0 16.0 16.0
16.0 16.0 16.0 16.0 16.0 16.0
16.0 16.0 16.0 16.0 16.0 16.0
16.0 16.0 16.0 16.0 16.0 16.0
16.0 16.0 16.0 16.0 16.0 16.0
16.0 16.0 16.0 16.0 16.0 16.0
16.0 16.0 16.0 16.0 16.0 16.0
16.0 16.0 16.0 16.0 16.0 16.0
16.0 16.0 16.0 16.0 16.0 16.0
16.0 16.0 16.0 16.0 16.0 16.0
16.0 16.0 16.0 16.0 16.0 16.0
16.0 16.0 16.0 16.0 16.0 16.0
16.0 16.0 16.0 16.0 16.0 16.0
16.0 16.0 16.0 16.0 16.0 16.0
16.0 16.0 16.0 16.0 16.0 16.0
16.0 16.0 16.0 16.0 16.0 16.0
16.0 16.0 16.0 16.0 16.0 16.0
16.0 16.0 16.0 16.0 16.0 16.0
16.0 16.0 16.0 16.0 16.0 16.0
16.0 16.0 16.0 16.0 16.0 16.0
16.0 16.0 16.0 16.0 16.0 16.0
16.0 16.0 16.0 16.0 16.0 16.0
16.0 16.0 16.0 16.0 16.0 16.0
16.0 16.0 16.0 16.0 16.0 16.0
16.0 16.0 16.0 16.0 16.0 16.0
16.0 16.0 16.0 16.0 16.0 16.0
16.0 16.0 16.0 16.0 16.0 16.0
16.0 16.0 16.0 16.0 16.0 16.0
16.0 16.0 16.0 16.0 16.0 16.0
16.0 16.0 16.0 16.0 16.0 16.0
16.0 16.0 16.0 16.0 16.0 16.0
16.0 16.0 16.0 16.0 16.0 16.0
16.0 16.0 16.0 16.0 16.0 16.0
16.0 16.0 16.0 16.0 16.0 16.0
16.0 16.0 16.0 16.0 16.0 16.0
16.0 16.0 16.0 16.0 16.0 16.0
16.0 16.0 16.0 16.0 16.0 16.0
16.0 16.0 16.0 16.0 16.0 16.0
16.0 16.0 16.0 16.0 16.0 16.0
16.0 16.0 16.0 16.0 16.0 16.0
16.0 16.0 16.0 16.0 16.0 16.0
16.0 16.0 16.0 16.0 16.0 16.0
16.0 16.0 16.0 16.0 16.0 16.0
16.0 16.0 16.0 16.0 16.0 16.0
16.0 16.0 16.0 16.0 16.0 16.0
16.0 16.0 16.0 16.0 16.0 16.0
16.0 16.0 16.0 16.0 16.0 16.0
16.0 16.0 16.0 16.0 16.0 16.0
16.0 16.0 16.0 16.0 16.0 16.0
16.0 16.0 16.0 16.0 16.0 16.0
16.0 16.0 16.0 16.0 16.0 16.0
16.0 16.0 16.0 16.0 16.0 16.0
16.0 16.0 16.0 16.0 16.0 16.0
16.0 16.0 16.0 16.0 16.0 16.0
16.0 16.0 16.0 16.0 16.0 16.0
16.0 16.0 16.0 16.0 16.0 16.0
16.0 16.0 16.0 16.0 16.0 16.0
16.0 16.0 16.0 16.0 16.0 16.0
16.0 16.0 16.0 16.0 16.0 16.0
16.0 16.0 16.0 16.0 16.0 16.0
16.0 16.0 16.0 16.0 16.0 16.0
16.0 16.0 16.0 16.0 16.0 16.0
16.0 16.0 16.0 16.0 16.0 16.0
16.0 16.0 16.0 16.0 16.0 16.0
16.0 16.0 16.0 16.0 16.0 16.0
16.0 16.0 16.0 16.0 16.0 16.0
16.0 16.0 16.0 16.0 16.0 16.0
16.0 16.0 16.0 16.0 16.0 16.0
16.0 16.0 16.0 16.0 16.0 16.0
16.0 16.0 16.0 16.0 16.0 16.0
16.0 16.0 16.0 16.0 16.0 16.0
16.0 16.0 16.0 16.0 16.0 16.0
16.0 16.0 16.0 16.0 16.0 16.0
16.0 16.0 16.0 16.0 16.0 16.0
16.0 16.0 16.0 16.0 16.0 16.0
16.0 16.0 16.0 16.0 16.0 16.0
16.0 16.0 16.0 16.0 16.0 16.0
16.0 16.0 16.0 16.0 16.0 16.0
16.0 16.0 16.0 16.0 16.0 16.0
16.0 16.0 16.0 16.0 16.0 16.0
16.0 16.0 16.0 16.0 16.0 16.0
16.0 16.0 16.0 16.0 16.0 16.0
16.0 16.0 16.0 16.0 16.0 16.0
16.0 16.0 16.0 16.0 16.0 16.0
16.0 16.0 16.0 16.0 16.0 16.0
16.0 16.0 16.0 16.0 16.0 16.0
16.0 16.0 16.0 16.0 16.0 16.0
16.0 16.0 16.0 16.0 16.0 16.0
16.0 16.0 16.0 16.0 16.0 16.0
16.0 16.0 16.0 16.0 16.0 16.0
16.0 16.0 16.0 16.0 16.0 16.0
16.0 16.0 16.0 16.0 16.0 16.0
16.0 16.0 16.0 16.0 16.0 16.0
16.0 16.0 16.0 16.0 16.0 16.0
16.0 16.0 16.0 16.0 16.0 16.0
16.0 16.0 16.0 16.0 16.0 16.0
16.0 16.0 16.0 16.0 16.0 16.0
16.0 16.0 16.0 16.0 16.0 16.0
16.0 16.0 16.0 16.0 16.0 16.0
16.0 16.0 16.0 16.0 16.0 16.0
16.0 16.0 16.0 16.0 16.0 16.0
16.0 16.0 16.0 16.0 16.0 16.0
16.0 16.0 16.0 16.0 16.0 16.0
16.0 16.0 16.0 16.0 16.0 16.0
16.0 16.0 16.0 16.0 16.0 16.0
16.0 16.0 16.0 16.0 16.0 16.0
16.0 16.0 16.0 16.0 16.0 16.0
16.0 16.0 16.0 16.0 16.0 16.0
16.0 16.0 16.0 16.0 16.0 16.0
16.0 16.0 16.0 16.0 16.0 16.0
16.0 16.0 16.0 16.0 16.0 16.0
16.0 16.0 16.0 16.0 16.0 16.0
16.0 16.0 16.0 16.0 16.0 16.0
16.0 16.0 16.0 16.0 16.0 16.0
16.0 16.0 16.0 16.0 16.0 16.0
16.0 16.0 16.0 16.0 16.0 16.0
16.0 16.0 16.0 16.0 16.0 16.0
16.0 16.0 16.0 16.0 16.0 16.0
16.0 16.0 16.0 16.0 16.0 16.0
16.0 16.0 16.0 16.0 16.0 16.0
16.0 16.0 16.0 16.0 16.0 16.0
16.0 16.0 16.0 16.0 16.0 16.0
16.0 16.0 16.0 16.0 16.0 16.0
16.0 16.0 16.0 16.0 16.0 16.0
16.0 16.0 16.0 16.0 16.0 16.0
16.0 16.0 16.0 16.0 16.0 16.0
16.0 16.0 16.0 16.0 16.0 16.0
16.0 16.0 16.0 16.0 16.0 16.0
16.0 16.0 16.0 16.0 16.0 16.0
16.0 16.0 16.0 16.0 16.0 16.0
16.0 16.0 16.0 16.0 16.0 16.0
16.0 16.0 16.0 16.0 16.0 16.0
16.0 16.0 16.0 16.0 16.0 16.0
16.0 16.0 16.0 16.0 16.0 16.0
16.0 16.0 16.0 16.0 16.0 16.0
16.0 16.0 16.0 16.0 16.0 16.0
16.0 16.0 16.0 16.0 16.0 16.0
16.0 16.0 16.0 16.0 16.0 16.0
16.0 16.0 16.0 16.0 16.0 16.0
16.0 16.0 16.0 16.0 16.0 16.0
16.0 16.0 16.0 16.0 16.0 16.0
16.0 16.0 16.0 16.0 16.0 16.0
16.0 16.0 16.0 16.0 16.0 16.0
16.0 16.0 16.0 16.0 16.0 16.0
16.0 16.0 16.0 16.0 16.0 16.0
16.0 16.0 16.0 16.0 16.0 16.0
16.0 16.0 16.0 16.0 16.0 16.0
16.0 16.0 16.0 16.0 16.0 16.0
16.0 16.0 16.0 16.0 16.0 16.0
16.0 16.0 16.0 16.0 16.0 16.0
16.0 16.0 16.0 16.0 16.0 16.0
16.0 16.0 16.0 16.0 16.0 16.0
16.0 16.0 16.0 16.0 16.0 16.0
16.0 16.0 16.0 16.0 16.0 16.0
16.0 16.0 16.0 16.0 16.0 16.0
16.0 16.0 16.0 16.0 16.0 16.0
16.0 16.0 16.0 16.0 16.0 16.0
16.0 16.0 16.0 16.0 16.0 16.0
16.0 16.0 16.0 16.0 16.0 16.0
16.0 16.0 16.0 16.0 16.0 16.0
16.0 16.0 16.0 16.0 16.0 16.0
16.0 16.0 16.0 16.0 16.0 16.0
16.0 16.0 16.0 16.0 16.0 16.0
16.0 16.0 16.0 16.0 16.0 16.0
16.0 16.0 16.0 16.0 16.0 16.0
16.0 16.0 16.0 16.0 16.0 16.0
16.0 16.0 16.0 16.0 16.0 16.0
16.0 16.0 16.0 16.0 16.0 16.0
16.0 16.0 16.0 16.0 16.0 16.0
16.0 16.0 16.0 16.0 16.0 16.0
16.0 16.0 16.0 16.0 16.0 16.0
16.0 16.0 16.0 16.0 16.0 16.0
16.0 16.0 16.0 16.0 16.0 16.0
16.0 16.0 16.0 16.0 16.0 16.0
16.0 16.0 16.0 16.0 16.0 16.0
16.0 16.0 16.0 16.0 16.0 16.0
16.0 16.0 16.0 16.0 16.0 16.0
16.0 16.0 16.0 16.0 16.0 16.0
16.0 16.0 16.0 16.0 16.0 16.0
16.0 16.0 16.0 16.0 16.0 16.0
16.0 16.0 16.0 16.0 16.0 16.0
16.0 16.0 16.0 16.0 16.0 16.0
16.0 16.0 16.0 16.0 16.0 16.0
16.0 16.0 16.0 16.0 16.0 16.0
16.0 16.0 16.0 16.0 16.0 16.0
16.0 16.0 16.0 16.0 16.0 16.0
16.0 16.0 16.0 16.0 16.0 16.0
16.0 16.0 16.0 16.0 16.0 16.0
16.0 16.0 16.0 16.0 16.0 16.0
16.0 16.0 16.0 16.0 16.0 16.0
16.0 16.0 16.0 16.0 16.0 16.0
16.0 16.0 16.0 16.0 16.0 16.0
16.0 16.0 16.0 16.0 16.0 16.0
16.0 16.0 16.0 16.0 16.0 16.0
16.0 16.0 16.0 16.0 16.0 16.0
16.0 16.0 16.0 16.0 16.0 16.0
16.0 16.0 16.0 16.0 16.0 16.0
16.0 16.0 16.0 16.0 16.0 16.0
16.0 16.0 16.0 16.0 16.0 16.0
16.0 16.0 16.0 16.0 16.0 16.0
16.0 16.0 16.0 16.0 16.0 16.0
16.0 16.0 16.0 16.0 16.0 16.0
16.0 16.0 16.0 16.0 16.0 16.0
16.0 16.0 16.0 16.0 16.0 16.0
16.0 16.0 16.0 16.0 16.0 16.0
16.0 16.0 16.0 16.0 16.0 16.0
16.0 16.0 16.0 16.0 16.0 16.0
16.0 16.0 16.0 16.0 16.0 16.0
16.0 16.0 16.0 16.0 16.0 16.0
16.0 16.0 16.0 16.0 16.0 16.0
16.0 16.0 16.0 16.0 16.0 16.0
16.0 16.0 16.0 16.0 16.0 16.0
16.0 16.0 16.0 16.0 16.0 16.0
16.0 16.0 16.0 16.0 16.0 16.0
16.0 16.0 16.0 16.0 16.0 16.0
16.0 16.0 16.0 16.0 16.0 16.0
16.0 16.0 16.0 16.0 16.0 16.0
16.0 16.0 16.0 16.0 16.0 16.0
16.0 16.0 16.0 16.0 16.0 16.0
16.0 16.0 16.0 16.0 16.0 16.0
16.0 16.0 16.0 16.0 16.0 16.0
16.0 16.0 16.0 16.0 16.0 16.0
16.0 16.0 16.0 16.0 16.0 16.0
16.0 16.0 16.0 16.0 16.0 16.0
16.0 16.0 16.0 16.0 16.0 16.0
16.0 16.0 16.0 16.0 16.0 16.0
16.0 16.0 16.0 16.0 16.0 16.0
16.0 16.0 16.0 16.0 16.0 16.0
16.0 16.0 16.0 16.0 16.0 16.0
16.0 16.0 16.0 16.0 16.0 16.0
16.0 16.0 16.0 16.0 16.0 16.0
16.0 16.0 16.0 16.0 16.0 16.0
16.0 16.0 16.0 16.0 16.0 16.0
16.0 16.0 16.0 16.0 16.0 16.0
16.0 16.0 16.0 16.0 16.0 16.0
16.0 16.0 16.0 16.0 16.0 16.0
16.0 16.0 16.0 16.0 16.0 16.0
16.0 16.0 16.0 16.0 16.0 16.0
16.0 16.0 16.0 16.0 16.0 16.0
16.0 16.0 16.0 16.0 16.0 16.0
16.0 16.0 16.0 16.0 16.0 16.0
16.0 16.0 16.0 16.0 16.0 16.0
16.0 16.0 16.0 16.0 16.0 16.0
16.0 16.0 16.0 16.0 16.0 16.0
16.0 16.0 16.0 16.0 16.0 16.0
16.0 16.0 16.0 16.0 16.0 16.0
16.0 16.0 16.0 16.0 16.0 16.0
16.0 16.0 16.0 16.0 16.0 16.0
16.0 16.0 16.0 16.0 16.0 16.0
16.0 16.0 16.0 16.0 16.0 16.0
16.0 16.0 16.0 16.0 16.0 16.0
16.0 16.0 16.0 16.0 16.0 16.0
16.0 16.0 16.0 16.0 16.0 16.0
16.0 16.0 16.0 16.0 16.0 16.0
16.0 16.0 16.0 16.0 16.0 16.0
16.0 16.0 16.0 16.0 16.0 16.0
16.0 16.0 16.0 16.0 16.0 16.0
16.0 16.0 16.0 16.0 16.0 16.0
16.0 16.0 16.0 16.0 16.0 16.0
16.0 16.0 16.0 16.0 16.0 16.0
16.0 16.0 16.0 16.0 16.0 16.0
16.0 16.0 16.0 16.0 16.0 16.0
16.0 16.0 16.0 16.0 16.0 16.0
16.0 16.0 16.0 16.0 16.0 16.0
16.0 16.0 16.0 16.0 16.0 16.0
16.0 16.0 16.0 16.0 16.0 16.0
16.0 16.0 16.0 16.0 16.0 16.0
16.0 16.0 16.0 16.0 16.0 16.0
16.0 16.0 16.0 16.0 16.0 16.0
16.0 16.0 16.0 16.0 16.0 16.0
16.0 16.0 16.0 16.0 16.0 16.0
16.0 16.0 16.0 16.0 16.0 16.0
16.0 16.0 16.0 16.0 16.0 16.0
16.0 16.0 16.0 16.0 16.0 16.0
16.0 16.0 16.0 16.0 16.0 16.0
16.0 16.0 16.0 16.0 16.0 16.0
16.0 16.0 16.0 16.0 16.0 16.0
16.0 16.0 16.0 16.0 16.0 16.0
16.0 16.0 16.0 16.0 16.0 16.0
16.0 16.0 16.0 16.0 16.0 16.0
16.0 16.0 16.0 16.0 16.0 16.0
16.0 16.0 16.0 16.0 16.0 16.0
16.0 16.0 16.0 16.0 16.0 16.0
16.0 16.0 16.0 16.0 16.0 16.0
16.0 16.0 16.0 16.0 16.0 16.0
16.0 16.0 16.0 16.0 16.0 16.0
16.0 16.0 16.0 16.0 16.0 16.0
16.0 16.0 16.0 16.0 16.0 16.0
16.0 16.0 16.0 16.0 16.0 16.0
16.0 16.0 16.0 16.0 16.0 16.0
16.0 16.0 16.0 16.0 16.0 16.0
16.0 16.0 16.0 16.0 16.0 16.0
16.0 16.0 16.0 16.0 16.0 16.0
16.0 16.0 16.0 16.0 16.0 16.0
16.0 16.0 16.0 16.0 16.0 16.0
16.0 16.0 16.0 16.0 16.0 16.0
16.0 16.0 16.0 16.0 16.0 16.0
16.0 16.0 16.0 16.0 16.0 16.0
16.0 16.0 16.0 16.0 16.0 16.0
16.0 16.0 16.0 16.0 16.0 16.0
16.0 16.0 16.0 16.0 16.0 16.0
16.0 16.0 16.0 16.0 16.0 16.0
16.0 16.0 16.0 16.0 16.0 16.0
16.0 16.0 16.0 16.0 16.0 16.0
16.0 16.0 16.0 16.0 16.0 16.0
16.0 16.0 16.0 16.0 16.0 16.0
16.0 16.0 16.0 16.0 16.0 16.0
16.0 16.0 16.0 16.0 16.0 16.0
16.0 16.0 16.0 16.0 16.0 16.0
16.0 16.0 16.0 16.0 16.0 16.0
16.0 16.0 16.0 16.0 16.0 16.0
16.0 16.0 16.0 16.0 16.0 16.0
16.0 16.0 16.0 16.0 16.0 16.0
16.0 16.0 16.0 16.0 16.0 16.0
16.0 16.0 16.0 16.0 16.0 16.0
16.0 16.0 16.0 16.0 16.0 16.0
16.0 16.0 16.0 16.0 16.0 16.0
16.0 16.0 16.0 16.0 16.0 16.0
16.0 16.0 16.0 16.0 16.0 16.0
16.0 16.0 16.0 16.0 16.0 16.0
16.0 16.0 16.0 16.0 16.0 16.0
16.0 16.0 16.0 16.0 16.0 16.0
16.0 16.0 16.0 16.0 16.0 16.0
16.0 16.0 16.0 16.0 16.0 16.0
16.0 16.0 16.0 16.0 16.0 16.0
16.0 16.0 16.0 16.0 16.0 16.0
16.0 16.0 16.0 16.0 16.0 16.0
16.0 16.0 16.0 16.0 16.0 16.0
16.0 16.0 16.0 16.0 16.0 16.0
16.0 16.0 16.0 16.0 16.0 16.0
16.0 16.0 16.0 16.0 16.0 16.0
16.0 16.0 16.0 16.0 16.0 16.0
16.0 16.0 16.0 16.0 16.0 16.0
16.0 16.0 16.0 16.0 16.0 16.0
16.0 16.0 16.0 16.0 16.0 16.0
16.0 16.0 16.0 16.0 16.0 16.0
16.0 16.0 16.0 16.0 16.0 16.0
16.0 16.0 16.0 16.0 16.0 16.0
16.0 16.0 16.0 16.0 16.0 16.0
16.0 16.0 16.0 16.0 16.0 16.0
16.0 16.0 16.0 16.0 16.0 16.0
16.0 16.0 16.0 16.0 16.0 16.0
16.0 16.0 16.0 16.0 16.0 16.0
16.0 16.0 16.0 16.0 16.0 16.0
16.0 16.0 16.0 16.0 16.0 16.0
16.0 16.0 16.0 16.0 16.0 16.0
16.0 16.0 16.0 16.0 16.0 16.0
16.0 16.0 16.0 16.0 16.0 16.0
16.0 16.0 16.0 16.0 16.0 16.0
16.0 16.0 16.0 16.0 16.0 16.0
16.0 16.0 16.0 16.0 16.0 16.0
16.0 16.0 16.0 16.0 16.0 16.0
16.0 16.0 16.0 16.0 16.0 16.0
16.0 16.0 16.0 16.0 16.0 16.0
16.0 16.0 16.0 16.0 16.0 16.0
16.0 16.0 16.0 16.0 16.0 16.0
16.0 16.0 16.0 16.0 16.0 16.0
16.0 16.0 16.0 16.0 16.0 16.0
16.0 16.0 16.0 16.0 16.0 16.0
16.0 16.0 16.0 16.0 16.0 16.0
16.0 16.0 16.0 16.0 16.0 16.0
16.0 16.0 16.0 16.0 16.0 16.0
16.0 16.0 16.0 16.0 16.0 16.0
16.0 16.0 16.0 16.0 16.0 16.0
16.0 16.0 16.0 16.0 16.0 16.0
16.0 16.0 16.0 16.0 16.0 16.0
16.0 16.0 16.0 16.0 16.0 16.0
16.0 16.0 16.0 16.0 16.0 16.0
16.0 16.0 16.0 16.0 16.0 16.0
16.0 16.0 16.0 16.0 16.0 16.0
16.0 16.0 16.0 16.0 16.0 16.0
16.0 16.0 16.0 16.0 16.0 16.0
16.0 16.0 16.0 16.0 16.0 16.0
16.0 16.0 16.0 16.0 16.0 16.0
16.0 16.0 16.0 16.0 16.0 16.0
16.0 16.0 16.0 16.0 16.0 16.0
16.0 16.0 16.0 16.0 16.0 16.0
16.0 16.0 16.0 16.0 16.0 16.0
16.0 16.0 16.0 16.0 16.0 16.0
16.0 16.0 16.0 16.0 16.0 16.0
16.0 16.0 16.0 16.0 16.0 16.0
16.0 16.0 16.0 16.0 16.0 16.0
16.0 16.0 16.0 16.0 16.0 16.0
16.0 16.0 16.0 16.0 16.0 16.0
16.0 16.0 16.0 16.0 16.0 16.0
16.0 16.0 16.0 16.0 16.0 16.0
16.0 16.0 16.0 16.0 16.0 16.0
16.0 16.0 16.0 16.0 16.0 16.0
16.0 16.0 16.0 16.0 16.0 16.0
16.0 16.0 16.0 16.0 16.0 16.0
16.0 16.0 16.0 16.0 16.0 16.0
16.0 16.0 16.0 16.0 16.0 16.0
16.0 16.0 16.0 16.0 16.0 16.0
16.0 16.0 16.0 16.0 16.0 16.0
16.0 16.0 16.0 16.0 16.0 16.0
16.0 16.0 16.0 16.0 16.0 16.0
16.0 16.0 16.0 16.0 16.0 16.0
16.0 16.0 16.0 16.0 16.0 16.0
16.0 16.0 16.0 16.0 16.0 16.0
16.0 16.0 16.0 16.0 16.0 16.0
16.0 16.0 16.0 16.0 16.0 16.0
16.0 16.0 16.0 16.0 16.0 16.0
16.0 16.0 16.0 16.0 16.0 16.0
16.0 16.0 16.0 16.0 16.0 16.0
