nbNodes
102
nbVehi
20
nbServi
6
r
1 1 1 1 1 1 
0 0 1 0 0 0 
0 0 0 0 1 0 
0 0 0 1 0 0 
0 0 0 0 1 0 
0 0 0 1 0 0 
0 0 0 1 0 0 
0 1 0 0 0 0 
0 0 0 0 1 0 
1 0 0 0 0 0 
0 1 0 0 0 0 
0 0 1 0 0 0 
0 0 1 0 0 0 
0 0 1 0 0 0 
0 0 1 0 0 0 
0 0 1 0 0 0 
1 0 0 0 0 0 
0 1 0 0 0 0 
1 0 0 0 0 0 
0 0 0 0 1 0 
1 0 0 0 0 0 
0 0 0 0 0 1 
0 0 0 0 0 1 
0 0 0 0 1 0 
0 1 0 0 0 0 
0 1 0 0 0 0 
0 0 0 1 0 0 
0 0 0 1 0 0 
0 0 0 1 0 0 
0 0 0 0 0 1 
0 0 0 0 0 1 
0 0 0 0 1 0 
0 0 0 1 0 0 
1 0 0 0 0 0 
0 0 1 0 0 0 
0 0 0 1 0 0 
0 1 0 0 0 0 
0 0 0 0 1 0 
0 0 0 0 0 1 
1 0 0 0 0 0 
0 1 0 0 0 0 
1 0 0 0 0 0 
0 0 0 0 1 0 
0 0 0 0 0 1 
1 0 0 0 0 0 
0 0 0 1 0 0 
0 0 0 0 1 0 
0 0 1 0 0 0 
0 0 0 0 0 1 
0 0 0 0 1 0 
1 0 0 0 0 0 
0 0 1 0 0 0 
0 0 0 0 0 1 
0 0 0 0 0 1 
1 0 0 0 0 0 
0 1 0 0 0 0 
0 0 1 0 0 0 
0 0 0 0 1 0 
0 0 0 1 0 0 
0 0 0 0 1 0 
0 0 0 0 1 0 
0 0 0 0 1 0 
1 0 0 0 0 0 
1 0 0 0 0 0 
1 0 0 0 0 0 
0 1 0 0 0 0 
0 0 0 1 0 0 
0 0 0 1 0 0 
0 0 0 1 0 0 
1 0 0 0 0 0 
0 0 0 0 0 1 
0 0 0 0 1 1 
0 0 0 1 0 1 
0 0 0 1 0 1 
0 0 0 1 1 0 
0 0 0 0 1 1 
0 0 0 1 1 0 
0 0 0 1 0 1 
0 0 0 0 1 1 
0 0 0 0 1 1 
0 0 0 1 1 0 
0 0 0 0 1 1 
0 0 0 1 1 0 
0 0 0 1 1 0 
0 0 0 1 0 1 
0 0 0 0 1 1 
0 1 0 0 0 1 
0 0 1 0 0 1 
0 1 0 1 0 0 
1 0 0 1 0 0 
1 0 0 1 0 0 
1 0 0 0 0 1 
0 0 1 0 0 1 
0 0 1 0 1 0 
1 0 0 0 0 1 
0 0 1 1 0 0 
0 1 0 0 1 0 
1 0 0 1 0 0 
0 1 0 1 0 0 
0 1 0 0 1 0 
0 1 0 0 1 0 
1 1 1 1 1 1 
DS
72 73 74 75 76 77 78 79 80 81 82 83 84 85 86 87 88 89 90 91 92 93 94 95 96 97 98 99 100 101 
a
1 0 1 0 0 0 
1 0 0 0 0 0 
1 0 0 0 0 0 
1 0 1 0 0 0 
1 1 1 0 0 0 
0 1 0 0 0 0 
1 1 1 0 0 0 
0 0 0 1 1 0 
0 0 0 1 1 1 
0 0 0 1 1 1 
0 0 0 1 1 1 
0 0 0 0 1 1 
0 0 0 1 1 1 
0 0 0 0 1 0 
0 0 0 1 1 0 
0 0 0 1 1 1 
0 0 0 1 0 1 
0 0 0 1 1 1 
0 0 0 0 0 1 
0 0 0 1 1 1 
x
62 3 67 11 62 92 52 62 69 62 75 22 39 33 69 82 94 45 82 84 28 95 61 6 64 44 53 73 58 86 86 26 9 77 36 27 47 59 75 98 45 11 76 98 82 1 94 63 84 23 86 66 70 93 49 29 10 38 97 83 16 16 8 86 9 76 3 55 29 83 52 33 20 25 8 69 52 85 28 63 77 51 88 19 83 16 83 40 12 29 32 52 90 47 71 53 9 64 80 29 0 62 
y
40 35 9 45 47 1 18 4 41 28 3 25 5 30 9 33 21 35 33 27 26 39 21 17 45 30 24 14 13 24 49 46 20 34 27 37 18 34 24 3 8 1 27 13 16 31 3 36 27 42 7 2 30 26 9 7 13 22 17 16 41 12 22 0 17 44 32 21 48 33 44 15 47 16 23 3 37 18 39 18 23 14 16 8 12 20 35 22 7 28 28 38 42 42 49 11 39 44 29 5 0 40 
d
0.00000 59.21149 31.40064 51.24451 7.00000 49.20366 24.16609 36.00000 7.07107 12.00000 39.21734 42.72002 41.88078 30.67572 31.78050 21.18962 37.21559 17.72005 21.18962 25.55386 36.76955 33.01515 19.02630 60.53924 5.38516 20.59126 18.35756 28.23119 27.29469 28.84441 25.63201 36.49658 56.64804 16.15549 29.06888 35.12834 26.62705 6.70820 20.61553 51.62364 36.23534 64.20280 19.10497 45.00000 31.24100 61.66036 48.91830 4.12311 25.55386 39.05125 40.80441 38.20995 12.80625 34.01470 33.61547 46.66905 58.59181 30.00000 41.88078 31.89044 46.01087 53.85165 56.92100 46.64762 57.77543 14.56022 59.53990 20.24846 33.95585 22.13594 10.77033 38.28838 42.57934 44.10215 56.61272 37.65634 10.44031 31.82766 34.01470 22.02272 22.67157 28.23119 35.38361 53.60037 35.00000 50.15974 21.58703 28.42534 59.90826 35.11410 32.31099 10.19804 28.07134 15.13275 12.72792 30.36445 53.00943 4.47214 21.09502 48.10405 73.78347 0.00000 
59.21149 0.00000 69.07966 12.80625 60.20797 95.27329 51.86521 66.64833 66.27217 59.41380 78.79086 21.47091 46.86150 30.41381 70.93659 79.02531 92.07063 42.00000 79.02531 81.39410 26.57066 92.08692 59.66574 18.24829 61.81424 41.30375 51.19570 73.08215 59.23681 83.72574 84.17244 25.49510 16.15549 74.00676 33.95585 24.08319 47.16991 56.00893 72.83543 100.24470 49.92995 34.92850 73.43705 97.51410 81.25269 4.47214 96.46243 60.00833 81.39410 21.18962 87.59566 71.11962 67.18631 90.44888 52.83938 38.20995 23.08679 37.33631 95.70789 82.22530 14.31782 26.41969 13.92839 90.07774 18.97367 73.55270 3.00000 53.85165 29.06888 80.02500 49.81967 36.05551 20.80865 29.06888 13.00000 73.34848 49.04080 83.74366 25.31798 62.36185 74.96666 52.39275 87.09765 31.38471 83.24062 19.84943 80.00000 39.21734 29.41088 26.92582 29.83287 49.09175 87.28115 44.55334 69.42622 55.46170 7.21110 61.66036 77.23341 39.69887 35.12834 59.21149 
31.40064 69.07966 0.00000 66.57327 38.32754 26.24881 17.49286 7.07107 32.06244 19.64688 10.00000 47.75982 28.28427 39.96248 2.00000 28.30194 29.54657 34.05877 28.30194 24.75884 42.54409 41.03657 13.41641 61.52235 36.12478 31.14482 20.51828 7.81025 9.84886 24.20744 44.28318 55.22681 59.03389 26.92582 35.84690 48.82622 21.93171 26.24881 17.00000 31.57531 22.02272 56.56854 20.12461 31.25700 16.55295 69.57011 27.65863 27.29469 24.75884 55.00000 19.10497 7.07107 21.21320 31.06445 18.00000 38.05260 57.14018 31.78050 31.04835 17.46425 60.20797 51.08816 60.41523 21.02380 58.54912 36.13862 68.00735 16.97056 54.45181 28.84441 38.07887 34.52535 60.44005 42.57934 60.63827 6.32456 31.76476 20.12461 49.20366 9.84886 17.20465 16.76305 22.13594 48.01042 16.27882 52.17279 30.52868 29.96665 55.03635 42.48529 39.82462 32.64966 40.22437 38.58756 40.19950 14.14214 65.29931 35.12834 23.85372 38.20995 67.60178 31.40064 
51.24451 12.80625 66.57327 0.00000 51.03920 92.17917 49.09175 65.43699 58.13777 53.75872 76.55064 22.82542 48.82622 26.62705 68.26419 72.00694 86.40023 35.44009 72.00694 75.18643 25.49510 84.21401 55.46170 28.44293 53.00000 36.24914 46.95743 69.31811 56.85948 77.88453 75.10659 15.03330 25.07987 66.91039 30.80584 17.88854 45.00000 49.24429 67.35726 96.60745 50.24938 44.00000 67.44627 92.69844 76.69420 17.20465 93.02150 52.77310 75.18643 12.36932 84.07735 69.81404 60.87693 84.17244 52.34501 42.04759 32.01562 35.46830 90.44335 77.62087 6.40312 33.37664 23.19483 87.46428 28.07134 65.00769 15.26434 50.11986 18.24829 72.99315 41.01219 37.20215 9.21954 32.20248 22.20360 71.61006 41.77320 78.77182 18.02776 58.59181 69.57011 50.60632 82.28001 37.85499 79.20227 25.49510 72.69113 37.01351 38.01316 24.75884 27.01851 41.59327 79.05694 36.12478 60.13319 54.03702 6.32456 53.00943 70.83078 43.86342 46.32494 51.24451 
7.00000 60.20797 38.32754 51.03920 0.00000 54.91812 30.67572 43.00000 9.21954 19.00000 45.88028 45.65085 47.88528 33.61547 38.63936 24.41311 41.23106 20.80865 24.41311 29.73214 39.96248 33.95585 26.01922 63.52952 2.82843 24.75884 24.69818 34.78505 34.23449 33.24154 24.08319 36.01389 59.48109 19.84943 32.80244 36.40055 32.64966 13.34166 26.41969 56.85068 42.54409 68.68042 24.41311 49.51767 36.89173 63.06346 54.40588 11.04536 29.73214 39.31921 46.64762 45.17743 18.78829 37.44329 40.16217 51.85557 62.12890 34.65545 46.09772 37.44329 46.38965 57.80138 59.50630 52.77310 60.90156 14.31782 60.87693 26.92582 33.01515 25.23886 10.44031 43.18565 42.00000 48.27007 59.09315 44.55334 14.14214 37.01351 34.92850 29.01724 28.30194 34.78505 40.45986 58.05170 40.81666 53.33854 24.18677 33.30165 64.03124 38.07887 35.51056 13.45362 28.44293 15.81139 9.21954 37.10795 53.60037 3.60555 25.45584 53.41348 77.80103 7.00000 
49.20366 95.27329 26.24881 92.17917 54.91812 0.00000 43.46263 30.14963 46.14109 40.36087 17.11724 74.00000 53.15073 65.74192 24.35159 33.52611 20.09975 58.00862 33.52611 27.20294 68.70953 38.11824 36.89173 87.47571 52.15362 56.08030 45.27693 23.02173 36.05551 23.76973 48.37355 79.88116 85.14693 36.24914 61.74140 74.30343 48.10405 46.66905 28.60070 6.32456 47.51842 81.00000 30.52868 13.41641 18.02776 95.81753 2.82843 45.45327 27.20294 80.26207 8.48528 26.01922 36.40055 25.01999 43.73786 63.28507 82.87340 57.93962 16.76305 17.49286 85.88364 76.79193 86.58522 6.08276 84.52810 45.88028 94.24436 42.05948 78.60025 33.24154 58.72819 60.63827 85.44004 68.65858 86.83317 23.08679 53.81450 18.38478 74.43118 33.61547 26.62705 43.01163 15.52417 73.33485 14.21267 78.33901 35.17101 56.08030 80.22468 68.54196 65.79514 54.48853 41.04875 60.87693 52.39275 40.26164 91.28527 51.31277 30.46309 63.12686 92.00543 49.20366 
24.16609 51.86521 17.49286 49.09175 30.67572 43.46263 0.00000 17.20465 28.60070 14.14214 27.45906 30.80584 18.38478 22.47221 19.23538 33.54102 42.10701 18.38478 33.54102 33.24154 25.29822 47.85394 9.48683 46.01087 29.54657 14.42221 6.08276 21.37756 7.81025 34.52535 46.01087 38.20995 43.04649 29.68164 18.35756 31.40064 5.00000 17.46425 23.76973 48.38388 12.20656 44.38468 25.63201 46.27094 30.06659 52.63079 44.59821 21.09502 33.24154 37.64306 35.73514 21.26029 21.63331 41.77320 9.48683 25.49510 42.29657 14.56022 45.01111 31.06445 42.72002 36.49658 44.18144 38.47077 43.01163 35.38361 50.96077 4.24264 37.80212 34.43835 26.00000 19.23538 43.18565 27.07397 44.28318 22.67157 19.00000 33.00000 31.89044 11.00000 25.49510 4.12311 36.05551 34.48188 31.57531 36.05551 35.35534 12.64911 41.48494 25.07987 22.36068 20.00000 44.94441 24.51530 36.35932 7.07107 47.85394 28.63564 30.08322 26.41969 55.02727 24.16609 
36.00000 66.64833 7.07107 65.43699 43.00000 30.14963 17.20465 0.00000 37.65634 24.00000 13.03840 45.17743 23.02173 38.94868 8.60233 35.22783 36.23534 35.35534 35.22783 31.82766 40.49691 48.10405 17.02939 57.48913 41.04875 31.62278 21.93171 14.86607 9.84886 31.24100 51.00000 55.31727 55.36244 33.54102 34.71311 48.10405 20.51828 30.14963 23.85372 36.01389 17.46425 51.08816 26.92582 37.10795 23.32381 66.70832 32.01562 32.01562 31.82766 54.45181 24.18677 4.47214 27.20294 38.01316 13.92839 33.13608 52.77310 30.00000 37.33631 24.18677 59.03389 46.69047 56.92100 24.33105 54.57105 42.37924 65.30697 18.38478 55.00000 35.80503 41.23106 31.01612 60.10824 38.89730 57.24509 7.07107 34.48188 26.92582 48.79549 14.03567 24.20744 14.86607 28.63564 43.18565 22.47221 48.70318 37.44329 28.42534 50.08992 40.80441 38.41875 35.44009 47.20169 40.85340 45.89118 11.40175 63.51378 40.04997 30.80584 33.01515 62.12890 36.00000 
7.07107 66.27217 32.06244 58.13777 9.21954 46.14109 28.60070 37.65634 0.00000 14.76482 38.47077 49.64877 46.86150 37.64306 32.00000 15.26434 32.01562 24.73863 15.26434 20.51828 43.65776 26.07681 21.54066 67.41662 6.40312 27.31300 23.34524 27.29469 30.08322 24.04163 18.78829 43.28972 63.56886 10.63015 35.84690 42.19005 31.82766 12.20656 18.02776 47.80167 40.80441 70.45566 15.65248 40.31129 28.17801 68.73136 45.48626 7.81025 20.51828 46.01087 38.01316 39.11521 11.04536 28.30194 37.73592 52.49762 65.30697 36.35932 36.87818 28.65310 53.00000 60.41523 63.89053 44.38468 64.62198 7.61577 66.61081 24.41311 40.60788 16.12452 17.26268 44.40721 49.36598 50.60632 63.60031 38.00000 17.46425 28.01785 41.04875 23.76973 19.69772 32.44996 31.40064 59.90826 32.20248 57.00877 15.23155 34.66987 66.37017 42.05948 39.21734 17.26268 21.02380 22.02272 8.24621 34.00000 60.03332 5.83095 16.27882 53.81450 80.26207 7.07107 
12.00000 59.41380 19.64688 53.75872 19.00000 40.36087 14.14214 24.00000 14.76482 0.00000 28.17801 40.11234 32.52691 29.06888 20.24846 20.61553 32.75668 18.38478 20.61553 22.02272 34.05877 34.78505 7.07107 57.07013 17.11724 18.11077 9.84886 17.80449 15.52417 24.33105 31.89044 40.24922 53.60037 16.15549 26.01922 36.13862 18.02776 6.70820 13.60147 43.82921 26.24881 57.70615 14.03567 39.00000 23.32381 61.07373 40.60788 8.06226 22.02272 41.43670 31.89044 26.30589 8.24621 31.06445 23.02173 39.11521 54.12024 24.73863 36.68787 24.18677 47.80167 48.70318 54.33231 36.87818 54.12947 21.26029 59.13544 9.89949 38.58756 21.58703 18.86796 31.78050 46.09772 38.89730 54.23099 25.96151 13.45362 25.07987 35.73514 10.04988 15.81139 17.80449 28.63564 47.42362 26.40076 46.69047 22.13594 22.80351 54.23099 33.00000 30.00000 14.14214 31.30495 20.51828 22.84732 19.23538 54.12947 16.12452 18.02776 40.22437 68.02941 12.00000 
39.21734 78.79086 10.00000 76.55064 45.88028 17.11724 27.45906 13.03840 38.47077 28.17801 0.00000 57.38467 36.05551 49.92995 8.48528 30.80584 26.17250 43.86342 30.80584 25.63201 52.32590 41.18252 22.80351 70.40597 43.41659 41.10961 30.41381 11.18034 19.72308 23.70654 47.29693 65.19202 68.15424 31.06445 45.79301 58.82176 31.76476 34.88553 21.00000 23.00000 30.41381 64.03124 24.02082 25.07987 14.76482 79.12016 19.00000 35.11410 25.63201 65.00000 11.70470 9.05539 27.45906 29.20616 26.68333 46.17359 65.76473 41.59327 26.07681 15.26434 70.17834 59.68249 69.64194 11.40175 67.46851 41.01219 77.62087 26.90725 64.35060 31.04835 47.01064 43.68066 70.43437 51.66237 69.92138 6.00000 41.04875 18.02776 59.20304 19.20937 20.09975 26.40076 18.38478 56.22277 12.04159 61.40033 32.98485 39.82462 63.12686 52.35456 49.73932 41.88078 41.78516 48.01042 46.17359 23.40940 75.17978 42.44997 26.47640 46.04346 75.05998 39.21734 
42.72002 21.47091 47.75982 22.82542 45.65085 74.00000 30.80584 45.17743 49.64877 40.11234 57.38467 0.00000 26.24881 12.08305 49.64877 60.53098 72.11103 25.07987 60.53098 62.03225 6.08276 74.33034 39.20459 17.88854 46.51881 22.56103 31.01612 52.17279 37.94733 64.00781 68.35203 21.37756 13.92839 55.73150 14.14214 13.00000 25.96151 38.07887 53.00943 79.12016 28.60070 26.40076 54.03702 76.94154 60.67125 21.84033 75.28612 42.44997 62.03225 17.02939 66.48308 49.64877 48.25971 71.00704 31.38471 19.31321 16.97056 16.27882 75.42546 61.66036 17.08801 14.31782 14.31782 68.70953 15.26434 57.24509 20.24846 33.24154 24.04163 61.52235 35.51056 14.86607 22.09072 9.48683 14.14214 51.89412 32.31099 63.38770 15.23155 41.59327 55.03635 31.01612 66.61081 17.26268 62.36986 7.81025 61.81424 18.24829 20.59126 7.61577 10.44031 32.69557 70.09280 30.23243 54.56189 34.01470 19.10497 46.09772 58.13777 21.18962 33.30165 42.72002 
41.88078 46.86150 28.28427 48.82622 47.88528 53.15073 18.38478 23.02173 46.86150 32.52691 36.05551 26.24881 0.00000 25.70992 30.26549 51.31277 57.28001 30.59412 51.31277 50.08992 23.70654 65.51336 27.20294 35.11410 47.16991 25.49510 23.60085 35.17101 20.61553 50.69517 64.38167 43.01163 33.54102 47.80167 22.20360 34.17601 15.26434 35.22783 40.70626 59.03389 6.70820 28.28427 43.04649 59.53990 44.38468 46.04346 55.03635 39.20459 50.08992 40.31129 47.04253 27.16616 39.82462 57.93962 10.77033 10.19804 30.08322 17.02939 59.22837 45.35416 42.72002 24.04163 35.35534 47.26521 32.31099 53.75872 45.00000 22.62742 44.14748 52.15362 41.10961 11.66190 46.09772 17.80449 35.84690 30.06659 34.53983 47.80167 35.73514 27.29469 42.04759 15.00000 50.21952 20.22375 44.55334 27.45906 53.25411 17.02939 27.07397 25.07987 24.04163 35.46830 63.00794 37.85499 54.40588 15.23155 45.34314 46.32494 47.50789 10.00000 39.31921 41.88078 
30.67572 30.41381 39.96248 26.62705 33.61547 65.74192 22.47221 38.94868 37.64306 29.06888 49.92995 12.08305 25.70992 0.00000 41.67733 49.09175 61.66036 13.00000 49.09175 51.08816 6.40312 62.64982 29.41088 29.96665 34.43835 11.00000 20.88061 43.08132 30.23243 53.33854 56.30275 17.46425 26.00000 44.18144 4.24264 9.21954 18.43909 26.30589 42.42641 70.38466 25.05993 36.40055 43.10452 67.18631 50.96077 32.01562 66.70832 30.59412 51.08816 15.62050 57.77543 43.27817 37.00000 60.13319 26.40076 23.34524 28.60070 9.43398 65.30697 51.92302 20.24846 24.75884 26.24881 60.90156 27.29469 45.22168 30.06659 23.76973 18.43909 50.08992 23.60085 15.00000 21.40093 16.12452 25.96151 45.00000 20.24846 53.36666 10.29563 32.31099 44.55334 24.08319 56.75385 26.07681 53.14132 19.72308 50.24938 10.63015 31.14482 4.47214 2.23607 20.61553 58.24946 18.43909 42.48529 27.58623 25.63201 34.01470 47.01064 25.31798 44.59821 30.67572 
31.78050 70.93659 2.00000 68.26419 38.63936 24.35159 19.23538 8.60233 32.00000 20.24846 8.48528 49.64877 30.26549 41.67733 0.00000 27.29469 27.73085 35.38361 27.29469 23.43075 44.38468 39.69887 14.42221 63.50591 36.34556 32.64966 21.93171 6.40312 11.70470 22.67157 43.46263 56.72742 61.00000 26.24881 37.58989 50.47772 23.76973 26.92582 16.15549 29.61419 24.02082 58.54912 19.31321 29.27456 14.76482 71.47027 25.70992 27.65863 23.43075 56.61272 17.11724 7.61577 21.02380 29.41088 20.00000 40.04997 59.13544 33.61547 29.12044 15.65248 61.91123 53.08484 62.36986 19.23538 60.53098 35.69314 69.89278 18.43909 55.86591 27.78489 38.91015 36.49658 62.00806 44.55334 62.58594 6.00000 32.75668 18.35756 50.80354 10.81665 16.12452 18.68154 20.24846 50.01000 14.31782 54.12947 29.52965 31.78050 57.03508 44.28318 41.59327 33.61547 39.11521 39.66106 40.04997 16.12452 67.08204 35.35534 22.82542 40.19950 69.58448 31.78050 
21.18962 79.02531 28.30194 72.00694 24.41311 33.52611 33.54102 35.22783 15.26434 20.61553 30.80584 60.53098 51.31277 49.09175 27.29469 0.00000 16.97056 37.05401 0.00000 6.32456 54.45181 14.31782 24.18677 77.66595 21.63331 38.11824 30.36445 21.02380 31.24100 9.84886 16.49242 57.48913 74.14850 5.09902 46.38965 55.14526 38.07887 23.02173 11.40175 34.00000 44.65423 77.87811 8.48528 25.61250 17.00000 81.02469 32.31099 19.23538 6.32456 59.68249 26.30589 34.88553 12.36932 13.03840 40.80441 59.03389 74.72617 45.35416 21.93171 17.02939 66.48308 69.26038 74.81310 33.24154 74.73286 12.52996 79.00633 29.54657 55.08176 1.00000 31.95309 52.20153 63.56099 59.48109 74.67262 32.69557 30.26549 15.29706 54.33231 24.20744 11.18034 36.35932 18.02776 67.77905 21.02380 67.26812 2.23607 43.41659 74.67262 53.23533 50.24938 30.41381 12.04159 36.13862 19.41649 36.40055 73.24616 21.09502 4.47214 59.94164 88.39118 21.18962 
37.21559 92.07063 29.54657 86.40023 41.23106 20.09975 42.10701 36.23534 32.01562 32.75668 26.17250 72.11103 57.28001 61.66036 27.73085 16.97056 0.00000 50.96077 16.97056 11.66190 66.18912 18.02776 33.00000 88.09086 38.41875 50.80354 41.10961 22.13594 36.87818 8.54400 29.12044 72.44998 85.00588 21.40093 58.30952 68.88396 47.09565 37.33631 19.23538 18.43909 50.69517 85.37564 18.97367 8.94427 13.00000 93.53609 18.00000 34.43835 11.66190 74.04053 16.12452 33.83785 25.63201 5.09902 46.57252 66.49060 84.38009 56.00893 5.00000 12.08305 80.52329 78.51751 86.00581 22.47221 85.09407 29.20616 91.66242 39.00000 70.38466 16.27882 47.88528 61.29437 78.43469 69.18092 86.02325 30.80584 44.94441 9.48683 68.41053 31.14482 17.11724 43.56604 7.81025 76.11833 14.21267 78.00641 17.80449 54.00926 83.18654 65.37584 62.39391 45.31004 21.37756 51.47815 36.23534 42.20190 86.88498 37.80212 16.12452 66.94027 96.31718 37.21559 
17.72005 42.00000 34.05877 35.44009 20.80865 58.00862 18.38478 35.35534 24.73863 18.38478 43.86342 25.07987 30.59412 13.00000 35.38361 37.05401 50.96077 0.00000 37.05401 39.81206 19.23538 50.15974 21.26029 42.95346 21.47091 5.09902 13.60147 35.00000 25.55386 42.44997 43.32436 21.95450 39.00000 32.01562 12.04159 18.11077 17.11724 14.03567 31.95309 61.91123 27.00000 48.08326 32.01562 57.38467 41.59327 44.18144 58.52350 18.02776 39.81206 23.08679 49.64877 39.11521 25.49510 48.83646 26.30589 32.24903 41.34005 14.76482 55.02727 42.48529 29.61419 37.01351 39.21734 53.90733 40.24922 32.28002 42.10701 17.20465 20.61553 38.05260 11.40175 23.32381 27.73085 27.58623 38.89730 40.00000 7.28011 43.46263 17.46425 24.75884 34.17601 21.84033 47.01064 37.48333 44.41846 32.64966 38.00000 13.92839 43.27817 17.46425 14.76482 7.61577 45.54119 7.28011 29.52965 25.29822 36.22154 21.02380 35.51056 34.00000 57.00877 17.72005 
21.18962 79.02531 28.30194 72.00694 24.41311 33.52611 33.54102 35.22783 15.26434 20.61553 30.80584 60.53098 51.31277 49.09175 27.29469 0.00000 16.97056 37.05401 0.00000 6.32456 54.45181 14.31782 24.18677 77.66595 21.63331 38.11824 30.36445 21.02380 31.24100 9.84886 16.49242 57.48913 74.14850 5.09902 46.38965 55.14526 38.07887 23.02173 11.40175 34.00000 44.65423 77.87811 8.48528 25.61250 17.00000 81.02469 32.31099 19.23538 6.32456 59.68249 26.30589 34.88553 12.36932 13.03840 40.80441 59.03389 74.72617 45.35416 21.93171 17.02939 66.48308 69.26038 74.81310 33.24154 74.73286 12.52996 79.00633 29.54657 55.08176 1.00000 31.95309 52.20153 63.56099 59.48109 74.67262 32.69557 30.26549 15.29706 54.33231 24.20744 11.18034 36.35932 18.02776 67.77905 21.02380 67.26812 2.23607 43.41659 74.67262 53.23533 50.24938 30.41381 12.04159 36.13862 19.41649 36.40055 73.24616 21.09502 4.47214 59.94164 88.39118 21.18962 
25.55386 81.39410 24.75884 75.18643 29.73214 27.20294 33.24154 31.82766 20.51828 22.02272 25.63201 62.03225 50.08992 51.08816 23.43075 6.32456 11.66190 39.81206 6.32456 0.00000 56.00893 16.27882 23.76973 78.63841 26.90725 40.11234 31.14482 17.02939 29.52965 3.60555 22.09072 61.03278 75.32596 9.89949 48.00000 57.87055 38.07887 25.96151 9.48683 27.78489 43.38202 77.49194 8.00000 19.79899 11.18034 83.09633 26.00000 22.84732 0.00000 62.81720 20.09975 30.80584 14.31782 9.05539 39.35734 58.52350 75.31268 46.27094 16.40122 11.04536 69.42622 69.63476 76.16430 27.07397 75.66373 18.78829 81.15417 29.61419 58.87274 6.08276 36.23534 52.39275 67.05222 60.01666 76.10519 28.30194 33.52611 9.05539 57.27128 22.84732 8.06226 35.46830 11.70470 67.72001 15.03330 68.35934 8.06226 44.28318 74.72617 55.00909 52.00961 33.83785 16.15549 39.92493 25.55386 34.88553 75.95393 26.24881 4.47214 59.23681 88.23265 25.55386 
36.76955 26.57066 42.54409 25.49510 39.96248 68.70953 25.29822 40.49691 43.65776 34.05877 52.32590 6.08276 23.70654 6.40312 44.38468 54.45181 66.18912 19.23538 54.45181 56.00893 0.00000 68.24954 33.37664 23.76973 40.70626 16.49242 25.07987 46.57252 32.69557 58.03447 62.39391 20.09975 19.92486 49.64877 8.06226 11.04536 20.61553 32.01562 47.04253 73.68175 24.75884 30.23243 48.01042 71.19691 54.91812 27.45906 69.89278 36.40055 56.00893 16.76305 61.03278 44.94441 42.19005 65.00000 27.01851 19.02630 22.20360 10.77033 69.58448 55.90170 19.20937 18.43909 20.39608 63.56099 21.02380 51.26402 25.70992 27.45906 22.02272 55.44367 30.00000 12.08305 22.47221 10.44031 20.22375 47.01064 26.40076 57.55867 13.00000 35.90265 49.09175 25.94224 60.82763 20.12461 56.75385 13.41641 55.73150 12.64911 24.83948 2.23607 4.47214 26.83282 64.03124 24.83948 48.76474 29.15476 23.02173 40.24922 52.08647 21.02380 38.20995 36.76955 
33.01515 92.08692 41.03657 84.21401 33.95585 38.11824 47.85394 48.10405 26.07681 34.78505 41.18252 74.33034 65.51336 62.64982 39.69887 14.31782 18.02776 50.15974 14.31782 16.27882 68.24954 0.00000 38.47077 91.67879 31.57531 51.78803 44.59821 33.30165 45.22168 17.49286 13.45362 69.35416 88.07383 18.68154 60.20797 68.02941 52.39275 36.34556 25.00000 36.12478 58.83026 92.19544 22.47221 26.17250 26.41969 94.33981 36.01389 32.14032 16.27882 72.06247 33.24154 47.01064 26.57066 13.15295 54.91812 73.34848 88.88757 59.48109 22.09072 25.94224 79.02531 83.48653 88.64536 40.02499 88.76936 19.64688 92.26592 43.86342 66.61081 13.41641 43.28972 66.48308 75.42546 73.68175 88.45903 44.40721 43.04649 23.25941 67.00000 38.27532 24.08319 50.60632 24.04163 82.07923 29.54657 81.25269 12.64911 57.56735 88.95504 66.91039 63.95311 43.01163 5.83095 48.09366 26.00000 50.47772 86.00000 31.40064 18.02776 74.24284 102.69372 33.01515 
19.02630 59.66574 13.41641 55.46170 26.01922 36.89173 9.48683 17.02939 21.54066 7.07107 22.80351 39.20459 27.20294 29.41088 14.42221 24.18677 33.00000 21.26029 24.18677 23.76973 33.37664 38.47077 0.00000 55.14526 24.18677 19.23538 8.54400 13.89244 8.54400 25.17936 37.53665 43.01163 52.00961 20.61553 25.70992 37.57659 14.31782 13.15295 14.31782 41.14608 20.61553 53.85165 16.15549 37.85499 21.58703 60.82763 37.58989 15.13275 23.76973 43.41659 28.65310 19.64688 12.72792 32.38827 16.97056 34.92850 51.62364 23.02173 36.22154 22.56103 49.24429 45.89118 53.00943 32.64966 52.15362 27.45906 59.03389 6.00000 41.86884 25.05993 24.69818 28.63564 48.54894 36.34556 53.03772 19.69772 18.35756 24.18677 37.58989 3.60555 16.12452 12.20656 27.45906 43.96590 23.76973 45.01111 26.07681 21.02380 50.96077 32.75668 29.83287 19.23538 35.80503 25.23886 29.73214 12.80625 55.02727 23.19483 20.61553 35.77709 64.51356 19.02630 
60.53924 18.24829 61.52235 28.44293 63.52952 87.47571 46.01087 57.48913 67.41662 57.07013 70.40597 17.88854 35.11410 29.96665 63.50591 77.66595 88.09086 42.95346 77.66595 78.63841 23.76973 91.67879 55.14526 0.00000 64.40497 40.16217 47.51842 67.06713 52.15362 80.30567 86.16264 35.22783 4.24264 73.00685 31.62278 29.00000 41.01219 55.65968 69.35416 93.05912 40.02499 16.76305 70.71068 92.08692 76.00658 14.86607 89.10668 60.08328 78.63841 30.23243 80.62258 61.84658 65.30697 87.46428 43.73786 25.07987 5.65685 32.38827 91.00000 77.00649 26.00000 11.18034 5.38516 81.78631 3.00000 75.02666 15.29706 49.16299 38.60052 78.64477 53.33854 27.07397 33.10589 19.02630 6.32456 64.53681 50.15974 79.00633 31.11270 57.00877 71.25307 45.09989 82.00610 15.81139 77.16217 10.44031 79.07591 34.36568 11.66190 25.49510 28.23119 50.56679 87.64131 48.02083 72.44998 47.38143 22.20360 63.97656 74.96666 25.94224 18.02776 60.53924 
5.38516 61.81424 36.12478 53.00000 2.82843 52.15362 29.54657 41.04875 6.40312 17.11724 43.41659 46.51881 47.16991 34.43835 36.34556 21.63331 38.41875 21.47091 21.63331 26.90725 40.70626 31.57531 24.18677 64.40497 0.00000 25.00000 23.70654 32.28002 32.55764 30.41381 22.36068 38.01316 60.41523 17.02939 33.28663 37.85499 31.90611 12.08305 23.70654 54.03702 41.59327 68.88396 21.63331 46.69047 34.13210 64.53681 51.61395 9.05539 26.90725 41.10961 43.90900 43.04649 16.15549 34.66987 39.00000 51.66237 62.76942 34.71311 43.27817 34.66987 48.16638 58.24946 60.53924 50.08992 61.71710 12.04159 62.36986 25.63201 35.12834 22.47221 12.04159 43.13931 44.04543 48.60041 60.16644 42.29657 14.42221 34.20526 36.49658 27.01851 25.55386 33.61547 37.64306 58.25805 38.07887 54.12024 21.47091 33.24154 64.40497 38.91015 36.23534 13.89244 26.17250 17.26268 8.06226 35.73514 55.32630 1.00000 22.62742 53.15073 78.23682 5.38516 
20.59126 41.30375 31.14482 36.24914 24.75884 56.08030 14.42221 31.62278 27.31300 18.11077 41.10961 22.56103 25.49510 11.00000 32.64966 38.11824 50.80354 5.09902 38.11824 40.11234 16.49242 51.78803 19.23538 40.16217 25.00000 0.00000 10.81665 33.12099 22.02272 42.42641 46.09772 24.08319 36.40055 33.24154 8.54400 18.38478 12.36932 15.52417 31.57531 60.37384 22.02272 43.93177 32.14032 56.61272 40.49691 43.01163 56.82429 19.92486 40.11234 24.18677 47.88528 35.60899 26.00000 49.16299 21.58703 27.45906 38.01316 10.00000 54.57105 41.43670 30.08322 33.28663 36.87818 51.61395 37.33631 34.92850 41.04875 14.21267 23.43075 39.11521 16.12452 18.60108 29.41088 23.60085 36.67424 36.79674 10.63015 42.72002 18.35756 22.47221 33.73426 17.46425 46.17359 33.30165 42.95346 29.73214 39.31921 8.94427 39.40812 15.13275 12.16553 11.31371 47.53946 12.36932 33.01515 21.02380 36.13862 24.41311 36.01389 29.15476 53.25411 20.59126 
18.35756 51.19570 20.51828 46.95743 24.69818 45.27693 6.08276 21.93171 23.34524 9.84886 30.41381 31.01612 23.60085 20.88061 21.93171 30.36445 41.10961 13.60147 30.36445 31.14482 25.07987 44.59821 8.54400 47.51842 23.70654 10.81665 0.00000 22.36068 12.08305 33.00000 41.40048 34.82815 44.18144 26.00000 17.26268 29.06888 8.48528 11.66190 22.00000 49.65884 17.88854 47.88528 23.19483 46.32494 30.08322 52.46904 46.06517 15.62050 31.14482 34.98571 37.12142 25.55386 18.02776 40.04997 15.52417 29.41088 44.38468 15.13275 44.55334 31.04835 40.71855 38.89730 45.04442 40.80441 44.55334 30.47950 50.63596 3.60555 33.94113 31.32092 20.02498 21.93171 40.22437 29.12044 45.01111 26.40076 13.03840 32.55764 29.15476 11.66190 24.02082 10.19804 35.90265 37.57659 32.31099 37.21559 31.95309 13.15295 44.38468 24.33105 21.37756 14.03567 41.14608 18.97367 30.80584 13.00000 46.48656 22.82542 27.45906 30.61046 58.18075 18.35756 
28.23119 73.08215 7.81025 69.31811 34.78505 23.02173 21.37756 14.86607 27.29469 17.80449 11.18034 52.17279 35.17101 43.08132 6.40312 21.02380 22.13594 35.00000 21.02380 17.02939 46.57252 33.30165 13.89244 67.06713 32.28002 33.12099 22.36068 0.00000 15.03330 16.40122 37.33631 56.85948 64.28063 20.39608 39.21734 51.42956 26.30589 24.41311 10.19804 27.31300 28.63564 63.34824 13.34166 25.01999 9.21954 73.97973 23.70654 24.16609 17.02939 57.30620 14.76482 13.89244 16.27882 23.32381 24.51530 44.55334 63.00794 35.90265 24.18677 10.19804 63.07139 57.03508 65.49046 19.10497 64.07027 30.14963 72.27724 19.31321 55.60576 21.47091 36.61967 40.01250 62.43397 48.04165 65.62012 11.70470 31.14482 12.64911 51.47815 10.77033 9.84886 22.00000 15.13275 54.33231 10.19804 57.31492 23.25941 33.95585 61.40033 46.17359 43.32436 31.89044 32.75668 38.20995 35.05710 20.22375 68.70953 31.32092 16.55295 44.91102 74.33034 28.23119 
27.29469 59.23681 9.84886 56.85948 34.23449 36.05551 7.81025 9.84886 30.08322 15.52417 19.72308 37.94733 20.61553 30.23243 11.70470 31.24100 36.87818 25.55386 31.24100 29.52965 32.69557 45.22168 8.54400 52.15362 32.55764 22.02272 12.08305 15.03330 0.00000 30.08322 45.60702 45.96738 49.49747 28.31960 26.07681 39.20459 12.08305 21.02380 20.24846 41.23106 13.92839 48.50773 22.80351 40.00000 24.18677 59.77458 37.36308 23.53720 29.52965 45.45327 28.63564 13.60147 20.80865 37.33631 9.84886 29.61419 48.00000 21.93171 39.20459 25.17936 50.47772 42.01190 50.80354 30.87070 49.16299 35.84690 58.18935 8.54400 45.45327 32.01562 31.57531 25.07987 50.99020 33.13608 50.99020 14.86607 24.73863 27.45906 39.69887 7.07107 21.47091 7.07107 30.14963 39.31921 25.01999 42.57934 33.30165 20.12461 46.38965 32.64966 30.01666 25.70992 43.18565 31.01612 38.27532 5.38516 55.47071 31.57531 27.20294 30.08322 59.43904 27.29469 
28.84441 83.72574 24.20744 77.88453 33.24154 23.76973 34.52535 31.24100 24.04163 24.33105 23.70654 64.00781 50.69517 53.33854 22.67157 9.84886 8.54400 42.44997 9.84886 3.60555 58.03447 17.49286 25.17936 80.30567 30.41381 42.42641 33.00000 16.40122 30.08322 0.00000 25.00000 63.90618 77.10383 13.45362 50.08992 60.41523 39.45884 28.79236 11.00000 24.18677 44.01136 78.44743 10.44031 16.27882 8.94427 85.28775 22.47221 25.94224 3.60555 65.52099 17.00000 29.73214 17.08801 7.28011 39.92493 59.48109 76.79193 48.04165 13.03840 8.54400 72.03471 71.02112 78.02564 24.00000 77.31753 22.36068 83.38465 31.14482 61.84658 9.48683 39.44617 53.75872 69.89278 61.52235 78.00641 27.01851 36.40055 6.08276 59.90826 23.76973 9.05539 36.40055 8.24621 68.88396 12.36932 70.11419 11.40175 46.04346 75.92760 57.14018 54.14795 36.76955 18.43909 42.95346 29.15476 35.46830 78.44743 29.73214 7.81025 60.08328 89.28606 28.84441 
25.63201 84.17244 44.28318 75.10659 24.08319 48.37355 46.01087 51.00000 18.78829 31.89044 47.29693 68.35203 64.38167 56.30275 43.46263 16.49242 29.12044 43.32436 16.49242 22.09072 62.39391 13.45362 37.53665 86.16264 22.36068 46.09772 41.40048 37.33631 45.60702 25.00000 0.00000 60.07495 82.28001 17.49286 54.62600 60.20797 49.81967 30.88689 27.31300 47.53946 57.98276 89.04493 24.16609 37.94733 33.24154 86.88498 46.69047 26.41969 22.09072 63.38770 42.00000 51.07837 24.83948 24.04163 54.48853 70.80254 84.09518 55.07268 33.83785 33.13608 70.45566 79.17702 82.54090 49.00000 83.38465 11.18034 84.72308 41.77320 57.00877 16.27882 34.36568 62.96825 66.03030 69.35416 82.21922 49.04080 36.05551 31.01612 58.85576 38.60052 27.51363 49.49747 33.06055 78.54935 37.12142 75.76939 14.31782 53.33854 85.08819 60.74537 57.93962 35.73514 8.06226 39.62323 15.00000 50.32892 77.64664 22.56103 20.88061 72.00694 98.97980 25.63201 
36.49658 25.49510 55.22681 15.03330 36.01389 79.88116 38.20995 55.31727 43.28972 40.24922 65.19202 21.37756 43.01163 17.46425 56.72742 57.48913 72.44998 21.95450 57.48913 61.03278 20.09975 69.35416 43.01163 35.22783 38.01316 24.08319 34.82815 56.85948 45.96738 63.90618 60.07495 0.00000 31.06445 52.39275 21.47091 9.05539 35.00000 35.11410 53.71220 83.86298 42.48529 47.43416 53.48832 79.20227 63.52952 29.15476 80.45496 38.32754 61.03278 5.00000 71.56116 59.46427 46.81880 69.92138 43.56604 39.11521 36.67424 26.83282 76.69420 64.41273 11.18034 35.44009 30.00000 75.60423 33.61547 50.03998 26.92582 38.28838 3.60555 58.46366 26.07681 31.78050 6.08276 30.01666 29.20616 60.81118 27.51363 65.30697 7.28011 46.40043 55.94640 40.60788 68.87670 38.63936 66.37017 27.85678 58.05170 27.78489 41.43670 18.24829 18.97367 27.20294 64.12488 21.37756 45.09989 44.20407 18.38478 38.05260 56.61272 41.10961 52.83938 36.49658 
56.64804 16.15549 59.03389 25.07987 59.48109 85.14693 43.04649 55.36244 63.56886 53.60037 68.15424 13.92839 33.54102 26.00000 61.00000 74.14850 85.00588 39.00000 74.14850 75.32596 19.92486 88.07383 52.00961 4.24264 60.41523 36.40055 44.18144 64.28063 49.49747 77.10383 82.28001 31.06445 0.00000 69.42622 27.89265 24.75884 38.05260 51.92302 66.12110 90.60905 37.94733 19.10497 67.36468 89.27486 73.10951 13.60147 86.68333 56.32051 75.32596 26.07681 78.08969 59.77458 61.81424 84.21401 41.48494 23.85372 7.07107 29.06888 88.05112 74.10803 22.13594 10.63015 2.23607 79.55501 3.00000 71.16881 13.41641 46.01087 34.40930 75.13322 49.24429 24.51530 29.15476 16.49242 3.16228 62.36185 46.23851 76.02631 26.87006 54.03702 68.06614 42.42641 79.10120 15.62050 74.43118 7.00000 75.50497 31.06445 13.34166 21.54066 24.35159 46.61545 83.93450 43.90900 68.44706 44.91102 19.00000 60.00833 71.56815 25.00000 21.93171 56.64804 
16.15549 74.00676 26.92582 66.91039 19.84943 36.24914 29.68164 33.54102 10.63015 16.15549 31.06445 55.73150 47.80167 44.18144 26.24881 5.09902 21.40093 32.01562 5.09902 9.89949 49.64877 18.68154 20.61553 73.00685 17.02939 33.24154 26.00000 20.39608 28.31960 13.45362 17.49286 52.39275 69.42622 0.00000 41.59327 50.08992 34.00000 18.00000 10.19804 37.44329 41.23106 73.79024 7.07107 29.69848 18.68154 76.05919 35.35534 14.14214 9.89949 54.58938 28.46050 33.83785 8.06226 17.88854 37.53665 55.07268 70.21396 40.80441 26.24881 18.97367 61.40033 64.84597 70.03571 35.17101 70.09280 10.04988 74.02702 25.55386 50.00000 6.08276 26.92582 47.92703 58.46366 55.02727 69.87131 32.01562 25.17936 17.88854 49.25444 21.26029 11.00000 32.80244 21.09502 63.56099 22.80351 62.58594 6.08276 38.89730 70.38466 48.37355 45.39824 25.31798 15.26434 31.04835 16.15549 33.24154 68.18358 16.40122 5.83095 56.08030 84.17244 16.15549 
29.06888 33.95585 35.84690 30.80584 32.80244 61.74140 18.35756 34.71311 35.84690 26.01922 45.79301 14.14214 22.20360 4.24264 37.58989 46.38965 58.30952 12.04159 46.38965 48.00000 8.06226 60.20797 25.70992 31.62278 33.28663 8.54400 17.26268 39.21734 26.07681 50.08992 54.62600 21.47091 27.89265 41.59327 0.00000 13.45362 14.21267 24.04163 39.11521 66.48308 21.02380 36.06938 40.00000 63.56099 47.29693 35.22783 62.76942 28.46050 48.00000 19.84943 53.85165 39.05125 34.13210 57.00877 22.20360 21.18962 29.52965 5.38516 61.81424 48.27007 24.41311 25.00000 28.44293 56.82429 28.79236 43.46263 33.37664 19.92486 22.13594 47.38143 23.34524 12.36932 25.61250 15.55635 28.28427 40.80441 18.86796 49.81967 14.42221 28.46050 41.19466 19.84943 53.15073 25.49510 49.33559 21.18962 47.67599 6.40312 31.24100 7.07107 4.12311 19.41649 56.04463 18.60108 41.34005 23.34524 29.54657 32.75668 44.04543 23.08679 45.00000 29.06888 
35.12834 24.08319 48.82622 17.88854 36.40055 74.30343 31.40064 48.10405 42.19005 36.13862 58.82176 13.00000 34.17601 9.21954 50.47772 55.14526 68.88396 18.11077 55.14526 57.87055 11.04536 68.02941 37.57659 29.00000 37.85499 18.38478 29.06888 51.42956 39.20459 60.41523 60.20797 9.05539 24.75884 50.08992 13.45362 0.00000 27.58623 32.14032 49.72927 78.72103 34.13210 39.39543 50.01000 74.94665 58.87274 26.68333 75.13322 36.01389 57.87055 6.40312 66.18912 52.40229 43.56604 66.91039 35.60899 30.06659 29.41088 18.60108 72.80110 59.80803 11.70470 27.31300 24.20744 69.64194 26.90725 49.49747 24.51530 32.24903 11.18034 56.14268 25.96151 22.80351 12.20656 21.09502 23.60085 54.03702 25.00000 61.03278 2.23607 40.70626 51.92302 33.24154 64.51356 30.08322 61.32699 20.24846 56.03570 19.84943 33.54102 9.21954 10.29563 25.01999 63.19810 20.61553 45.60702 36.76955 18.11077 37.65634 53.60037 32.06244 45.80393 35.12834 
26.62705 47.16991 21.93171 45.00000 32.64966 48.10405 5.00000 20.51828 31.82766 18.02776 31.76476 25.96151 15.26434 18.43909 23.76973 38.07887 47.09565 17.11724 38.07887 38.07887 20.61553 52.39275 14.31782 41.01219 31.90611 12.36932 8.48528 26.30589 12.08305 39.45884 49.81967 35.00000 38.05260 34.00000 14.21267 27.58623 0.00000 20.00000 28.63564 53.16014 10.19804 39.81206 30.36445 51.24451 35.05710 47.80167 49.33559 24.08319 38.07887 33.94113 40.52160 24.83948 25.94224 46.69047 9.21954 21.09502 37.33631 9.84886 50.01000 36.05551 38.60052 31.57531 39.20459 42.95346 38.01316 38.94868 46.17359 8.54400 34.98571 39.00000 26.47640 14.31782 39.62323 22.09072 39.31921 26.62705 19.64688 38.00000 28.31960 16.00000 30.41381 5.65685 41.04875 29.73214 36.49658 31.06445 39.81206 8.06226 36.68787 20.59126 18.02776 20.61553 49.24429 24.00000 39.20459 9.21954 43.41659 31.06445 34.78505 22.20360 50.32892 26.62705 
6.70820 56.00893 26.24881 49.24429 13.34166 46.66905 17.46425 30.14963 12.20656 6.70820 34.88553 38.07887 35.22783 26.30589 26.92582 23.02173 37.33631 14.03567 23.02173 25.96151 32.01562 36.34556 13.15295 55.65968 12.08305 15.52417 11.66190 24.41311 21.02380 28.79236 30.88689 35.11410 51.92302 18.00000 24.04163 32.14032 20.00000 0.00000 18.86796 49.81967 29.52965 58.24946 18.38478 44.29447 29.20616 58.07753 46.75468 4.47214 25.96151 36.87818 38.18377 32.75668 11.70470 34.92850 26.92582 40.36087 53.31041 24.18677 41.62932 30.00000 43.56604 48.30114 52.39275 43.41659 52.81098 19.72308 56.03570 13.60147 33.10589 24.02082 12.20656 32.20248 41.10961 38.47077 52.17279 32.57299 7.61577 30.52868 31.40064 16.49242 21.09502 21.54066 34.13210 47.70744 32.55764 45.22168 24.02082 22.47221 54.20332 30.59412 27.65863 8.06226 32.01562 14.42221 19.20937 23.76973 50.24938 11.18034 21.58703 41.72529 68.09552 6.70820 
20.61553 72.83543 17.00000 67.35726 26.41969 28.60070 23.76973 23.85372 18.02776 13.60147 21.00000 53.00943 40.70626 42.42641 16.15549 11.40175 19.23538 31.95309 11.40175 9.48683 47.04253 25.00000 14.31782 69.35416 23.70654 31.57531 22.00000 10.19804 20.24846 11.00000 27.31300 53.71220 66.12110 10.19804 39.11521 49.72927 28.63564 18.86796 0.00000 31.14482 34.00000 68.00735 3.16228 25.49510 10.63015 74.33034 28.31960 16.97056 9.48683 55.02727 20.24846 23.76973 7.81025 18.11077 30.01666 49.04080 65.92420 37.05401 23.08679 11.31371 61.40033 60.20797 67.02984 26.40076 66.37017 20.02498 72.44308 20.22375 51.88449 12.04159 30.47950 42.95346 59.61543 50.63596 67.00746 21.84033 26.41969 11.66190 49.33559 13.41641 2.23607 26.00000 15.26434 58.24088 14.42221 59.13544 13.60147 35.05710 65.25335 46.17359 43.18565 26.92582 23.43075 33.28663 25.31798 25.55386 67.68309 22.82542 7.07107 49.76947 78.74643 20.61553 
51.62364 100.24470 31.57531 96.60745 56.85068 6.32456 48.38388 36.01389 47.80167 43.82921 23.00000 79.12016 59.03389 70.38466 29.61419 34.00000 18.43909 61.91123 34.00000 27.78489 73.68175 36.12478 41.14608 93.05912 54.03702 60.37384 49.65884 27.31300 41.23106 24.18677 47.53946 83.86298 90.60905 37.44329 66.48308 78.72103 53.16014 49.81967 31.14482 0.00000 53.23533 87.02299 32.55764 10.00000 20.61553 100.96039 4.00000 48.10405 27.78489 84.53402 12.64911 32.01562 38.89730 23.53720 49.36598 69.11584 88.56636 62.93648 14.03567 19.84943 90.37699 82.49242 91.98369 12.36932 90.09439 46.52956 99.32774 46.61545 82.37718 33.54102 61.61980 66.09841 89.55445 74.14850 92.19544 29.00000 57.20140 19.84943 78.71467 38.07887 29.00000 48.27007 16.40122 79.15807 17.49286 83.74366 35.34119 61.03278 86.09297 73.38937 70.57620 57.80138 39.81206 64.20280 53.33854 45.70558 96.00521 53.26350 31.62278 69.02898 98.04591 51.62364 
36.23534 49.92995 22.02272 50.24938 42.54409 47.51842 12.20656 17.46425 40.80441 26.24881 30.41381 28.60070 6.70820 25.05993 24.02082 44.65423 50.69517 27.00000 44.65423 43.38202 24.75884 58.83026 20.61553 40.02499 41.59327 22.02272 17.88854 28.63564 13.92839 44.01136 57.98276 42.48529 37.94733 41.23106 21.02380 34.13210 10.19804 29.52965 34.00000 53.23533 0.00000 34.71311 36.35932 53.23533 37.85499 49.64877 49.25444 33.28663 43.38202 40.49691 41.01219 21.84033 33.30165 51.26402 4.12311 16.03122 35.35534 15.65248 52.77310 38.83298 43.93177 29.27456 39.56008 41.77320 37.10795 47.50789 48.37355 16.40122 43.08132 45.48626 36.67424 13.89244 46.32494 21.54066 39.92493 24.51530 29.83287 41.23106 35.35534 20.59126 35.34119 8.48528 43.73786 26.00000 38.20995 31.38471 46.61545 14.86607 33.01515 25.61250 23.85372 30.80584 56.40035 34.05877 48.54894 8.54400 47.50789 40.70626 40.81666 16.27882 45.70558 36.23534 
