nbNodes
27
nbVehi
5
nbServi
6
r
1 1 1 1 1 1
0 0 0 1 0 0
1 0 0 0 0 0
0 0 0 1 0 0
1 0 0 0 0 0
0 0 0 0 1 0
0 0 0 0 1 0
0 1 0 0 0 0
0 0 0 0 1 0
0 0 0 1 0 0
0 0 0 0 1 0
0 1 0 0 0 0
0 0 0 0 0 1
0 0 0 1 0 0
1 0 0 0 0 0
0 0 0 1 0 0
1 0 0 0 0 0
0 0 0 0 1 0
0 0 0 0 1 1
0 0 0 1 1 0
0 0 0 0 1 1
0 0 0 1 0 1
0 0 1 0 1 0
0 1 0 0 1 0
0 1 0 1 0 0
0 1 0 0 0 1
1 1 1 1 1 1
DS
26 25 24 23 22 21 20 19
a
1  0  0  0  0  0
0  1  1  0  0  0
0  0  0  1  1  1
0  0  0  1  1  1
0  0  0  1  1  1
x
13 93 46 97 81 23 91 95 86 73 93 95 35 74 8 48 72 17 10 55 39 92 68 98 41 0 13
y
5 11 21 45 31 39 8 42 8 18 10 14 36 49 36 44 40 45 49 28 22 30 18 37 1 0 5
d
0.0 80.224686 36.67424 93.03763 72.8011 35.44009 78.05767 89.961105 73.061615 61.39218 80.1561 82.492424 38.013157 75.21303 31.400637 52.40229 68.60029 40.1995 44.102154 47.88528 31.06445 82.86133 56.515484 90.824005 28.284271 13.928389 0.0
80.224686 0.0 48.052055 34.234486 23.323807 75.39231 3.6055512 31.06445 7.615773 21.189621 1.0 3.6055512 63.15853 42.48529 88.60023 55.803226 35.805027 83.25864 91.28527 41.62932 55.108982 19.026299 25.96151 26.476404 52.95281 93.64828 80.224686
36.67424 48.052055 0.0 56.364883 36.40055 29.206163 46.840153 53.310413 42.059483 27.166155 48.270073 49.497475 18.601076 39.59798 40.853397 23.086792 32.202484 37.64306 45.607018 11.401754 7.071068 46.872166 22.203604 54.405884 20.615528 50.566788 36.67424
93.03763 34.234486 56.364883 0.0 21.260292 74.24284 37.48333 3.6055512 38.600517 36.124783 35.22783 31.06445 62.649822 23.345236 89.453896 49.010204 25.495098 80.0 87.0919 45.310043 62.39391 15.811388 39.623226 8.062258 71.21797 106.929886 93.03763
72.8011 23.323807 36.40055 21.260292 0.0 58.549126 25.079872 17.804493 23.537205 15.264338 24.186773 22.022715 46.270943 19.313208 73.171036 35.468296 12.727922 65.51336 73.24616 26.172504 42.953465 11.045361 18.384777 18.027756 50.0 86.72946 72.8011
35.44009 75.39231 29.206163 74.24284 58.549126 0.0 74.73286 72.06247 70.21396 54.230988 75.76939 76.2168 12.369317 51.971146 15.297058 25.495098 49.010204 8.485281 16.40122 33.83785 23.345236 69.58448 49.658836 75.026665 42.047592 45.276924 35.44009
78.05767 3.6055512 46.840153 37.48333 25.079872 74.73286 0.0 34.234486 5.0 20.59126 2.828427 7.2111025 62.609905 44.38468 87.595665 56.0803 37.215588 82.73451 90.78546 41.18252 53.851646 22.022715 25.079872 29.832869 50.48762 91.350975 78.05767
89.961105 31.06445 53.310413 3.6055512 17.804493 72.06247 34.234486 0.0 35.17101 32.55764 32.06244 28.0 60.299255 22.135944 87.20665 47.042534 23.086792 78.05767 85.28775 42.379242 59.464275 12.369317 36.124783 5.8309517 67.80118 103.87011 89.961105
73.061615 7.615773 42.059483 38.600517 23.537205 70.21396 5.0 35.17101 0.0 16.40122 7.28011 10.816654 58.18075 42.72002 82.8734 52.34501 34.928497 78.29432 86.35392 36.891735 49.0408 22.803509 20.59126 31.38471 45.54119 86.37129 73.061615
61.39218 21.189621 27.166155 36.124783 15.264338 54.230988 20.59126 32.55764 16.40122 0.0 21.540659 22.36068 42.047592 31.016125 67.44627 36.069378 22.022715 62.169125 70.21396 20.59126 34.234486 22.472204 5.0 31.400637 36.23534 75.18643 61.39218
80.1561 1.0 48.270073 35.22783 24.186773 75.76939 2.828427 32.06244 7.28011 21.540659 0.0 4.472136 63.560993 43.382023 88.88757 56.400356 36.619667 83.67198 91.706055 42.047592 55.31727 20.024984 26.24881 27.45906 52.773098 93.53609 80.1561
82.492424 3.6055512 49.497475 31.06445 22.022715 76.2168 7.2111025 28.0 10.816654 22.36068 4.472136 0.0 63.90618 40.81666 89.73851 55.758408 34.713108 83.9345 91.92388 42.379242 56.568542 16.27882 27.294687 23.194826 55.542778 96.02604 82.492424
38.013157 63.15853 18.601076 62.649822 46.270943 12.369317 62.609905 60.299255 58.18075 42.047592 63.560993 63.90618 0.0 41.109608 27.0 15.264338 37.215588 20.12461 28.178005 21.540659 14.56022 57.31492 37.589893 63.007935 35.510563 50.20956 38.013157
75.21303 42.48529 39.59798 23.345236 19.313208 51.971146 44.38468 22.135944 42.72002 31.016125 43.382023 40.81666 41.109608 0.0 67.26812 26.476404 9.219544 57.14018 64.0 28.319605 44.20407 26.172504 31.575306 26.832815 58.249462 88.752464 75.21303
31.400637 88.60023 40.853397 89.453896 73.171036 15.297058 87.595665 87.20665 82.8734 67.44627 88.88757 89.73851 27.0 67.26812 0.0 40.792156 64.12488 12.727922 13.152946 47.67599 34.0147 84.21401 62.641838 90.005554 48.104053 36.878178 31.400637
52.40229 55.803226 23.086792 49.010204 35.468296 25.495098 56.0803 47.042534 52.34501 36.069378 56.400356 55.758408 15.264338 26.476404 40.792156 0.0 24.33105 31.016125 38.327538 17.464249 23.769728 46.173584 32.80244 50.48762 43.56604 65.11528 52.40229
68.60029 35.805027 32.202484 25.495098 12.727922 49.010204 37.215588 23.086792 34.928497 22.022715 36.619667 34.713108 37.215588 9.219544 64.12488 24.33105 0.0 55.226807 62.649822 20.808653 37.589893 22.36068 22.36068 26.172504 49.819675 82.36504 68.60029
40.1995 83.25864 37.64306 80.0 65.51336 8.485281 82.73451 78.05767 78.29432 62.169125 83.67198 83.9345 20.12461 57.14018 12.727922 31.016125 55.226807 0.0 8.062258 41.62932 31.827662 76.48529 57.706154 81.394104 50.119858 48.104053 40.1995
44.102154 91.28527 45.607018 87.0919 73.24616 16.40122 90.78546 85.28775 86.35392 70.21396 91.706055 91.92388 28.178005 64.0 13.152946 38.327538 62.649822 8.062258 0.0 49.658836 39.623226 84.17244 65.76473 88.814415 57.14018 50.01 44.102154
47.88528 41.62932 11.401754 45.310043 26.172504 33.83785 41.18252 42.379242 36.891735 20.59126 42.047592 42.379242 21.540659 28.319605 47.67599 17.464249 20.808653 41.62932 49.658836 0.0 17.088007 37.054016 16.40122 43.931767 30.413813 61.7171 47.88528
31.06445 55.108982 7.071068 62.39391 42.953465 23.345236 53.851646 59.464275 49.0408 34.234486 55.31727 56.568542 14.56022 44.20407 34.0147 23.769728 37.589893 31.827662 39.623226 17.088007 0.0 53.600372 29.274563 60.876926 21.095022 44.777225 31.06445
82.86133 19.026299 46.872166 15.811388 11.045361 69.58448 22.022715 12.369317 22.803509 22.472204 20.024984 16.27882 57.31492 26.172504 84.21401 46.173584 22.36068 76.48529 84.17244 37.054016 53.600372 0.0 26.832815 9.219544 58.66856 96.76776 82.86133
56.515484 25.96151 22.203604 39.623226 18.384777 49.658836 25.079872 36.124783 20.59126 5.0 26.24881 27.294687 37.589893 31.575306 62.641838 32.80244 22.36068 57.706154 65.76473 16.40122 29.274563 26.832815 0.0 35.510563 31.906113 70.34202 56.515484
90.824005 26.476404 54.405884 8.062258 18.027756 75.026665 29.832869 5.8309517 31.38471 31.400637 27.45906 23.194826 63.007935 26.832815 90.005554 50.48762 26.172504 81.394104 88.814415 43.931767 60.876926 9.219544 35.510563 0.0 67.41662 104.75209 90.824005
28.284271 52.95281 20.615528 71.21797 50.0 42.047592 50.48762 67.80118 45.54119 36.23534 52.773098 55.542778 35.510563 58.249462 48.104053 43.56604 49.819675 50.119858 57.14018 30.413813 21.095022 58.66856 31.906113 67.41662 0.0 41.01219 28.284271
13.928389 93.64828 50.566788 106.929886 86.72946 45.276924 91.350975 103.87011 86.37129 75.18643 93.53609 96.02604 50.20956 88.752464 36.878178 65.11528 82.36504 48.104053 50.01 61.7171 44.777225 96.76776 70.34202 104.75209 41.01219 0.0 13.928389
0.0 80.224686 36.67424 93.03763 72.8011 35.44009 78.05767 89.961105 73.061615 61.39218 80.1561 82.492424 38.013157 75.21303 31.400637 52.40229 68.60029 40.1995 44.102154 47.88528 31.06445 82.86133 56.515484 90.824005 28.284271 13.928389 0.0
p
0 0 0 0 0 0
0 0 0 0 0 0
0 0 0 0 0 0
0 0 0 0 0 0
0 0 0 0 0 0
15.0 15.0 15.0 15.0 15.0 15.0
15.0 15.0 15.0 15.0 15.0 15.0
15.0 15.0 15.0 15.0 15.0 15.0
15.0 15.0 15.0 15.0 15.0 15.0
15.0 15.0 15.0 15.0 15.0 15.0
15.0 15.0 15.0 15.0 15.0 15.0
15.0 15.0 15.0 15.0 15.0 15.0
15.0 15.0 15.0 15.0 15.0 15.0
15.0 15.0 15.0 15.0 15.0 15.0
15.0 15.0 15.0 15.0 15.0 15.0
15.0 15.0 15.0 15.0 15.0 15.0
15.0 15.0 15.0 15.0 15.0 15.0
15.0 15.0 15.0 15.0 15.0 15.0
15.0 15.0 15.0 15.0 15.0 15.0
15.0 15.0 15.0 15.0 15.0 15.0
15.0 15.0 15.0 15.0 15.0 15.0
15.0 15.0 15.0 15.0 15.0 15.0
15.0 15.0 15.0 15.0 15.0 15.0
15.0 15.0 15.0 15.0 15.0 15.0
15.0 15.0 15.0 15.0 15.0 15.0
15.0 15.0 15.0 15.0 15.0 15.0
15.0 15.0 15.0 15.0 15.0 15.0
15.0 15.0 15.0 15.0 15.0 15.0
15.0 15.0 15.0 15.0 15.0 15.0
15.0 15.0 15.0 15.0 15.0 15.0
15.0 15.0 15.0 15.0 15.0 15.0
15.0 15.0 15.0 15.0 15.0 15.0
15.0 15.0 15.0 15.0 15.0 15.0
15.0 15.0 15.0 15.0 15.0 15.0
15.0 15.0 15.0 15.0 15.0 15.0
15.0 15.0 15.0 15.0 15.0 15.0
15.0 15.0 15.0 15.0 15.0 15.0
15.0 15.0 15.0 15.0 15.0 15.0
15.0 15.0 15.0 15.0 15.0 15.0
15.0 15.0 15.0 15.0 15.0 15.0
15.0 15.0 15.0 15.0 15.0 15.0
15.0 15.0 15.0 15.0 15.0 15.0
15.0 15.0 15.0 15.0 15.0 15.0
15.0 15.0 15.0 15.0 15.0 15.0
15.0 15.0 15.0 15.0 15.0 15.0
15.0 15.0 15.0 15.0 15.0 15.0
15.0 15.0 15.0 15.0 15.0 15.0
15.0 15.0 15.0 15.0 15.0 15.0
15.0 15.0 15.0 15.0 15.0 15.0
15.0 15.0 15.0 15.0 15.0 15.0
15.0 15.0 15.0 15.0 15.0 15.0
15.0 15.0 15.0 15.0 15.0 15.0
15.0 15.0 15.0 15.0 15.0 15.0
15.0 15.0 15.0 15.0 15.0 15.0
15.0 15.0 15.0 15.0 15.0 15.0
15.0 15.0 15.0 15.0 15.0 15.0
15.0 15.0 15.0 15.0 15.0 15.0
15.0 15.0 15.0 15.0 15.0 15.0
15.0 15.0 15.0 15.0 15.0 15.0
15.0 15.0 15.0 15.0 15.0 15.0
15.0 15.0 15.0 15.0 15.0 15.0
15.0 15.0 15.0 15.0 15.0 15.0
15.0 15.0 15.0 15.0 15.0 15.0
15.0 15.0 15.0 15.0 15.0 15.0
15.0 15.0 15.0 15.0 15.0 15.0
15.0 15.0 15.0 15.0 15.0 15.0
15.0 15.0 15.0 15.0 15.0 15.0
15.0 15.0 15.0 15.0 15.0 15.0
15.0 15.0 15.0 15.0 15.0 15.0
15.0 15.0 15.0 15.0 15.0 15.0
15.0 15.0 15.0 15.0 15.0 15.0
15.0 15.0 15.0 15.0 15.0 15.0
15.0 15.0 15.0 15.0 15.0 15.0
15.0 15.0 15.0 15.0 15.0 15.0
15.0 15.0 15.0 15.0 15.0 15.0
15.0 15.0 15.0 15.0 15.0 15.0
15.0 15.0 15.0 15.0 15.0 15.0
15.0 15.0 15.0 15.0 15.0 15.0
15.0 15.0 15.0 15.0 15.0 15.0
15.0 15.0 15.0 15.0 15.0 15.0
15.0 15.0 15.0 15.0 15.0 15.0
15.0 15.0 15.0 15.0 15.0 15.0
15.0 15.0 15.0 15.0 15.0 15.0
15.0 15.0 15.0 15.0 15.0 15.0
15.0 15.0 15.0 15.0 15.0 15.0
15.0 15.0 15.0 15.0 15.0 15.0
15.0 15.0 15.0 15.0 15.0 15.0
15.0 15.0 15.0 15.0 15.0 15.0
15.0 15.0 15.0 15.0 15.0 15.0
15.0 15.0 15.0 15.0 15.0 15.0
15.0 15.0 15.0 15.0 15.0 15.0
15.0 15.0 15.0 15.0 15.0 15.0
15.0 15.0 15.0 15.0 15.0 15.0
15.0 15.0 15.0 15.0 15.0 15.0
15.0 15.0 15.0 15.0 15.0 15.0
15.0 15.0 15.0 15.0 15.0 15.0
15.0 15.0 15.0 15.0 15.0 15.0
15.0 15.0 15.0 15.0 15.0 15.0
15.0 15.0 15.0 15.0 15.0 15.0
15.0 15.0 15.0 15.0 15.0 15.0
15.0 15.0 15.0 15.0 15.0 15.0
15.0 15.0 15.0 15.0 15.0 15.0
15.0 15.0 15.0 15.0 15.0 15.0
15.0 15.0 15.0 15.0 15.0 15.0
15.0 15.0 15.0 15.0 15.0 15.0
15.0 15.0 15.0 15.0 15.0 15.0
15.0 15.0 15.0 15.0 15.0 15.0
15.0 15.0 15.0 15.0 15.0 15.0
15.0 15.0 15.0 15.0 15.0 15.0
15.0 15.0 15.0 15.0 15.0 15.0
15.0 15.0 15.0 15.0 15.0 15.0
15.0 15.0 15.0 15.0 15.0 15.0
15.0 15.0 15.0 15.0 15.0 15.0
15.0 15.0 15.0 15.0 15.0 15.0
15.0 15.0 15.0 15.0 15.0 15.0
15.0 15.0 15.0 15.0 15.0 15.0
15.0 15.0 15.0 15.0 15.0 15.0
15.0 15.0 15.0 15.0 15.0 15.0
15.0 15.0 15.0 15.0 15.0 15.0
15.0 15.0 15.0 15.0 15.0 15.0
15.0 15.0 15.0 15.0 15.0 15.0
15.0 15.0 15.0 15.0 15.0 15.0
15.0 15.0 15.0 15.0 15.0 15.0
15.0 15.0 15.0 15.0 15.0 15.0
15.0 15.0 15.0 15.0 15.0 15.0
15.0 15.0 15.0 15.0 15.0 15.0
15.0 15.0 15.0 15.0 15.0 15.0
15.0 15.0 15.0 15.0 15.0 15.0
15.0 15.0 15.0 15.0 15.0 15.0
15.0 15.0 15.0 15.0 15.0 15.0
0 0 0 0 0 0
0 0 0 0 0 0
0 0 0 0 0 0
0 0 0 0 0 0
0 0 0 0 0 0
mind
51 41 16 23 22 38 15 39 57 0 49 6 51 7 10 35 28 27 0 0 0 0 40 3 55 48 35
maxd
102 82 32 46 44 76 30 78 114 0 98 12 102 14 20 70 56 54 0 0 0 0 80 6 110 96 70
e
0  393 60 93 90 46 256 37 208 261 454 43 59 471 408 135 240 286 193 253 118 413 49 315 188 335 0
l
600  513 180 213 210 166 376 157 328 381 574 163 179 591 528 255 360 406 313 373 238 533 169 435 308 455 1000
