nbNodes
12
nbVehi
3
nbServi
6
r
1 1 1 1 1 1
0 0 0 0 1 0
0 0 1 0 0 0
0 0 0 1 0 0
0 0 0 0 1 0
0 0 0 0 1 0
0 0 0 0 1 0
0 0 0 0 1 0
0 0 0 1 0 1
1 0 0 1 0 0
1 0 0 1 0 0
1 1 1 1 1 1
DS
11 10 9
a
1  1  1  0  0  0
0  0  0  0  0  1
0  0  0  1  1  1
x
36 85 80 68 50 0 8 95 61 7 0 36
y
42 24 33 1 18 4 39 0 26 11 0 42
d
0.0 52.201534 44.911022 52.009613 27.784887 52.34501 28.160255 72.42237 29.681644 42.44997 55.31727 0.0
52.201534 0.0 10.29563 28.600698 35.510563 87.32124 78.44743 26.0 24.083189 79.07591 88.32327 52.201534
44.911022 10.29563 0.0 34.176014 33.54102 85.09406 72.249565 36.249138 20.248457 76.243034 86.53901 44.911022
52.009613 28.600698 34.176014 0.0 24.758837 68.06615 71.021126 27.018513 25.96151 61.81424 68.007355 52.009613
27.784887 35.510563 33.54102 24.758837 0.0 51.92302 46.957428 48.466484 13.601471 43.56604 53.14132 27.784887
52.34501 87.32124 85.09406 68.06615 51.92302 0.0 35.902645 95.084175 64.84597 9.899495 4.0 52.34501
28.160255 78.44743 72.249565 71.021126 46.957428 35.902645 0.0 95.34149 54.571056 28.01785 39.812057 28.160255
72.42237 26.0 36.249138 27.018513 48.466484 95.084175 95.34149 0.0 42.80187 88.68484 95.0 72.42237
29.681644 24.083189 20.248457 25.96151 13.601471 64.84597 54.571056 42.80187 0.0 56.044624 66.309875 29.681644
42.44997 79.07591 76.243034 61.81424 43.56604 9.899495 28.01785 88.68484 56.044624 0.0 13.038404 42.44997
55.31727 88.32327 86.53901 68.007355 53.14132 4.0 39.812057 95.0 66.309875 13.038404 0.0 55.31727
0.0 52.201534 44.911022 52.009613 27.784887 52.34501 28.160255 72.42237 29.681644 42.44997 55.31727 0.0
p
0 0 0 0 0 0
0 0 0 0 0 0
0 0 0 0 0 0
12.0 12.0 12.0 12.0 12.0 12.0
12.0 12.0 12.0 12.0 12.0 12.0
12.0 12.0 12.0 12.0 12.0 12.0
12.0 12.0 12.0 12.0 12.0 12.0
12.0 12.0 12.0 12.0 12.0 12.0
12.0 12.0 12.0 12.0 12.0 12.0
12.0 12.0 12.0 12.0 12.0 12.0
12.0 12.0 12.0 12.0 12.0 12.0
12.0 12.0 12.0 12.0 12.0 12.0
12.0 12.0 12.0 12.0 12.0 12.0
12.0 12.0 12.0 12.0 12.0 12.0
12.0 12.0 12.0 12.0 12.0 12.0
12.0 12.0 12.0 12.0 12.0 12.0
12.0 12.0 12.0 12.0 12.0 12.0
12.0 12.0 12.0 12.0 12.0 12.0
12.0 12.0 12.0 12.0 12.0 12.0
12.0 12.0 12.0 12.0 12.0 12.0
12.0 12.0 12.0 12.0 12.0 12.0
12.0 12.0 12.0 12.0 12.0 12.0
12.0 12.0 12.0 12.0 12.0 12.0
12.0 12.0 12.0 12.0 12.0 12.0
12.0 12.0 12.0 12.0 12.0 12.0
12.0 12.0 12.0 12.0 12.0 12.0
12.0 12.0 12.0 12.0 12.0 12.0
12.0 12.0 12.0 12.0 12.0 12.0
12.0 12.0 12.0 12.0 12.0 12.0
12.0 12.0 12.0 12.0 12.0 12.0
12.0 12.0 12.0 12.0 12.0 12.0
12.0 12.0 12.0 12.0 12.0 12.0
12.0 12.0 12.0 12.0 12.0 12.0
0 0 0 0 0 0
0 0 0 0 0 0
0 0 0 0 0 0
mind
53 30 52 20 60 57 21 1 0 42 41 4
maxd
106 60 104 40 120 114 42 2 0 84 82 8
e
0  76 44 45 124 100 334 448 329 450 174 0
l
600  196 164 165 244 220 454 568 449 570 294 1000
