nbNodes
52
nbVehi
10
nbServi
6
r
1 1 1 1 1 1
0 0 0 0 1 0
0 0 0 0 1 0
0 0 0 0 1 0
0 1 0 0 0 0
1 0 0 0 0 0
0 0 1 0 0 0
0 0 0 1 0 0
0 0 0 0 0 1
0 0 0 0 0 1
1 0 0 0 0 0
1 0 0 0 0 0
0 0 1 0 0 0
0 0 1 0 0 0
0 0 0 0 0 1
0 0 0 0 1 0
1 0 0 0 0 0
1 0 0 0 0 0
0 1 0 0 0 0
0 0 0 1 0 0
0 0 0 1 0 0
1 0 0 0 0 0
0 1 0 0 0 0
0 0 1 0 0 0
0 0 0 0 1 0
0 0 0 0 0 1
0 0 0 1 0 0
0 1 0 0 0 0
0 0 0 1 0 0
0 0 0 1 0 0
0 0 0 0 0 1
0 0 0 0 0 1
0 1 0 0 0 0
0 1 0 0 0 0
0 0 0 0 0 1
0 0 0 0 1 0
0 0 0 0 1 1
0 0 0 1 0 1
0 0 0 1 1 0
0 0 0 0 1 1
0 0 0 0 1 1
0 0 0 0 1 1
0 0 0 1 1 0
0 1 0 0 1 0
0 1 0 1 0 0
0 0 1 0 1 0
0 0 1 1 0 0
0 0 1 0 1 0
1 0 0 0 0 1
1 0 0 1 0 0
0 1 0 0 0 1
1 1 1 1 1 1
DS
51 50 49 48 47 46 45 44 43 42 41 40 39 38 37
a
1  0  1  0  0  0
1  1  0  0  0  0
1  0  1  0  0  0
0  0  0  1  1  1
0  0  0  1  1  1
0  0  0  1  1  0
0  0  0  0  1  1
0  0  0  1  0  1
0  0  0  1  0  0
0  0  0  1  1  1
x
64 30 72 31 53 54 82 28 2 83 58 68 79 15 99 67 51 88 39 78 97 88 24 90 17 18 89 40 59 81 86 47 62 3 15 17 90 43 52 9 22 53 47 59 14 26 20 10 10 41 0 64
y
38 6 12 38 22 18 7 5 12 29 29 22 20 11 29 33 6 23 42 11 29 0 3 30 45 38 48 26 48 23 44 8 28 18 19 30 41 20 25 38 2 47 29 16 37 34 14 30 30 0 0 38
d
0.0 46.69047 27.202942 33.0 19.416489 22.36068 35.846897 48.83646 67.23094 21.023796 10.816654 16.492422 23.43075 55.946404 36.138622 5.8309517 34.539833 28.301943 25.317978 30.413813 34.20526 44.94441 53.15073 27.202942 47.518417 46.0 26.925823 26.832815 11.18034 22.671568 22.803509 34.48188 10.198039 64.195015 52.554733 47.67599 26.172504 27.658634 17.691807 55.0 55.31727 14.21267 19.235384 22.561028 50.01 38.209946 50.119858 54.589375 54.589375 44.418465 74.431175 0.0
46.69047 0.0 42.426407 32.01562 28.01785 26.832815 52.009613 2.236068 28.635643 57.77543 36.23534 41.231056 50.96077 15.811388 72.73238 45.80393 21.0 60.440052 37.107952 48.259712 70.837845 58.30952 6.708204 64.62198 41.109608 34.176014 72.42237 22.36068 51.0392 53.75872 67.6757 17.117243 38.832977 29.546574 19.849434 27.294687 69.46222 19.104973 29.068884 38.27532 8.944272 47.010635 28.600698 30.675724 34.88553 28.284271 12.806249 31.241 31.241 12.529964 30.594116 46.69047
27.202942 42.426407 0.0 48.548943 21.470911 18.973665 11.18034 44.553337 70.0 20.248457 22.022715 10.770329 10.630146 57.00877 31.906113 21.587032 21.84033 19.416489 44.598206 6.0827627 30.232433 20.0 48.83646 25.455845 64.14047 59.933296 39.812057 34.928497 38.27532 14.21267 34.928497 25.317978 18.867962 69.260376 57.428215 57.870544 34.132095 30.083218 23.853722 68.154236 50.990196 39.824615 30.232433 13.601471 63.15853 50.990196 52.03845 64.56005 64.56005 33.24154 72.99315 27.202942
33.0 32.01562 48.548943 0.0 27.202942 30.479502 59.682495 33.13608 38.948685 52.773098 28.460499 40.311287 51.264023 31.38471 68.593 36.345562 37.735924 58.940647 8.944272 54.20332 66.61081 68.50548 35.69314 59.5399 15.652476 13.0 58.855755 15.0 29.732138 52.201534 55.326305 34.0 32.572994 34.4093 24.839485 16.124516 59.07622 21.633308 24.698177 22.0 37.107952 23.769728 18.35756 35.608986 17.029387 6.4031243 26.400757 22.472204 22.472204 39.293766 49.0408 33.0
19.416489 28.01785 21.470911 27.202942 0.0 4.1231055 32.649654 30.232433 51.971146 30.805843 8.602325 15.0 26.076809 39.56008 46.52956 17.804493 16.124516 35.014282 24.41311 27.313 44.553337 41.340054 34.669872 37.85499 42.72002 38.483765 44.407207 13.601471 26.683329 28.01785 39.661064 15.231546 10.816654 50.159744 38.118237 36.878178 41.59327 10.198039 3.1622777 46.818798 36.891735 25.0 9.219544 8.485281 41.785164 29.546574 33.955853 43.737854 43.737854 25.059929 57.384666 19.416489
22.36068 26.832815 18.973665 30.479502 4.1231055 0.0 30.083218 29.068884 52.34501 31.016125 11.7046995 14.56022 25.079872 39.623226 46.32494 19.849434 12.369317 34.36568 28.301943 25.0 44.38468 38.470768 33.54102 37.94733 45.80393 41.18252 46.09772 16.124516 30.413813 27.45906 41.231056 12.206555 12.806249 51.0 39.012817 38.8973 42.72002 11.18034 7.28011 49.24429 35.77709 29.017237 13.038404 5.3851647 44.28318 32.24903 34.234486 45.607018 45.607018 22.203604 56.920998 22.36068
35.846897 52.009613 11.18034 59.682495 32.649654 30.083218 0.0 54.037025 80.1561 22.022715 32.55764 20.518284 13.341664 67.11929 27.802877 30.016663 31.016125 17.088007 55.443665 5.656854 26.627054 9.219544 58.137768 24.351591 75.29276 71.11259 41.59327 46.09772 47.010635 16.03122 37.215588 35.014282 29.0 79.762146 68.06615 68.94926 34.928497 41.109608 34.98571 79.30952 60.207973 49.40648 41.340054 24.698177 74.323616 62.169125 62.39391 75.58439 75.58439 41.59327 82.29824 35.846897
48.83646 2.236068 44.553337 33.13608 30.232433 29.068884 54.037025 0.0 26.925823 60.00833 38.418747 43.462627 53.160137 14.3178215 74.94665 48.010414 23.021729 62.641838 38.600517 50.358715 73.05477 60.207973 4.472136 66.85058 41.484936 34.48188 74.63243 24.186773 53.009434 55.97321 69.89278 19.235384 41.04875 28.178005 19.104973 27.313 71.693794 21.213203 31.241 38.078865 6.708204 48.8774 30.610456 32.89377 34.928497 29.068884 12.0415945 30.805843 30.805843 13.928389 28.442924 48.83646
67.23094 28.635643 70.0 38.948685 51.971146 52.34501 80.1561 26.925823 0.0 82.764725 58.5235 66.75328 77.41447 13.038404 98.478424 68.30813 49.365982 86.70064 47.63402 76.00658 96.50906 86.833176 23.769728 89.822044 36.249138 30.528675 94.15413 40.496914 67.41662 79.762146 89.88882 45.17743 62.0967 6.0827627 14.764823 23.43075 92.65527 41.773197 51.662365 26.925823 22.36068 61.854668 48.104053 57.14018 27.730848 32.55764 18.110771 19.697716 19.697716 40.804413 12.165525 67.23094
21.023796 57.77543 20.248457 52.773098 30.805843 31.016125 22.022715 60.00833 82.764725 0.0 25.0 16.552946 9.848858 70.34202 16.0 16.492422 39.40812 7.81025 45.88028 18.681541 14.0 29.427877 64.4748 7.071068 67.911705 65.62012 19.924858 43.104523 30.610456 6.3245554 15.297058 41.677334 21.023796 80.75271 68.73136 66.007576 13.892444 41.0 31.257 74.54529 66.70832 34.98571 36.0 27.294687 69.46222 57.21888 64.7611 73.00685 73.00685 51.0392 87.92042 21.023796
10.816654 36.23534 22.022715 28.460499 8.602325 11.7046995 32.55764 38.418747 58.5235 25.0 0.0 12.206555 22.847319 46.615448 41.0 9.848858 24.04163 30.594116 23.021729 26.907248 39.0 41.725292 42.80187 32.01562 44.011364 41.0 36.359318 18.248287 19.026299 23.769728 31.764761 23.70654 4.1231055 56.089214 44.14748 41.01219 34.176014 17.492855 7.2111025 49.819675 45.0 18.681541 11.0 13.038404 44.72136 32.38827 40.853397 48.010414 48.010414 33.61547 64.84597 10.816654
16.492422 41.231056 10.770329 40.311287 15.0 14.56022 20.518284 43.462627 66.75328 16.552946 12.206555 0.0 11.18034 54.129475 31.780497 11.045361 23.345236 20.024984 35.22783 14.866069 29.832869 29.732138 47.92703 23.409399 55.946404 52.49762 33.42155 28.284271 27.513634 13.038404 28.42534 25.23886 8.485281 65.12296 53.08484 51.62364 29.068884 25.079872 16.27882 61.13101 50.159744 29.15476 22.135944 10.816654 56.044624 43.68066 48.6621 58.549126 58.549126 34.828148 71.470276 16.492422
23.43075 50.96077 10.630146 51.264023 26.076809 25.079872 13.341664 53.160137 77.41447 9.848858 22.847319 11.18034 0.0 64.629715 21.931713 17.691807 31.304953 9.486833 45.65085 9.055386 20.12461 21.931713 57.567352 14.866069 66.85058 63.600315 29.732138 39.45884 34.4093 3.6055512 25.0 34.176014 18.788294 76.02631 64.00781 62.801273 23.70654 36.0 27.45906 72.277245 59.77458 37.48333 33.24154 20.396078 67.18631 54.81788 59.3043 69.72087 69.72087 42.941822 81.49233 23.43075
55.946404 15.811388 57.00877 31.38471 39.56008 39.623226 67.11929 14.3178215 13.038404 70.34202 46.615448 54.129475 64.629715 0.0 85.90693 56.462376 36.345562 73.97973 39.20459 63.0 83.95237 73.82411 12.0415945 77.36925 34.058773 27.166155 82.73451 29.15476 57.48913 67.08204 78.29432 32.140316 49.979996 13.892444 8.0 19.104973 80.77747 29.410883 39.56008 27.658634 11.401754 52.34501 36.71512 44.28318 26.019224 25.495098 5.8309517 19.646883 19.646883 28.231188 18.601076 55.946404
36.138622 72.73238 31.906113 68.593 46.52956 46.32494 27.802877 74.94665 98.478424 16.0 41.0 31.780497 21.931713 85.90693 0.0 32.24903 53.225933 12.529964 61.39218 27.658634 2.0 31.016125 79.37884 9.055386 83.546394 81.49847 21.470911 59.07622 44.28318 18.973665 19.849434 56.0803 37.01351 96.62815 84.59315 82.006096 15.0 56.718605 47.169907 90.44888 81.596565 49.396355 52.0 42.059483 85.37564 73.171036 80.411446 89.005615 89.005615 64.84597 103.16007 36.138622
5.8309517 45.80393 21.587032 36.345562 17.804493 19.849434 30.016663 48.010414 68.30813 16.492422 9.848858 11.045361 17.691807 56.462376 32.24903 0.0 31.38471 23.259407 29.410883 24.596748 30.265491 39.115215 52.43091 23.194826 51.41984 49.25444 26.627054 27.89265 17.0 17.20465 21.954498 32.01562 7.071068 65.734314 53.851646 50.08992 24.351591 27.294687 17.0 58.21512 54.644306 19.79899 20.396078 18.788294 53.15073 41.01219 50.695168 57.07889 57.07889 42.0119 74.68601 5.8309517
34.539833 21.0 21.84033 37.735924 16.124516 12.369317 31.016125 23.021729 49.365982 39.40812 24.04163 23.345236 31.304953 36.345562 53.225933 31.38471 0.0 40.718548 37.94733 27.45906 51.42956 37.48333 27.166155 45.79301 51.739735 45.96738 56.63921 22.825424 42.755116 34.48188 51.662365 4.472136 24.596748 49.47727 38.27532 41.617306 52.40229 16.124516 19.026299 52.801514 29.274563 41.04875 23.345236 12.806249 48.270073 37.536648 32.01562 47.507893 47.507893 11.661903 51.351727 34.539833
28.301943 60.440052 19.416489 58.940647 35.014282 34.36568 17.088007 62.641838 86.70064 7.81025 30.594116 20.024984 9.486833 73.97973 12.529964 23.259407 40.718548 0.0 52.554733 15.6205 10.816654 23.0 67.052216 7.28011 74.330345 71.5891 25.019993 48.09366 38.28838 7.0 21.095022 43.65776 26.476404 85.146935 73.109505 71.34424 18.110771 45.099888 36.05551 80.411446 69.260376 42.43819 41.4367 29.832869 75.31268 62.968246 68.593 78.31347 78.31347 52.3259 90.95603 28.301943
25.317978 37.107952 44.598206 8.944272 24.41311 28.301943 55.443665 38.600517 47.63402 45.88028 23.021729 35.22783 45.65085 39.20459 61.39218 29.410883 37.94733 52.554733 0.0 49.819675 59.439045 64.53681 41.785164 52.392746 22.203604 21.377558 50.358715 16.03122 20.880613 46.09772 47.042534 34.928497 26.925823 43.266617 33.24154 25.059929 51.009804 22.36068 21.400934 30.265491 43.462627 14.866069 15.264338 32.80244 25.495098 15.264338 33.83785 31.38471 31.38471 42.047592 57.31492 25.317978
30.413813 48.259712 6.0827627 54.20332 27.313 25.0 5.656854 50.358715 76.00658 18.681541 26.907248 14.866069 9.055386 63.0 27.658634 24.596748 27.45906 15.6205 49.819675 0.0 26.172504 14.866069 54.589375 22.472204 69.83552 65.795135 38.600517 40.853397 41.59327 12.369317 33.955853 31.144823 23.345236 75.32596 63.505905 63.89053 32.31099 36.138622 29.529646 74.094536 56.718605 43.829212 35.846897 19.646883 69.079666 56.859474 58.077534 70.60453 70.60453 38.600517 78.77182 30.413813
34.20526 70.837845 30.232433 66.61081 44.553337 44.38468 26.627054 73.05477 96.50906 14.0 39.0 29.832869 20.12461 83.95237 2.0 30.265491 51.42956 10.816654 59.439045 26.172504 0.0 30.364452 77.491936 7.071068 81.58431 79.51101 20.615528 57.07889 42.48529 17.088007 18.601076 54.230988 35.014282 94.641426 82.607506 80.00625 13.892444 54.74486 45.17743 88.45903 79.71198 47.539455 50.0 40.16217 83.38465 71.17584 78.44743 87.005745 87.005745 63.06346 101.24229 34.20526
44.94441 58.30952 20.0 68.50548 41.340054 38.470768 9.219544 60.207973 86.833176 29.427877 41.725292 29.732138 21.931713 73.82411 31.016125 39.115215 37.48333 23.0 64.53681 14.866069 30.364452 0.0 64.070274 30.066593 84.0595 79.64923 48.010414 54.589375 56.0803 24.04163 44.04543 41.773197 38.209946 86.88498 75.43209 77.07788 41.04875 49.24429 43.829212 87.66413 66.0303 58.60034 50.219517 33.12099 82.73451 70.71068 69.426216 83.57033 83.57033 47.0 88.0 44.94441
53.15073 6.708204 48.83646 35.69314 34.669872 33.54102 58.137768 4.472136 23.769728 64.4748 42.80187 47.92703 57.567352 12.0415945 79.37884 52.43091 27.166155 67.052216 41.785164 54.589375 77.491936 64.070274 0.0 71.30919 42.579338 35.510563 79.05694 28.01785 57.00877 60.40695 74.330345 23.537205 45.486263 25.806976 18.35756 27.89265 76.15773 25.495098 35.608986 38.078865 2.236068 52.69725 34.713108 37.336308 35.44009 31.06445 11.7046995 30.413813 30.413813 17.262676 24.186773 53.15073
27.202942 64.62198 25.455845 59.5399 37.85499 37.94733 24.351591 66.85058 89.822044 7.071068 32.01562 23.409399 14.866069 77.36925 9.055386 23.194826 45.79301 7.28011 52.392746 22.472204 7.071068 30.066593 71.30919 0.0 74.52516 72.443085 18.027756 50.159744 35.846897 11.401754 14.56022 48.30114 28.071337 87.823685 75.802376 73.0 11.0 48.052055 38.327538 81.394104 73.53911 40.718548 43.011627 34.0147 76.321686 64.12488 71.80529 80.0 80.0 57.45433 94.86833 27.202942
47.518417 41.109608 64.14047 15.652476 42.72002 45.80393 75.29276 41.484936 36.249138 67.911705 44.011364 55.946404 66.85058 34.058773 83.546394 51.41984 51.739735 74.330345 22.203604 69.83552 81.58431 84.0595 42.579338 74.52516 0.0 7.071068 72.06247 29.832869 42.107006 67.6757 69.00725 47.63402 48.104053 30.413813 26.076809 15.0 73.109505 36.069378 40.311287 10.630146 43.289722 36.05551 34.0 51.0392 8.5440035 14.21267 31.144823 16.552946 16.552946 51.0 48.104053 47.518417
46.0 34.176014 59.933296 13.0 38.483765 41.18252 71.11259 34.48188 30.528675 65.62012 41.0 52.49762 63.600315 27.166155 81.49847 49.25444 45.96738 71.5891 21.377558 65.795135 79.51101 79.64923 35.510563 72.443085 7.071068 0.0 71.70077 25.059929 42.201897 64.7611 68.26419 41.725292 45.122055 25.0 19.235384 8.062258 72.06247 30.805843 36.40055 9.0 36.221542 36.138622 30.364452 46.52956 4.1231055 8.944272 24.083189 11.313708 11.313708 44.418465 42.047592 46.0
26.925823 72.42237 39.812057 58.855755 44.407207 46.09772 41.59327 74.63243 94.15413 19.924858 36.359318 33.42155 29.732138 82.73451 21.470911 26.627054 56.63921 25.019993 50.358715 38.600517 20.615528 48.010414 79.05694 18.027756 72.06247 71.70077 0.0 53.712196 30.0 26.24881 5.0 58.0 33.600594 91.08238 79.47956 74.215904 7.071068 53.851646 43.56604 80.622574 81.27115 36.013885 46.09772 43.863426 75.802376 64.53681 76.922035 81.02469 81.02469 67.88225 101.118744 26.925823
26.832815 22.36068 34.928497 15.0 13.601471 16.124516 46.09772 24.186773 40.496914 43.104523 18.248287 28.284271 39.45884 29.15476 59.07622 27.89265 22.825424 48.09366 16.03122 40.853397 57.07889 54.589375 28.01785 50.159744 29.832869 25.059929 53.712196 0.0 29.068884 41.109608 49.396355 19.313208 22.090721 37.85499 25.96151 23.345236 52.201534 6.708204 12.0415945 33.24154 30.0 24.698177 7.615773 21.470911 28.231188 16.124516 23.323807 30.265491 30.265491 26.019224 47.707443 26.832815
11.18034 51.0392 38.27532 29.732138 26.683329 30.413813 47.010635 53.009434 67.41662 30.610456 19.026299 27.513634 34.4093 57.48913 44.28318 17.0 42.755116 38.28838 20.880613 41.59327 42.48529 56.0803 57.00877 35.846897 42.107006 42.201897 30.0 29.068884 0.0 33.30165 27.294687 41.761227 20.22375 63.529522 52.69725 45.694637 31.780497 32.24903 24.04163 50.990196 59.03389 6.0827627 22.472204 32.0 46.32494 35.846897 51.739735 52.201534 52.201534 51.264023 76.05919 11.18034
22.671568 53.75872 14.21267 52.201534 28.01785 27.45906 16.03122 55.97321 79.762146 6.3245554 23.769728 13.038404 3.6055512 67.08204 18.973665 17.20465 34.48188 7.0 46.09772 12.369317 17.088007 24.04163 60.40695 11.401754 67.6757 64.7611 26.24881 41.109608 33.30165 0.0 21.587032 37.161808 19.646883 78.160095 66.1211 64.381676 20.12461 38.118237 29.068884 73.545906 62.625874 36.878178 34.525352 23.086792 68.44706 56.089214 61.66036 71.34424 71.34424 46.141087 84.20214 22.671568
22.803509 67.6757 34.928497 55.326305 39.661064 41.231056 37.215588 69.89278 89.88882 15.297058 31.764761 28.42534 25.0 78.29432 19.849434 21.954498 51.662365 21.095022 47.042534 33.955853 18.601076 44.04543 74.330345 14.56022 69.00725 68.26419 5.0 49.396355 27.294687 21.587032 0.0 53.075417 28.84441 86.977005 75.272835 70.40597 5.0 49.24429 38.948685 77.23341 76.55064 33.13608 41.785164 38.8973 72.33948 60.827625 72.498276 77.27872 77.27872 62.936478 96.60228 22.803509
34.48188 17.117243 25.317978 34.0 15.231546 12.206555 35.014282 19.235384 45.17743 41.677334 23.70654 25.23886 34.176014 32.140316 56.0803 32.01562 4.472136 43.65776 34.928497 31.144823 54.230988 41.773197 23.537205 48.30114 47.63402 41.725292 58.0 19.313208 41.761227 37.161808 53.075417 0.0 25.0 45.122055 33.83785 37.202152 54.20332 12.649111 17.720045 48.414875 25.70992 39.45884 21.0 14.422205 43.931767 33.42155 27.658634 43.046486 43.046486 10.0 47.67599 34.48188
10.198039 38.832977 18.867962 32.572994 10.816654 12.806249 29.0 41.04875 62.0967 21.023796 4.1231055 8.485281 18.788294 49.979996 37.01351 7.071068 24.596748 26.476404 26.925823 23.345236 35.014282 38.209946 45.486263 28.071337 48.104053 45.122055 33.600594 22.090721 20.22375 19.646883 28.84441 25.0 0.0 59.841457 47.853943 45.044422 30.870699 20.615528 10.440307 53.935146 47.707443 21.023796 15.033297 12.369317 48.83646 36.496574 44.27189 52.03845 52.03845 35.0 68.0294 10.198039
64.195015 29.546574 69.260376 34.4093 50.159744 51.0 79.762146 28.178005 6.0827627 80.75271 56.089214 65.12296 76.02631 13.892444 96.62815 65.734314 49.47727 85.146935 43.266617 75.32596 94.641426 86.88498 25.806976 87.823685 30.413813 25.0 91.08238 37.85499 63.529522 78.160095 86.977005 45.122055 59.841457 0.0 12.0415945 18.439089 89.98889 40.04997 49.497475 20.880613 24.839485 57.801384 45.35416 56.0357 21.954498 28.01785 17.464249 13.892444 13.892444 42.047592 18.248287 64.195015
52.554733 19.849434 57.428215 24.839485 38.118237 39.012817 68.06615 19.104973 14.764823 68.73136 44.14748 53.08484 64.00781 8.0 84.59315 53.851646 38.27532 73.109505 33.24154 63.505905 82.607506 75.43209 18.35756 75.802376 26.076809 19.235384 79.47956 25.96151 52.69725 66.1211 75.272835 33.83785 47.853943 12.0415945 0.0 11.18034 78.160095 28.01785 37.48333 19.924858 18.384777 47.201694 33.526108 44.102154 18.027756 18.601076 7.071068 12.083046 12.083046 32.202484 24.207438 52.554733
47.67599 27.294687 57.870544 16.124516 36.878178 38.8973 68.94926 27.313 23.43075 66.007576 41.01219 51.62364 62.801273 19.104973 82.006096 50.08992 41.617306 71.34424 25.059929 63.89053 80.00625 77.07788 27.89265 73.0 15.0 8.062258 74.215904 23.345236 45.694637 64.381676 70.40597 37.202152 45.044422 18.439089 11.18034 0.0 73.82411 27.856777 35.35534 11.313708 28.442924 39.812057 30.016663 44.27189 7.615773 9.848858 16.27882 7.0 7.0 38.418747 34.48188 47.67599
26.172504 69.46222 34.132095 59.07622 41.59327 42.72002 34.928497 71.693794 92.65527 13.892444 34.176014 29.068884 23.70654 80.77747 15.0 24.351591 52.40229 18.110771 51.009804 32.31099 13.892444 41.04875 76.15773 11.0 73.109505 72.06247 7.071068 52.201534 31.780497 20.12461 5.0 54.20332 30.870699 89.98889 78.160095 73.82411 0.0 51.47815 41.231056 81.055534 78.39005 37.48333 44.64303 39.824615 76.105194 64.381676 75.026665 80.75271 80.75271 63.89053 98.89894 26.172504
27.658634 19.104973 30.083218 21.633308 10.198039 11.18034 41.109608 21.213203 41.773197 41.0 17.492855 25.079872 36.0 29.410883 56.718605 27.294687 16.124516 45.099888 22.36068 36.138622 54.74486 49.24429 25.495098 48.052055 36.069378 30.805843 53.851646 6.708204 32.24903 38.118237 49.24429 12.649111 20.615528 40.04997 28.01785 27.856777 51.47815 0.0 10.29563 38.470768 27.658634 28.79236 9.848858 16.492422 33.61547 22.022715 23.769728 34.48188 34.48188 20.09975 47.423622 27.658634
17.691807 29.068884 23.853722 24.698177 3.1622777 7.28011 34.98571 31.241 51.662365 31.257 7.2111025 16.27882 27.45906 39.56008 47.169907 17.0 19.026299 36.05551 21.400934 29.529646 45.17743 43.829212 35.608986 38.327538 40.311287 36.40055 43.56604 12.0415945 24.04163 29.068884 38.948685 17.720045 10.440307 49.497475 37.48333 35.35534 41.231056 10.29563 0.0 44.922153 37.802116 22.022715 6.4031243 11.401754 39.849716 27.513634 33.83785 42.296574 42.296574 27.313 57.697487 17.691807
55.0 38.27532 68.154236 22.0 46.818798 49.24429 79.30952 38.078865 26.925823 74.54529 49.819675 61.13101 72.277245 27.658634 90.44888 58.21512 52.801514 80.411446 30.265491 74.094536 88.45903 87.66413 38.078865 81.394104 10.630146 9.0 80.622574 33.24154 50.990196 73.545906 77.23341 48.414875 53.935146 20.880613 19.924858 11.313708 81.055534 38.470768 44.922153 0.0 38.27532 44.911022 39.051247 54.626 5.0990195 17.464249 26.400757 8.062258 8.062258 49.67897 39.051247 55.0
55.31727 8.944272 50.990196 37.107952 36.891735 35.77709 60.207973 6.708204 22.36068 66.70832 45.0 50.159744 59.77458 11.401754 81.596565 54.644306 29.274563 69.260376 43.462627 56.718605 79.71198 66.0303 2.236068 73.53911 43.289722 36.221542 81.27115 30.0 59.03389 62.625874 76.55064 25.70992 47.707443 24.839485 18.384777 28.442924 78.39005 27.658634 37.802116 38.27532 0.0 54.644306 36.796738 39.56008 35.902645 32.24903 12.165525 30.463093 30.463093 19.104973 22.090721 55.31727
14.21267 47.010635 39.824615 23.769728 25.0 29.017237 49.40648 48.8774 61.854668 34.98571 18.681541 29.15476 37.48333 52.34501 49.396355 19.79899 41.04875 42.43819 14.866069 43.829212 47.539455 58.60034 52.69725 40.718548 36.05551 36.138622 36.013885 24.698177 6.0827627 36.878178 33.13608 39.45884 21.023796 57.801384 47.201694 39.812057 37.48333 28.79236 22.022715 44.911022 54.644306 0.0 18.973665 31.575306 40.261642 29.966648 46.66905 46.238514 46.238514 48.507732 70.837845 14.21267
19.235384 28.600698 30.232433 18.35756 9.219544 13.038404 41.340054 30.610456 48.104053 36.0 11.0 22.135944 33.24154 36.71512 52.0 20.396078 23.345236 41.4367 15.264338 35.846897 50.0 50.219517 34.713108 43.011627 34.0 30.364452 46.09772 7.615773 22.472204 34.525352 41.785164 21.0 15.033297 45.35416 33.526108 30.016663 44.64303 9.848858 6.4031243 39.051247 36.796738 18.973665 0.0 17.691807 33.955853 21.587032 30.88689 37.01351 37.01351 29.614185 55.226807 19.235384
22.561028 30.675724 13.601471 35.608986 8.485281 5.3851647 24.698177 32.89377 57.14018 27.294687 13.038404 10.816654 20.396078 44.28318 42.059483 18.788294 12.806249 29.832869 32.80244 19.646883 40.16217 33.12099 37.336308 34.0147 51.0392 46.52956 43.863426 21.470911 32.0 23.086792 38.8973 14.422205 12.369317 56.0357 44.102154 44.27189 39.824615 16.492422 11.401754 54.626 39.56008 31.575306 17.691807 0.0 49.658836 37.589893 39.051247 50.96077 50.96077 24.083189 61.13101 22.561028
50.01 34.88553 63.15853 17.029387 41.785164 44.28318 74.323616 34.928497 27.730848 69.46222 44.72136 56.044624 67.18631 26.019224 85.37564 53.15073 48.270073 75.31268 25.495098 69.079666 83.38465 82.73451 35.44009 76.321686 8.5440035 4.1231055 75.802376 28.231188 46.32494 68.44706 72.33948 43.931767 48.83646 21.954498 18.027756 7.615773 76.105194 33.61547 39.849716 5.0990195 35.902645 40.261642 33.955853 49.658836 0.0 12.369317 23.769728 8.062258 8.062258 45.80393 39.56008 50.01
38.209946 28.284271 50.990196 6.4031243 29.546574 32.24903 62.169125 29.068884 32.55764 57.21888 32.38827 43.68066 54.81788 25.495098 73.171036 41.01219 37.536648 62.968246 15.264338 56.859474 71.17584 70.71068 31.06445 64.12488 14.21267 8.944272 64.53681 16.124516 35.846897 56.089214 60.827625 33.42155 36.496574 28.01785 18.601076 9.848858 64.381676 22.022715 27.513634 17.464249 32.24903 29.966648 21.587032 37.589893 12.369317 0.0 20.880613 16.492422 16.492422 37.161808 42.80187 38.209946
50.119858 12.806249 52.03845 26.400757 33.955853 34.234486 62.39391 12.0415945 18.110771 64.7611 40.853397 48.6621 59.3043 5.8309517 80.411446 50.695168 32.01562 68.593 33.83785 58.077534 78.44743 69.426216 11.7046995 71.80529 31.144823 24.083189 76.922035 23.323807 51.739735 61.66036 72.498276 27.658634 44.27189 17.464249 7.071068 16.27882 75.026665 23.769728 33.83785 26.400757 12.165525 46.66905 30.88689 39.051247 23.769728 20.880613 0.0 18.867962 18.867962 25.23886 24.41311 50.119858
54.589375 31.241 64.56005 22.472204 43.737854 45.607018 75.58439 30.805843 19.697716 73.00685 48.010414 58.549126 69.72087 19.646883 89.005615 57.07889 47.507893 78.31347 31.38471 70.60453 87.005745 83.57033 30.413813 80.0 16.552946 11.313708 81.02469 30.265491 52.201534 71.34424 77.27872 43.046486 52.03845 13.892444 12.083046 7.0 80.75271 34.48188 42.296574 8.062258 30.463093 46.238514 37.01351 50.96077 8.062258 16.492422 18.867962 0.0 0.0 43.13931 31.622776 54.589375
54.589375 31.241 64.56005 22.472204 43.737854 45.607018 75.58439 30.805843 19.697716 73.00685 48.010414 58.549126 69.72087 19.646883 89.005615 57.07889 47.507893 78.31347 31.38471 70.60453 87.005745 83.57033 30.413813 80.0 16.552946 11.313708 81.02469 30.265491 52.201534 71.34424 77.27872 43.046486 52.03845 13.892444 12.083046 7.0 80.75271 34.48188 42.296574 8.062258 30.463093 46.238514 37.01351 50.96077 8.062258 16.492422 18.867962 0.0 0.0 43.13931 31.622776 54.589375
44.418465 12.529964 33.24154 39.293766 25.059929 22.203604 41.59327 13.928389 40.804413 51.0392 33.61547 34.828148 42.941822 28.231188 64.84597 42.0119 11.661903 52.3259 42.047592 38.600517 63.06346 47.0 17.262676 57.45433 51.0 44.418465 67.88225 26.019224 51.264023 46.141087 62.936478 10.0 35.0 42.047592 32.202484 38.418747 63.89053 20.09975 27.313 49.67897 19.104973 48.507732 29.614185 24.083189 45.80393 37.161808 25.23886 43.13931 43.13931 0.0 41.0 44.418465
74.431175 30.594116 72.99315 49.0408 57.384666 56.920998 82.29824 28.442924 12.165525 87.92042 64.84597 71.470276 81.49233 18.601076 103.16007 74.68601 51.351727 90.95603 57.31492 78.77182 101.24229 88.0 24.186773 94.86833 48.104053 42.047592 101.118744 47.707443 76.05919 84.20214 96.60228 47.67599 68.0294 18.248287 24.207438 34.48188 98.89894 47.423622 57.697487 39.051247 22.090721 70.837845 55.226807 61.13101 39.56008 42.80187 24.41311 31.622776 31.622776 41.0 0.0 74.431175
0.0 46.69047 27.202942 33.0 19.416489 22.36068 35.846897 48.83646 67.23094 21.023796 10.816654 16.492422 23.43075 55.946404 36.138622 5.8309517 34.539833 28.301943 25.317978 30.413813 34.20526 44.94441 53.15073 27.202942 47.518417 46.0 26.925823 26.832815 11.18034 22.671568 22.803509 34.48188 10.198039 64.195015 52.554733 47.67599 26.172504 27.658634 17.691807 55.0 55.31727 14.21267 19.235384 22.561028 50.01 38.209946 50.119858 54.589375 54.589375 44.418465 74.431175 0.0
p
0 0 0 0 0 0
0 0 0 0 0 0
0 0 0 0 0 0
0 0 0 0 0 0
0 0 0 0 0 0
0 0 0 0 0 0
0 0 0 0 0 0
0 0 0 0 0 0
0 0 0 0 0 0
0 0 0 0 0 0
13.0 13.0 13.0 13.0 13.0 13.0
13.0 13.0 13.0 13.0 13.0 13.0
13.0 13.0 13.0 13.0 13.0 13.0
13.0 13.0 13.0 13.0 13.0 13.0
13.0 13.0 13.0 13.0 13.0 13.0
13.0 13.0 13.0 13.0 13.0 13.0
13.0 13.0 13.0 13.0 13.0 13.0
13.0 13.0 13.0 13.0 13.0 13.0
13.0 13.0 13.0 13.0 13.0 13.0
13.0 13.0 13.0 13.0 13.0 13.0
13.0 13.0 13.0 13.0 13.0 13.0
13.0 13.0 13.0 13.0 13.0 13.0
13.0 13.0 13.0 13.0 13.0 13.0
13.0 13.0 13.0 13.0 13.0 13.0
13.0 13.0 13.0 13.0 13.0 13.0
13.0 13.0 13.0 13.0 13.0 13.0
13.0 13.0 13.0 13.0 13.0 13.0
13.0 13.0 13.0 13.0 13.0 13.0
13.0 13.0 13.0 13.0 13.0 13.0
13.0 13.0 13.0 13.0 13.0 13.0
13.0 13.0 13.0 13.0 13.0 13.0
13.0 13.0 13.0 13.0 13.0 13.0
13.0 13.0 13.0 13.0 13.0 13.0
13.0 13.0 13.0 13.0 13.0 13.0
13.0 13.0 13.0 13.0 13.0 13.0
13.0 13.0 13.0 13.0 13.0 13.0
13.0 13.0 13.0 13.0 13.0 13.0
13.0 13.0 13.0 13.0 13.0 13.0
13.0 13.0 13.0 13.0 13.0 13.0
13.0 13.0 13.0 13.0 13.0 13.0
13.0 13.0 13.0 13.0 13.0 13.0
13.0 13.0 13.0 13.0 13.0 13.0
13.0 13.0 13.0 13.0 13.0 13.0
13.0 13.0 13.0 13.0 13.0 13.0
13.0 13.0 13.0 13.0 13.0 13.0
13.0 13.0 13.0 13.0 13.0 13.0
13.0 13.0 13.0 13.0 13.0 13.0
13.0 13.0 13.0 13.0 13.0 13.0
13.0 13.0 13.0 13.0 13.0 13.0
13.0 13.0 13.0 13.0 13.0 13.0
13.0 13.0 13.0 13.0 13.0 13.0
13.0 13.0 13.0 13.0 13.0 13.0
13.0 13.0 13.0 13.0 13.0 13.0
13.0 13.0 13.0 13.0 13.0 13.0
13.0 13.0 13.0 13.0 13.0 13.0
13.0 13.0 13.0 13.0 13.0 13.0
13.0 13.0 13.0 13.0 13.0 13.0
13.0 13.0 13.0 13.0 13.0 13.0
13.0 13.0 13.0 13.0 13.0 13.0
13.0 13.0 13.0 13.0 13.0 13.0
13.0 13.0 13.0 13.0 13.0 13.0
13.0 13.0 13.0 13.0 13.0 13.0
13.0 13.0 13.0 13.0 13.0 13.0
13.0 13.0 13.0 13.0 13.0 13.0
13.0 13.0 13.0 13.0 13.0 13.0
13.0 13.0 13.0 13.0 13.0 13.0
13.0 13.0 13.0 13.0 13.0 13.0
13.0 13.0 13.0 13.0 13.0 13.0
13.0 13.0 13.0 13.0 13.0 13.0
13.0 13.0 13.0 13.0 13.0 13.0
13.0 13.0 13.0 13.0 13.0 13.0
13.0 13.0 13.0 13.0 13.0 13.0
13.0 13.0 13.0 13.0 13.0 13.0
13.0 13.0 13.0 13.0 13.0 13.0
13.0 13.0 13.0 13.0 13.0 13.0
13.0 13.0 13.0 13.0 13.0 13.0
13.0 13.0 13.0 13.0 13.0 13.0
13.0 13.0 13.0 13.0 13.0 13.0
13.0 13.0 13.0 13.0 13.0 13.0
13.0 13.0 13.0 13.0 13.0 13.0
13.0 13.0 13.0 13.0 13.0 13.0
13.0 13.0 13.0 13.0 13.0 13.0
13.0 13.0 13.0 13.0 13.0 13.0
13.0 13.0 13.0 13.0 13.0 13.0
13.0 13.0 13.0 13.0 13.0 13.0
13.0 13.0 13.0 13.0 13.0 13.0
13.0 13.0 13.0 13.0 13.0 13.0
13.0 13.0 13.0 13.0 13.0 13.0
13.0 13.0 13.0 13.0 13.0 13.0
13.0 13.0 13.0 13.0 13.0 13.0
13.0 13.0 13.0 13.0 13.0 13.0
13.0 13.0 13.0 13.0 13.0 13.0
13.0 13.0 13.0 13.0 13.0 13.0
13.0 13.0 13.0 13.0 13.0 13.0
13.0 13.0 13.0 13.0 13.0 13.0
13.0 13.0 13.0 13.0 13.0 13.0
13.0 13.0 13.0 13.0 13.0 13.0
13.0 13.0 13.0 13.0 13.0 13.0
13.0 13.0 13.0 13.0 13.0 13.0
13.0 13.0 13.0 13.0 13.0 13.0
13.0 13.0 13.0 13.0 13.0 13.0
13.0 13.0 13.0 13.0 13.0 13.0
13.0 13.0 13.0 13.0 13.0 13.0
13.0 13.0 13.0 13.0 13.0 13.0
13.0 13.0 13.0 13.0 13.0 13.0
13.0 13.0 13.0 13.0 13.0 13.0
13.0 13.0 13.0 13.0 13.0 13.0
13.0 13.0 13.0 13.0 13.0 13.0
13.0 13.0 13.0 13.0 13.0 13.0
13.0 13.0 13.0 13.0 13.0 13.0
13.0 13.0 13.0 13.0 13.0 13.0
13.0 13.0 13.0 13.0 13.0 13.0
13.0 13.0 13.0 13.0 13.0 13.0
13.0 13.0 13.0 13.0 13.0 13.0
13.0 13.0 13.0 13.0 13.0 13.0
13.0 13.0 13.0 13.0 13.0 13.0
13.0 13.0 13.0 13.0 13.0 13.0
13.0 13.0 13.0 13.0 13.0 13.0
13.0 13.0 13.0 13.0 13.0 13.0
13.0 13.0 13.0 13.0 13.0 13.0
13.0 13.0 13.0 13.0 13.0 13.0
13.0 13.0 13.0 13.0 13.0 13.0
13.0 13.0 13.0 13.0 13.0 13.0
13.0 13.0 13.0 13.0 13.0 13.0
13.0 13.0 13.0 13.0 13.0 13.0
13.0 13.0 13.0 13.0 13.0 13.0
13.0 13.0 13.0 13.0 13.0 13.0
13.0 13.0 13.0 13.0 13.0 13.0
13.0 13.0 13.0 13.0 13.0 13.0
13.0 13.0 13.0 13.0 13.0 13.0
13.0 13.0 13.0 13.0 13.0 13.0
13.0 13.0 13.0 13.0 13.0 13.0
13.0 13.0 13.0 13.0 13.0 13.0
13.0 13.0 13.0 13.0 13.0 13.0
13.0 13.0 13.0 13.0 13.0 13.0
13.0 13.0 13.0 13.0 13.0 13.0
13.0 13.0 13.0 13.0 13.0 13.0
13.0 13.0 13.0 13.0 13.0 13.0
13.0 13.0 13.0 13.0 13.0 13.0
13.0 13.0 13.0 13.0 13.0 13.0
13.0 13.0 13.0 13.0 13.0 13.0
13.0 13.0 13.0 13.0 13.0 13.0
13.0 13.0 13.0 13.0 13.0 13.0
13.0 13.0 13.0 13.0 13.0 13.0
13.0 13.0 13.0 13.0 13.0 13.0
13.0 13.0 13.0 13.0 13.0 13.0
13.0 13.0 13.0 13.0 13.0 13.0
13.0 13.0 13.0 13.0 13.0 13.0
13.0 13.0 13.0 13.0 13.0 13.0
13.0 13.0 13.0 13.0 13.0 13.0
13.0 13.0 13.0 13.0 13.0 13.0
13.0 13.0 13.0 13.0 13.0 13.0
13.0 13.0 13.0 13.0 13.0 13.0
13.0 13.0 13.0 13.0 13.0 13.0
13.0 13.0 13.0 13.0 13.0 13.0
13.0 13.0 13.0 13.0 13.0 13.0
13.0 13.0 13.0 13.0 13.0 13.0
13.0 13.0 13.0 13.0 13.0 13.0
13.0 13.0 13.0 13.0 13.0 13.0
13.0 13.0 13.0 13.0 13.0 13.0
13.0 13.0 13.0 13.0 13.0 13.0
13.0 13.0 13.0 13.0 13.0 13.0
13.0 13.0 13.0 13.0 13.0 13.0
13.0 13.0 13.0 13.0 13.0 13.0
13.0 13.0 13.0 13.0 13.0 13.0
13.0 13.0 13.0 13.0 13.0 13.0
13.0 13.0 13.0 13.0 13.0 13.0
13.0 13.0 13.0 13.0 13.0 13.0
13.0 13.0 13.0 13.0 13.0 13.0
13.0 13.0 13.0 13.0 13.0 13.0
13.0 13.0 13.0 13.0 13.0 13.0
13.0 13.0 13.0 13.0 13.0 13.0
13.0 13.0 13.0 13.0 13.0 13.0
13.0 13.0 13.0 13.0 13.0 13.0
13.0 13.0 13.0 13.0 13.0 13.0
13.0 13.0 13.0 13.0 13.0 13.0
13.0 13.0 13.0 13.0 13.0 13.0
13.0 13.0 13.0 13.0 13.0 13.0
13.0 13.0 13.0 13.0 13.0 13.0
13.0 13.0 13.0 13.0 13.0 13.0
13.0 13.0 13.0 13.0 13.0 13.0
13.0 13.0 13.0 13.0 13.0 13.0
13.0 13.0 13.0 13.0 13.0 13.0
13.0 13.0 13.0 13.0 13.0 13.0
13.0 13.0 13.0 13.0 13.0 13.0
13.0 13.0 13.0 13.0 13.0 13.0
13.0 13.0 13.0 13.0 13.0 13.0
13.0 13.0 13.0 13.0 13.0 13.0
13.0 13.0 13.0 13.0 13.0 13.0
13.0 13.0 13.0 13.0 13.0 13.0
13.0 13.0 13.0 13.0 13.0 13.0
13.0 13.0 13.0 13.0 13.0 13.0
13.0 13.0 13.0 13.0 13.0 13.0
13.0 13.0 13.0 13.0 13.0 13.0
13.0 13.0 13.0 13.0 13.0 13.0
13.0 13.0 13.0 13.0 13.0 13.0
13.0 13.0 13.0 13.0 13.0 13.0
13.0 13.0 13.0 13.0 13.0 13.0
13.0 13.0 13.0 13.0 13.0 13.0
13.0 13.0 13.0 13.0 13.0 13.0
13.0 13.0 13.0 13.0 13.0 13.0
13.0 13.0 13.0 13.0 13.0 13.0
13.0 13.0 13.0 13.0 13.0 13.0
13.0 13.0 13.0 13.0 13.0 13.0
13.0 13.0 13.0 13.0 13.0 13.0
13.0 13.0 13.0 13.0 13.0 13.0
13.0 13.0 13.0 13.0 13.0 13.0
13.0 13.0 13.0 13.0 13.0 13.0
13.0 13.0 13.0 13.0 13.0 13.0
13.0 13.0 13.0 13.0 13.0 13.0
13.0 13.0 13.0 13.0 13.0 13.0
13.0 13.0 13.0 13.0 13.0 13.0
13.0 13.0 13.0 13.0 13.0 13.0
13.0 13.0 13.0 13.0 13.0 13.0
13.0 13.0 13.0 13.0 13.0 13.0
13.0 13.0 13.0 13.0 13.0 13.0
13.0 13.0 13.0 13.0 13.0 13.0
13.0 13.0 13.0 13.0 13.0 13.0
13.0 13.0 13.0 13.0 13.0 13.0
13.0 13.0 13.0 13.0 13.0 13.0
13.0 13.0 13.0 13.0 13.0 13.0
13.0 13.0 13.0 13.0 13.0 13.0
13.0 13.0 13.0 13.0 13.0 13.0
13.0 13.0 13.0 13.0 13.0 13.0
13.0 13.0 13.0 13.0 13.0 13.0
13.0 13.0 13.0 13.0 13.0 13.0
13.0 13.0 13.0 13.0 13.0 13.0
13.0 13.0 13.0 13.0 13.0 13.0
13.0 13.0 13.0 13.0 13.0 13.0
13.0 13.0 13.0 13.0 13.0 13.0
13.0 13.0 13.0 13.0 13.0 13.0
13.0 13.0 13.0 13.0 13.0 13.0
13.0 13.0 13.0 13.0 13.0 13.0
13.0 13.0 13.0 13.0 13.0 13.0
13.0 13.0 13.0 13.0 13.0 13.0
13.0 13.0 13.0 13.0 13.0 13.0
13.0 13.0 13.0 13.0 13.0 13.0
13.0 13.0 13.0 13.0 13.0 13.0
13.0 13.0 13.0 13.0 13.0 13.0
13.0 13.0 13.0 13.0 13.0 13.0
13.0 13.0 13.0 13.0 13.0 13.0
13.0 13.0 13.0 13.0 13.0 13.0
13.0 13.0 13.0 13.0 13.0 13.0
13.0 13.0 13.0 13.0 13.0 13.0
13.0 13.0 13.0 13.0 13.0 13.0
13.0 13.0 13.0 13.0 13.0 13.0
13.0 13.0 13.0 13.0 13.0 13.0
13.0 13.0 13.0 13.0 13.0 13.0
13.0 13.0 13.0 13.0 13.0 13.0
13.0 13.0 13.0 13.0 13.0 13.0
13.0 13.0 13.0 13.0 13.0 13.0
13.0 13.0 13.0 13.0 13.0 13.0
13.0 13.0 13.0 13.0 13.0 13.0
13.0 13.0 13.0 13.0 13.0 13.0
13.0 13.0 13.0 13.0 13.0 13.0
13.0 13.0 13.0 13.0 13.0 13.0
13.0 13.0 13.0 13.0 13.0 13.0
13.0 13.0 13.0 13.0 13.0 13.0
13.0 13.0 13.0 13.0 13.0 13.0
13.0 13.0 13.0 13.0 13.0 13.0
13.0 13.0 13.0 13.0 13.0 13.0
13.0 13.0 13.0 13.0 13.0 13.0
13.0 13.0 13.0 13.0 13.0 13.0
13.0 13.0 13.0 13.0 13.0 13.0
13.0 13.0 13.0 13.0 13.0 13.0
13.0 13.0 13.0 13.0 13.0 13.0
13.0 13.0 13.0 13.0 13.0 13.0
13.0 13.0 13.0 13.0 13.0 13.0
13.0 13.0 13.0 13.0 13.0 13.0
13.0 13.0 13.0 13.0 13.0 13.0
13.0 13.0 13.0 13.0 13.0 13.0
13.0 13.0 13.0 13.0 13.0 13.0
13.0 13.0 13.0 13.0 13.0 13.0
13.0 13.0 13.0 13.0 13.0 13.0
13.0 13.0 13.0 13.0 13.0 13.0
13.0 13.0 13.0 13.0 13.0 13.0
13.0 13.0 13.0 13.0 13.0 13.0
13.0 13.0 13.0 13.0 13.0 13.0
13.0 13.0 13.0 13.0 13.0 13.0
13.0 13.0 13.0 13.0 13.0 13.0
13.0 13.0 13.0 13.0 13.0 13.0
13.0 13.0 13.0 13.0 13.0 13.0
13.0 13.0 13.0 13.0 13.0 13.0
13.0 13.0 13.0 13.0 13.0 13.0
13.0 13.0 13.0 13.0 13.0 13.0
13.0 13.0 13.0 13.0 13.0 13.0
13.0 13.0 13.0 13.0 13.0 13.0
13.0 13.0 13.0 13.0 13.0 13.0
13.0 13.0 13.0 13.0 13.0 13.0
13.0 13.0 13.0 13.0 13.0 13.0
13.0 13.0 13.0 13.0 13.0 13.0
13.0 13.0 13.0 13.0 13.0 13.0
13.0 13.0 13.0 13.0 13.0 13.0
13.0 13.0 13.0 13.0 13.0 13.0
13.0 13.0 13.0 13.0 13.0 13.0
13.0 13.0 13.0 13.0 13.0 13.0
13.0 13.0 13.0 13.0 13.0 13.0
13.0 13.0 13.0 13.0 13.0 13.0
13.0 13.0 13.0 13.0 13.0 13.0
13.0 13.0 13.0 13.0 13.0 13.0
13.0 13.0 13.0 13.0 13.0 13.0
13.0 13.0 13.0 13.0 13.0 13.0
13.0 13.0 13.0 13.0 13.0 13.0
13.0 13.0 13.0 13.0 13.0 13.0
13.0 13.0 13.0 13.0 13.0 13.0
13.0 13.0 13.0 13.0 13.0 13.0
13.0 13.0 13.0 13.0 13.0 13.0
13.0 13.0 13.0 13.0 13.0 13.0
13.0 13.0 13.0 13.0 13.0 13.0
13.0 13.0 13.0 13.0 13.0 13.0
13.0 13.0 13.0 13.0 13.0 13.0
13.0 13.0 13.0 13.0 13.0 13.0
13.0 13.0 13.0 13.0 13.0 13.0
13.0 13.0 13.0 13.0 13.0 13.0
13.0 13.0 13.0 13.0 13.0 13.0
13.0 13.0 13.0 13.0 13.0 13.0
13.0 13.0 13.0 13.0 13.0 13.0
13.0 13.0 13.0 13.0 13.0 13.0
13.0 13.0 13.0 13.0 13.0 13.0
13.0 13.0 13.0 13.0 13.0 13.0
13.0 13.0 13.0 13.0 13.0 13.0
13.0 13.0 13.0 13.0 13.0 13.0
13.0 13.0 13.0 13.0 13.0 13.0
13.0 13.0 13.0 13.0 13.0 13.0
13.0 13.0 13.0 13.0 13.0 13.0
13.0 13.0 13.0 13.0 13.0 13.0
13.0 13.0 13.0 13.0 13.0 13.0
13.0 13.0 13.0 13.0 13.0 13.0
13.0 13.0 13.0 13.0 13.0 13.0
13.0 13.0 13.0 13.0 13.0 13.0
13.0 13.0 13.0 13.0 13.0 13.0
13.0 13.0 13.0 13.0 13.0 13.0
13.0 13.0 13.0 13.0 13.0 13.0
13.0 13.0 13.0 13.0 13.0 13.0
13.0 13.0 13.0 13.0 13.0 13.0
13.0 13.0 13.0 13.0 13.0 13.0
13.0 13.0 13.0 13.0 13.0 13.0
13.0 13.0 13.0 13.0 13.0 13.0
13.0 13.0 13.0 13.0 13.0 13.0
13.0 13.0 13.0 13.0 13.0 13.0
13.0 13.0 13.0 13.0 13.0 13.0
13.0 13.0 13.0 13.0 13.0 13.0
13.0 13.0 13.0 13.0 13.0 13.0
13.0 13.0 13.0 13.0 13.0 13.0
13.0 13.0 13.0 13.0 13.0 13.0
13.0 13.0 13.0 13.0 13.0 13.0
13.0 13.0 13.0 13.0 13.0 13.0
13.0 13.0 13.0 13.0 13.0 13.0
13.0 13.0 13.0 13.0 13.0 13.0
13.0 13.0 13.0 13.0 13.0 13.0
13.0 13.0 13.0 13.0 13.0 13.0
13.0 13.0 13.0 13.0 13.0 13.0
13.0 13.0 13.0 13.0 13.0 13.0
13.0 13.0 13.0 13.0 13.0 13.0
13.0 13.0 13.0 13.0 13.0 13.0
13.0 13.0 13.0 13.0 13.0 13.0
13.0 13.0 13.0 13.0 13.0 13.0
13.0 13.0 13.0 13.0 13.0 13.0
13.0 13.0 13.0 13.0 13.0 13.0
13.0 13.0 13.0 13.0 13.0 13.0
13.0 13.0 13.0 13.0 13.0 13.0
13.0 13.0 13.0 13.0 13.0 13.0
13.0 13.0 13.0 13.0 13.0 13.0
13.0 13.0 13.0 13.0 13.0 13.0
13.0 13.0 13.0 13.0 13.0 13.0
13.0 13.0 13.0 13.0 13.0 13.0
13.0 13.0 13.0 13.0 13.0 13.0
13.0 13.0 13.0 13.0 13.0 13.0
13.0 13.0 13.0 13.0 13.0 13.0
13.0 13.0 13.0 13.0 13.0 13.0
13.0 13.0 13.0 13.0 13.0 13.0
13.0 13.0 13.0 13.0 13.0 13.0
13.0 13.0 13.0 13.0 13.0 13.0
13.0 13.0 13.0 13.0 13.0 13.0
13.0 13.0 13.0 13.0 13.0 13.0
13.0 13.0 13.0 13.0 13.0 13.0
13.0 13.0 13.0 13.0 13.0 13.0
13.0 13.0 13.0 13.0 13.0 13.0
13.0 13.0 13.0 13.0 13.0 13.0
13.0 13.0 13.0 13.0 13.0 13.0
13.0 13.0 13.0 13.0 13.0 13.0
13.0 13.0 13.0 13.0 13.0 13.0
13.0 13.0 13.0 13.0 13.0 13.0
13.0 13.0 13.0 13.0 13.0 13.0
13.0 13.0 13.0 13.0 13.0 13.0
13.0 13.0 13.0 13.0 13.0 13.0
13.0 13.0 13.0 13.0 13.0 13.0
13.0 13.0 13.0 13.0 13.0 13.0
13.0 13.0 13.0 13.0 13.0 13.0
13.0 13.0 13.0 13.0 13.0 13.0
13.0 13.0 13.0 13.0 13.0 13.0
13.0 13.0 13.0 13.0 13.0 13.0
13.0 13.0 13.0 13.0 13.0 13.0
13.0 13.0 13.0 13.0 13.0 13.0
13.0 13.0 13.0 13.0 13.0 13.0
13.0 13.0 13.0 13.0 13.0 13.0
13.0 13.0 13.0 13.0 13.0 13.0
13.0 13.0 13.0 13.0 13.0 13.0
13.0 13.0 13.0 13.0 13.0 13.0
13.0 13.0 13.0 13.0 13.0 13.0
13.0 13.0 13.0 13.0 13.0 13.0
13.0 13.0 13.0 13.0 13.0 13.0
13.0 13.0 13.0 13.0 13.0 13.0
13.0 13.0 13.0 13.0 13.0 13.0
13.0 13.0 13.0 13.0 13.0 13.0
13.0 13.0 13.0 13.0 13.0 13.0
13.0 13.0 13.0 13.0 13.0 13.0
13.0 13.0 13.0 13.0 13.0 13.0
13.0 13.0 13.0 13.0 13.0 13.0
13.0 13.0 13.0 13.0 13.0 13.0
13.0 13.0 13.0 13.0 13.0 13.0
13.0 13.0 13.0 13.0 13.0 13.0
13.0 13.0 13.0 13.0 13.0 13.0
13.0 13.0 13.0 13.0 13.0 13.0
13.0 13.0 13.0 13.0 13.0 13.0
13.0 13.0 13.0 13.0 13.0 13.0
13.0 13.0 13.0 13.0 13.0 13.0
13.0 13.0 13.0 13.0 13.0 13.0
13.0 13.0 13.0 13.0 13.0 13.0
13.0 13.0 13.0 13.0 13.0 13.0
13.0 13.0 13.0 13.0 13.0 13.0
13.0 13.0 13.0 13.0 13.0 13.0
13.0 13.0 13.0 13.0 13.0 13.0
13.0 13.0 13.0 13.0 13.0 13.0
13.0 13.0 13.0 13.0 13.0 13.0
13.0 13.0 13.0 13.0 13.0 13.0
13.0 13.0 13.0 13.0 13.0 13.0
13.0 13.0 13.0 13.0 13.0 13.0
13.0 13.0 13.0 13.0 13.0 13.0
13.0 13.0 13.0 13.0 13.0 13.0
13.0 13.0 13.0 13.0 13.0 13.0
13.0 13.0 13.0 13.0 13.0 13.0
13.0 13.0 13.0 13.0 13.0 13.0
13.0 13.0 13.0 13.0 13.0 13.0
13.0 13.0 13.0 13.0 13.0 13.0
13.0 13.0 13.0 13.0 13.0 13.0
13.0 13.0 13.0 13.0 13.0 13.0
13.0 13.0 13.0 13.0 13.0 13.0
13.0 13.0 13.0 13.0 13.0 13.0
13.0 13.0 13.0 13.0 13.0 13.0
13.0 13.0 13.0 13.0 13.0 13.0
13.0 13.0 13.0 13.0 13.0 13.0
13.0 13.0 13.0 13.0 13.0 13.0
13.0 13.0 13.0 13.0 13.0 13.0
13.0 13.0 13.0 13.0 13.0 13.0
13.0 13.0 13.0 13.0 13.0 13.0
13.0 13.0 13.0 13.0 13.0 13.0
13.0 13.0 13.0 13.0 13.0 13.0
13.0 13.0 13.0 13.0 13.0 13.0
13.0 13.0 13.0 13.0 13.0 13.0
13.0 13.0 13.0 13.0 13.0 13.0
13.0 13.0 13.0 13.0 13.0 13.0
13.0 13.0 13.0 13.0 13.0 13.0
13.0 13.0 13.0 13.0 13.0 13.0
13.0 13.0 13.0 13.0 13.0 13.0
13.0 13.0 13.0 13.0 13.0 13.0
13.0 13.0 13.0 13.0 13.0 13.0
13.0 13.0 13.0 13.0 13.0 13.0
13.0 13.0 13.0 13.0 13.0 13.0
13.0 13.0 13.0 13.0 13.0 13.0
13.0 13.0 13.0 13.0 13.0 13.0
13.0 13.0 13.0 13.0 13.0 13.0
13.0 13.0 13.0 13.0 13.0 13.0
13.0 13.0 13.0 13.0 13.0 13.0
13.0 13.0 13.0 13.0 13.0 13.0
13.0 13.0 13.0 13.0 13.0 13.0
13.0 13.0 13.0 13.0 13.0 13.0
13.0 13.0 13.0 13.0 13.0 13.0
