nbNodes
12
nbVehi
3
nbServi
6
r
1 1 1 1 1 1
0 1 0 0 0 0
0 0 0 0 1 0
0 0 0 0 1 0
0 1 0 0 0 0
0 0 0 0 0 1
0 0 0 1 0 0
0 0 0 0 0 1
0 0 0 1 1 0
0 1 0 0 0 1
0 1 0 0 1 0
1 1 1 1 1 1
DS
11 10 9
a
1  1  1  0  0  0
0  0  0  1  1  1
0  0  0  1  1  1
x
89 48 59 73 13 46 26 95 11 39 0 89
y
41 46 6 12 1 44 12 38 43 37 0 41
d
0.0 41.303753 46.09772 33.12099 85.883644 43.104523 69.354164 6.708204 78.025635 50.159744 97.98979 0.0
41.303753 0.0 41.484936 42.201897 57.00877 2.828427 40.496914 47.67599 37.12142 12.727922 66.48308 41.303753
46.09772 41.484936 0.0 15.231546 46.270943 40.16217 33.54102 48.166378 60.60528 36.891735 59.3043 46.09772
33.12099 42.201897 15.231546 0.0 61.0 41.868843 47.0 34.058773 69.31811 42.201897 73.97973 33.12099
85.883644 57.00877 46.270943 61.0 0.0 54.20332 17.029387 89.961105 42.047592 44.407207 13.038404 85.883644
43.104523 2.828427 40.16217 41.868843 54.20332 0.0 37.735924 49.365982 35.014282 9.899495 63.655323 43.104523
69.354164 40.496914 33.54102 47.0 17.029387 37.735924 0.0 73.736015 34.43835 28.178005 28.635643 69.354164
6.708204 47.67599 48.166378 34.058773 89.961105 49.365982 73.736015 0.0 84.14868 56.008926 102.31813 6.708204
78.025635 37.12142 60.60528 69.31811 42.047592 35.014282 34.43835 84.14868 0.0 28.635643 44.38468 78.025635
50.159744 12.727922 36.891735 42.201897 44.407207 9.899495 28.178005 56.008926 28.635643 0.0 53.75872 50.159744
97.98979 66.48308 59.3043 73.97973 13.038404 63.655323 28.635643 102.31813 44.38468 53.75872 0.0 97.98979
0.0 41.303753 46.09772 33.12099 85.883644 43.104523 69.354164 6.708204 78.025635 50.159744 97.98979 0.0
p
0 0 0 0 0 0
0 0 0 0 0 0
0 0 0 0 0 0
17.0 17.0 17.0 17.0 17.0 17.0
17.0 17.0 17.0 17.0 17.0 17.0
17.0 17.0 17.0 17.0 17.0 17.0
17.0 17.0 17.0 17.0 17.0 17.0
17.0 17.0 17.0 17.0 17.0 17.0
17.0 17.0 17.0 17.0 17.0 17.0
17.0 17.0 17.0 17.0 17.0 17.0
17.0 17.0 17.0 17.0 17.0 17.0
17.0 17.0 17.0 17.0 17.0 17.0
17.0 17.0 17.0 17.0 17.0 17.0
17.0 17.0 17.0 17.0 17.0 17.0
17.0 17.0 17.0 17.0 17.0 17.0
17.0 17.0 17.0 17.0 17.0 17.0
17.0 17.0 17.0 17.0 17.0 17.0
17.0 17.0 17.0 17.0 17.0 17.0
17.0 17.0 17.0 17.0 17.0 17.0
17.0 17.0 17.0 17.0 17.0 17.0
17.0 17.0 17.0 17.0 17.0 17.0
17.0 17.0 17.0 17.0 17.0 17.0
17.0 17.0 17.0 17.0 17.0 17.0
17.0 17.0 17.0 17.0 17.0 17.0
17.0 17.0 17.0 17.0 17.0 17.0
17.0 17.0 17.0 17.0 17.0 17.0
17.0 17.0 17.0 17.0 17.0 17.0
17.0 17.0 17.0 17.0 17.0 17.0
17.0 17.0 17.0 17.0 17.0 17.0
17.0 17.0 17.0 17.0 17.0 17.0
17.0 17.0 17.0 17.0 17.0 17.0
17.0 17.0 17.0 17.0 17.0 17.0
17.0 17.0 17.0 17.0 17.0 17.0
0 0 0 0 0 0
0 0 0 0 0 0
0 0 0 0 0 0
mind
48 52 38 25 42 18 6 15 0 12 19 33
maxd
96 104 76 50 84 36 12 30 0 24 38 66
e
0  229 76 268 55 119 177 233 216 73 253 0
l
600  349 196 388 175 239 297 353 336 193 373 1000
