nbNodes
102
nbVehi
20
nbServi
6
r
1 1 1 1 1 1 
0 0 1 0 0 0 
0 0 1 0 0 0 
1 0 0 0 0 0 
0 1 0 0 0 0 
1 0 0 0 0 0 
1 0 0 0 0 0 
0 0 0 1 0 0 
0 0 0 0 1 0 
0 1 0 0 0 0 
0 1 0 0 0 0 
0 0 0 1 0 0 
0 0 0 0 1 0 
0 0 0 0 0 1 
0 0 0 0 1 0 
0 0 0 1 0 0 
0 0 0 0 1 0 
1 0 0 0 0 0 
0 0 0 1 0 0 
0 0 0 0 1 0 
0 1 0 0 0 0 
0 1 0 0 0 0 
1 0 0 0 0 0 
0 1 0 0 0 0 
0 0 0 0 0 1 
0 0 0 0 1 0 
0 1 0 0 0 0 
0 0 0 0 0 1 
0 0 0 0 0 1 
0 0 1 0 0 0 
0 0 0 0 0 1 
0 0 1 0 0 0 
0 0 0 0 0 1 
1 0 0 0 0 0 
1 0 0 0 0 0 
0 0 1 0 0 0 
0 0 0 1 0 0 
0 0 0 1 0 0 
1 0 0 0 0 0 
0 0 0 1 0 0 
0 1 0 0 0 0 
0 1 0 0 0 0 
0 0 0 0 0 1 
0 0 1 0 0 0 
0 0 0 0 1 0 
0 0 1 0 0 0 
0 0 0 0 1 0 
0 0 1 0 0 0 
0 0 0 0 0 1 
0 0 0 0 1 0 
0 0 1 0 0 0 
0 0 0 1 0 0 
0 0 0 1 0 0 
0 0 0 1 0 0 
0 1 0 0 0 0 
0 0 0 1 0 0 
0 0 0 0 1 0 
0 0 0 1 0 0 
0 0 0 0 1 0 
1 0 0 0 0 0 
1 0 0 0 0 0 
0 0 1 0 0 0 
0 1 0 0 0 0 
0 1 0 0 0 0 
0 0 1 0 0 0 
0 1 0 0 0 0 
0 0 0 1 0 0 
0 1 0 0 0 0 
1 0 0 0 0 0 
0 0 1 0 0 0 
0 0 0 0 0 1 
0 0 0 1 1 0 
0 0 0 0 1 1 
0 0 0 0 1 1 
0 0 0 1 1 0 
0 0 0 0 1 1 
0 0 0 0 1 1 
0 0 0 1 1 0 
0 0 0 0 1 1 
0 0 0 1 0 1 
0 0 0 1 1 0 
0 0 0 0 1 1 
0 0 0 1 0 1 
0 0 0 0 1 1 
0 0 0 1 1 0 
0 0 0 1 0 1 
1 0 0 0 0 1 
1 0 0 1 0 0 
0 1 0 0 0 1 
0 1 0 1 0 0 
0 1 0 1 0 0 
0 0 1 0 0 1 
0 1 0 0 1 0 
0 1 0 0 1 0 
1 0 0 0 0 1 
1 0 0 0 0 1 
1 0 0 0 0 1 
0 0 1 0 1 0 
0 0 1 0 1 0 
0 0 1 0 0 1 
0 1 0 1 0 0 
1 1 1 1 1 1 
DS
72 73 74 75 76 77 78 79 80 81 82 83 84 85 86 87 88 89 90 91 92 93 94 95 96 97 98 99 100 101 
a
1 1 0 0 0 0 
1 0 0 0 0 0 
0 1 1 0 0 0 
1 1 0 0 0 0 
0 0 1 0 0 0 
1 1 1 0 0 0 
1 0 0 0 0 0 
0 0 0 1 0 0 
0 0 0 1 1 1 
0 0 0 1 1 1 
0 0 0 1 0 1 
0 0 0 0 0 1 
0 0 0 1 1 1 
0 0 0 1 0 1 
0 0 0 1 1 1 
0 0 0 1 1 1 
0 0 0 0 1 1 
0 0 0 1 0 1 
0 0 0 1 1 1 
0 0 0 1 1 0 
x
34 10 28 49 59 85 77 81 76 86 11 85 78 57 46 38 22 92 61 53 57 32 70 28 24 39 57 29 7 30 26 75 71 95 50 65 46 30 3 20 99 44 26 98 92 80 9 79 14 27 99 96 93 1 73 93 46 89 48 77 86 23 55 46 49 28 99 88 38 24 47 78 39 1 79 79 55 14 75 20 62 11 95 24 93 68 66 85 8 8 65 22 21 49 70 1 40 0 79 59 0 34 
y
34 6 5 7 24 12 37 16 26 31 14 49 40 30 11 45 33 34 27 27 34 30 14 29 21 36 38 9 0 38 35 26 2 20 14 7 46 39 27 4 1 15 43 32 42 40 36 0 25 21 47 22 30 48 43 40 45 16 41 28 31 14 32 8 37 43 0 16 37 49 7 49 21 40 40 3 11 23 12 36 3 11 31 44 3 0 34 33 36 17 48 44 38 5 33 6 11 41 32 41 0 34 
d
0.00000 36.87818 29.61419 30.88689 26.92582 55.54278 43.10452 50.32892 42.75512 52.08647 30.47950 53.16014 44.40721 23.34524 25.94224 11.70470 12.04159 58.00000 27.89265 20.24846 23.00000 4.47214 41.18252 7.81025 16.40122 5.38516 23.34524 25.49510 43.41659 5.65685 8.06226 41.77320 48.91830 62.58594 25.61250 41.10961 16.97056 6.40312 31.78050 33.10589 72.89719 21.47091 12.04159 64.03124 58.54912 46.38965 25.07987 56.40035 21.93171 14.76482 66.28725 63.15061 59.13544 35.84690 40.02499 59.30430 16.27882 57.87055 15.65248 43.41659 52.08647 22.82542 21.09502 28.63564 15.29706 10.81665 73.35530 56.92100 5.00000 18.02776 29.96665 46.48656 13.92839 33.54102 45.39824 54.64430 31.14482 22.82542 46.52956 14.14214 41.77320 32.52691 61.07373 14.14214 66.64833 48.08326 32.00000 51.00980 26.07681 31.06445 34.01470 15.62050 13.60147 32.64966 36.01389 43.27817 23.76973 34.71311 45.04442 25.96151 48.08326 0.00000 
36.87818 0.00000 18.02776 39.01282 52.20153 75.23962 73.82412 71.70077 68.96376 80.00625 8.06226 86.45230 76.02631 52.77310 36.34556 48.01042 29.54657 86.64872 55.15433 47.85394 54.70832 32.55764 60.53098 29.20616 20.51828 41.72529 56.85948 19.23538 6.70820 37.73592 33.12099 68.00735 61.13101 86.14523 40.79216 55.00909 53.81450 38.58756 22.13594 10.19804 89.14034 35.17101 40.31129 91.76056 89.55445 77.82031 30.01666 69.26038 19.41649 22.67157 97.98980 87.47571 86.40023 42.95346 73.06162 89.69392 53.07542 79.63040 51.66237 70.51950 80.00625 15.26434 51.97115 36.05551 49.81967 41.14608 89.20202 78.63841 41.77320 45.22168 37.01351 80.45496 32.64966 35.17101 76.92204 69.06519 45.27693 17.46425 65.27634 31.62278 52.08647 5.09902 88.60023 40.49691 83.05420 58.30952 62.60990 79.71198 30.06659 11.18034 69.20260 39.84972 33.83785 39.01282 65.79514 9.00000 30.41381 36.40055 73.73602 60.21628 11.66190 36.87818 
29.61419 18.02776 0.00000 21.09502 36.35932 57.42822 58.52350 54.12947 52.39275 63.56099 19.23538 72.00694 61.03278 38.28838 18.97367 41.23106 28.63564 70.26379 39.66106 33.30165 41.01219 25.31798 42.95346 24.00000 16.49242 32.89377 43.93177 4.12311 21.58703 33.06055 30.06659 51.47815 43.10452 68.65858 23.76973 37.05401 44.77723 34.05877 33.30165 8.06226 71.11259 18.86796 38.05260 75.02666 73.92564 62.68174 36.35932 51.24451 24.41311 16.03122 82.49242 70.09280 69.64194 50.77401 58.89822 73.82412 43.86342 61.98387 41.18252 54.12947 63.56099 10.29563 38.18377 18.24829 38.27532 38.00000 71.17584 61.00000 33.52611 44.18144 19.10497 66.60330 19.41649 44.20407 61.85467 51.03920 27.65863 22.80351 47.51842 32.01562 34.05877 18.02776 71.86793 39.20459 65.03076 40.31129 47.80167 63.50591 36.89173 23.32381 56.72742 39.45884 33.73426 21.00000 50.47772 27.01851 13.41641 45.60702 57.70615 47.50789 28.44293 29.61419 
30.88689 39.01282 21.09502 0.00000 19.72308 36.34556 41.03657 33.24154 33.01515 44.10215 38.63936 55.31727 43.93177 24.35159 5.00000 39.56008 37.48333 50.77401 23.32381 20.39608 28.16026 28.60070 22.13594 30.41381 28.65310 30.67572 32.01562 20.09975 42.57934 36.35932 36.23534 32.20248 22.56103 47.80167 7.07107 16.00000 39.11521 37.21559 50.15974 29.15476 50.35871 9.43398 42.72002 55.00909 55.44367 45.27693 49.40648 30.80584 39.35734 26.07681 64.03124 49.33559 49.64877 63.12686 43.26662 55.00000 38.11824 41.00000 34.01470 35.00000 44.10215 26.92582 25.70992 3.16228 30.00000 41.67733 50.48762 40.02499 31.95309 48.87740 2.00000 51.03920 17.20465 58.24946 44.59821 30.26549 7.21110 38.48376 26.47640 41.01219 13.60147 38.20995 51.88449 44.65423 44.18144 20.24846 31.90611 44.40721 50.21952 42.20190 44.01136 45.80393 41.77320 2.00000 33.42155 48.01042 9.84886 59.64059 39.05125 35.44009 49.49747 30.88689 
26.92582 52.20153 36.35932 19.72308 0.00000 28.63564 22.20360 23.40940 17.11724 27.89265 49.03060 36.06938 24.83948 6.32456 18.38478 29.69848 38.07887 34.48188 3.60555 6.70820 10.19804 27.65863 14.86607 31.40064 35.12834 23.32381 14.14214 33.54102 57.27128 32.20248 34.78505 16.12452 25.05993 36.22154 13.45362 18.02776 25.55386 32.64966 56.08030 43.82921 46.14109 17.49286 38.07887 39.81206 37.58989 26.40076 51.41984 31.24100 45.01111 32.14032 46.14109 37.05401 34.52535 62.76942 23.60085 37.57659 24.69818 31.04835 20.24846 18.43909 27.89265 37.36308 8.94427 20.61553 16.40122 36.35932 46.64762 30.08322 24.69818 43.01163 20.80865 31.40064 20.22375 60.16644 25.61250 29.00000 13.60147 45.01111 20.00000 40.80441 21.21320 49.72927 36.67424 40.31129 39.96248 25.63201 12.20656 27.51363 52.39275 51.47815 24.73863 42.05948 40.49691 21.47091 14.21267 60.72891 23.02173 61.40033 21.54066 17.00000 63.69458 26.92582 
55.54278 75.23962 57.42822 36.34556 28.63564 0.00000 26.24881 5.65685 16.64332 19.02630 74.02702 37.00000 28.86174 33.28663 39.01282 57.42822 66.40783 23.08679 28.30194 35.34119 35.60899 55.97321 15.13275 59.48109 61.66036 51.88449 38.20995 56.08030 78.91768 60.83584 63.32456 17.20465 17.20465 12.80625 35.05710 20.61553 51.73973 61.26989 83.36066 65.49046 17.80449 41.10961 66.64833 23.85372 30.80584 28.44293 79.69944 13.41641 72.18033 58.69412 37.69615 14.86607 19.69772 91.38928 33.24154 29.12044 51.08816 5.65685 47.01064 17.88854 19.02630 62.03225 36.05551 39.20459 43.82921 64.88451 18.43909 5.00000 53.23533 71.34424 38.32754 37.65634 46.87217 88.54377 28.63564 10.81665 30.01666 71.84706 10.00000 69.28925 24.69818 74.00676 21.47091 68.88396 12.04159 20.80865 29.06888 21.00000 80.65358 77.16217 41.18252 70.66116 69.07966 36.67424 25.80698 84.21401 45.01111 89.81091 20.88061 38.94868 85.84288 55.54278 
43.10452 73.82412 58.52350 41.03657 22.20360 26.24881 0.00000 21.37756 11.04536 10.81665 69.89278 14.42221 3.16228 21.18962 40.45986 39.81206 55.14526 15.29706 18.86796 26.00000 20.22375 45.54119 24.04163 49.64877 55.36244 38.01316 20.02498 55.56978 79.17702 47.01064 51.03920 11.18034 35.51056 24.75884 35.46830 32.31099 32.28002 47.04253 74.67262 65.86350 42.19005 39.66106 51.35173 21.58703 15.81139 4.24264 68.00735 37.05401 64.13267 52.49762 24.16609 24.20744 17.46425 76.79193 7.21110 16.27882 32.01562 24.18677 29.27456 9.00000 10.81665 58.69412 22.56103 42.44997 28.00000 49.36598 43.04649 23.70654 39.00000 54.34151 42.42641 12.04159 41.23106 76.05919 3.60555 34.05877 34.05877 64.53681 25.07987 57.00877 37.16181 70.93659 18.97367 53.46027 37.57659 38.07887 11.40175 8.94427 69.00725 71.84010 16.27882 55.44367 56.00893 42.52058 8.06226 82.07923 45.22168 77.10383 5.38516 18.43909 85.42833 43.10452 
50.32892 71.70077 54.12947 33.24154 23.40940 5.65685 21.37756 0.00000 11.18034 15.81139 70.02857 33.24154 24.18677 27.78489 35.35534 51.86521 61.40033 21.09502 22.82542 30.08322 30.00000 50.96077 11.18034 54.57105 57.21888 46.51881 32.55764 52.46904 75.70997 55.54278 58.18935 11.66190 17.20465 14.56022 31.06445 18.35756 46.09772 55.94640 78.77182 62.16912 23.43075 37.01351 61.26989 23.34524 28.23119 24.02082 74.72617 16.12452 67.60178 54.23099 35.84690 16.15549 18.43909 86.16264 28.16026 26.83282 45.45327 8.00000 41.40048 12.64911 15.81139 58.03447 30.52868 35.90265 38.27532 59.48109 24.08319 7.00000 47.85394 65.86350 35.17101 33.13608 42.29657 83.52245 24.08319 13.15295 26.47640 67.36468 7.21110 64.19502 23.02173 70.17834 20.51828 63.50591 17.69181 20.61553 23.43075 17.46425 75.69016 73.00685 35.77709 65.30697 63.90618 33.83785 20.24846 80.62258 41.30375 84.77028 16.12452 33.30165 82.56513 50.32892 
42.75512 68.96376 52.39275 33.01515 17.11724 16.64332 11.04536 11.18034 0.00000 11.18034 66.09841 24.69818 14.14214 19.41649 33.54102 42.48529 54.45181 17.88854 15.03330 23.02173 20.61553 44.18144 13.41641 48.09366 52.23983 38.32754 22.47221 49.98000 73.73602 47.53946 50.80354 1.00000 24.51530 19.92486 28.63564 21.95450 36.05551 47.80167 73.00685 60.16644 33.97058 33.83785 52.81098 22.80351 22.62742 14.56022 67.74216 26.17250 62.00806 49.25444 31.14482 20.39608 17.46425 78.16009 17.26268 22.02272 35.51056 16.40122 31.76476 2.23607 11.18034 54.34151 21.84033 34.98571 29.15476 50.92151 34.71311 15.62050 39.56008 56.85948 34.66987 23.08679 37.33631 76.29548 14.31782 23.19483 25.80698 62.07254 14.03567 56.88585 26.92582 66.70832 19.64688 55.02727 28.60070 27.20294 12.80625 11.40175 68.73136 68.59300 24.59675 56.92100 56.29387 34.20526 9.21954 77.62087 39.00000 77.46612 6.70820 22.67157 80.32434 42.75512 
52.08647 80.00625 63.56099 44.10215 27.89265 19.02630 10.81665 15.81139 11.18034 0.00000 76.90254 18.02776 12.04159 29.01724 44.72136 50.00000 64.03124 6.70820 25.31798 33.24154 29.15476 54.00926 23.34524 58.03447 62.80127 47.26521 29.83287 61.09828 84.86460 56.43580 60.13319 12.08305 32.64966 14.21267 39.81206 31.89044 42.72002 56.56854 83.09633 71.30919 32.69557 44.94441 61.18823 12.04159 12.52996 10.81665 77.16217 31.78050 72.24957 59.84146 20.61553 13.45362 7.07107 86.68333 17.69181 11.40175 42.37924 15.29706 39.29377 9.48683 0.00000 65.25335 31.01612 46.14109 37.48333 59.22837 33.61547 15.13275 48.37355 64.56005 45.79301 19.69772 48.05206 85.47514 11.40175 28.86174 36.89173 72.44308 21.95450 66.18912 36.87818 77.62087 9.00000 63.34824 28.86174 35.84690 20.22375 2.23607 78.16009 79.24645 27.01851 65.30697 65.37584 45.22168 16.12452 88.60023 50.15974 86.57944 7.07107 28.79236 91.41663 52.08647 
30.47950 8.06226 19.23538 38.63936 49.03060 74.02702 69.89278 70.02857 66.09841 76.90254 0.00000 81.85964 71.86793 48.70318 35.12834 41.10961 21.95450 83.43261 51.66237 43.96590 50.15974 26.40076 59.00000 22.67157 14.76482 35.60899 51.88449 18.68154 14.56022 30.61046 25.80698 65.11528 61.18823 84.21401 39.00000 54.45181 47.42362 31.40064 15.26434 13.45362 88.95504 33.01515 32.64966 88.84256 85.70298 73.73602 22.09072 69.42622 11.40175 17.46425 93.98404 85.37564 83.54639 35.44009 68.44706 86.02325 46.75468 78.02564 45.80393 67.46851 76.90254 12.00000 47.53946 35.51056 44.41846 33.61547 89.10668 77.02597 35.46830 37.33631 36.67424 75.59100 28.86174 27.85678 72.80110 68.88396 44.10215 9.48683 64.03124 23.76973 52.17279 3.00000 85.70298 32.69557 82.73452 58.69412 58.52350 76.40026 22.20360 4.24264 63.81222 31.95309 26.00000 39.05125 61.98387 12.80625 29.15476 29.15476 70.34202 55.07268 17.80449 30.47950 
53.16014 86.45230 72.00694 55.31727 36.06938 37.00000 14.42221 33.24154 24.69818 18.02776 81.85964 0.00000 11.40175 33.83785 54.45181 47.16991 65.00000 16.55295 32.55764 38.83298 31.76476 56.30275 38.07887 60.40695 67.11930 47.80167 30.08322 68.81860 92.11406 56.08921 60.63827 25.07987 49.04080 30.67572 49.49747 46.51881 39.11521 55.90170 84.89994 79.05694 50.00000 53.26350 59.30430 21.40093 9.89949 10.29563 77.10383 49.36598 74.94665 64.40497 14.14214 29.15476 20.61553 84.00595 13.41641 12.04159 39.20459 33.24154 37.85499 22.47221 18.02776 71.19691 34.48188 56.58622 37.94733 57.31492 50.96077 33.13608 48.50773 61.00000 56.63921 7.00000 53.85165 84.48077 10.81665 46.38965 48.41487 75.61085 38.32754 66.28725 51.42956 83.18654 20.59126 61.20457 46.69047 51.86521 24.20744 16.00000 78.08969 83.38465 20.02498 63.19810 64.93843 56.85068 21.93171 94.36631 58.89822 85.37564 18.02776 27.20294 98.11218 53.16014 
44.40721 76.02631 61.03278 43.93177 24.83948 28.86174 3.16228 24.18677 14.14214 12.04159 71.86793 11.40175 0.00000 23.25941 43.18565 40.31129 56.43580 15.23155 21.40093 28.17801 21.84033 47.07441 27.20294 51.19570 57.24509 39.20459 21.09502 57.98276 81.49233 48.04165 52.23983 14.31782 38.63936 26.24881 38.20995 35.46830 32.55764 48.01042 76.11833 68.26419 44.29447 42.20190 52.08647 21.54066 14.14214 2.00000 69.11584 40.01250 65.73431 54.42426 22.13594 25.45584 18.02776 77.41447 5.83095 15.00000 32.38827 26.40076 30.01666 12.04159 12.04159 60.83584 24.35159 45.25483 29.15476 50.08992 45.17743 26.00000 40.11234 54.74486 45.27693 9.00000 43.38202 77.00000 1.00000 37.01351 37.01351 66.21933 28.16026 58.13777 40.31129 73.00685 19.23538 54.14795 39.92493 41.23106 13.41641 9.89949 70.11419 73.68175 15.26434 56.14268 57.03508 45.45327 10.63015 84.17244 47.80167 78.00641 8.06226 19.02630 87.65843 44.40721 
23.34524 52.77310 38.28838 24.35159 6.32456 33.28663 21.18962 27.78489 19.41649 29.01724 48.70318 33.83785 23.25941 0.00000 21.95450 24.20744 35.12834 35.22783 5.00000 5.00000 4.00000 25.00000 20.61553 29.01724 34.20526 18.97367 8.00000 35.00000 58.30952 28.16026 31.40064 18.43909 31.30495 39.29377 17.46425 24.35159 19.41649 28.46050 54.08327 45.22168 51.03920 19.84943 33.61547 41.04875 37.00000 25.07987 48.37355 37.20215 43.28972 31.32092 45.31004 39.81206 36.00000 58.82176 20.61553 37.36308 18.60108 34.92850 14.21267 20.09975 29.01724 37.57659 2.82843 24.59675 10.63015 31.78050 51.61395 34.01470 20.24846 38.07887 25.07987 28.31960 20.12461 56.88585 24.16609 34.82815 19.10497 43.56604 25.45584 37.48333 27.45906 49.76947 38.01316 35.84690 45.00000 31.95309 9.84886 28.16026 49.36598 50.69517 19.69772 37.69615 36.87818 26.24881 13.34166 60.92618 25.49510 58.05170 22.09072 11.18034 64.41273 23.34524 
25.94224 36.34556 18.97367 5.00000 18.38478 39.01282 40.45986 35.35534 33.54102 44.72136 35.12834 54.45181 43.18565 21.95450 0.00000 34.92850 32.55764 51.42956 21.93171 17.46425 25.49510 23.60085 24.18677 25.45584 24.16609 25.96151 29.15476 17.11724 40.52160 31.38471 31.24100 32.64966 26.57066 49.81967 5.00000 19.41649 35.00000 32.24903 45.88028 26.92582 53.93515 4.47214 37.73592 56.08030 55.47071 44.68781 44.65423 34.78505 34.92850 21.47091 64.07027 51.19570 50.69517 58.25805 41.86884 55.22681 34.00000 43.28972 30.06659 35.35534 44.72136 23.19483 22.84732 3.00000 26.17250 36.71512 54.12947 42.29657 27.20294 43.90900 4.12311 49.67897 12.20656 53.53504 43.93177 33.95585 9.00000 34.17601 29.01724 36.06938 17.88854 35.00000 52.92447 39.66106 47.67599 24.59675 30.47950 44.77723 45.48626 38.47077 41.59327 40.80441 36.79674 6.70820 32.55764 45.27693 6.00000 54.91812 39.11521 32.69557 47.29693 25.94224 
11.70470 48.01042 41.23106 39.56008 29.69848 57.42822 39.81206 51.86521 42.48529 50.00000 41.10961 47.16991 40.31129 24.20744 34.92850 0.00000 20.00000 55.10898 29.20616 23.43075 21.95450 16.15549 44.55334 18.86796 27.78489 9.05539 20.24846 37.10795 54.64430 10.63015 15.62050 41.59327 54.20332 62.24147 33.24154 46.61545 8.06226 10.00000 39.35734 44.77723 75.21303 30.59412 12.16553 61.39218 54.08327 42.29657 30.36445 60.87693 31.24100 26.40076 61.03278 62.39391 57.00877 37.12142 35.05710 55.22681 8.00000 58.66856 10.77033 42.54409 50.00000 34.43835 21.40093 37.85499 13.60147 10.19804 75.80237 57.80138 8.00000 14.56022 39.05125 40.19950 24.02082 37.33631 41.30375 58.69412 38.01316 32.55764 49.57822 20.12461 48.37355 43.41659 58.69412 14.03567 69.20260 54.08327 30.08322 48.50773 31.32092 41.03657 27.16616 16.03122 18.38478 41.48494 34.17601 53.75872 34.05877 38.20995 43.01163 21.37756 58.89822 11.70470 
12.04159 29.54657 28.63564 37.48333 38.07887 66.40783 55.14526 61.40033 54.45181 64.03124 21.95450 65.00000 56.43580 35.12834 32.55764 20.00000 0.00000 70.00714 39.45884 31.57531 35.01428 10.44031 51.62364 7.21110 12.16553 17.26268 35.35534 25.00000 36.24914 9.43398 4.47214 53.46027 57.98276 74.14850 33.83785 50.24938 27.29469 10.00000 19.92486 29.06888 83.38465 28.42534 10.77033 76.00658 70.57620 58.42089 13.34166 65.86350 11.31371 13.00000 78.26238 74.81310 71.06335 25.80698 51.97115 71.34424 26.83282 69.12308 27.20294 55.22681 64.03124 19.02630 33.01515 34.65545 27.29469 11.66190 83.77350 68.15424 16.49242 16.12452 36.06938 58.24088 20.80865 22.13594 57.42822 64.41273 39.66106 12.80625 57.00877 3.60555 50.00000 24.59675 73.02739 11.18034 77.07788 56.61272 44.01136 63.00000 14.31782 21.26029 45.54119 11.00000 5.09902 38.89730 48.00000 34.20526 28.42534 23.40940 57.00877 37.85499 39.66106 12.04159 
58.00000 86.64872 70.26379 50.77401 34.48188 23.08679 15.29706 21.09502 17.88854 6.70820 83.43261 16.55295 15.23155 35.22783 51.42956 55.10898 70.00714 0.00000 31.78050 39.62323 35.00000 60.13319 29.73214 64.19502 69.23150 53.03772 35.22783 67.77905 91.54780 62.12890 66.00758 18.78829 38.27532 14.31782 46.51881 38.18377 47.53946 62.20129 89.27486 78.00000 33.73426 51.62364 66.61081 6.32456 8.00000 13.41641 83.02409 36.40055 78.51751 66.28725 14.76482 12.64911 4.12311 92.07063 21.02380 6.08276 47.29693 18.24829 44.55334 16.15549 6.70820 71.84010 37.05401 52.83938 43.10452 64.62971 34.71311 18.43909 54.08327 69.63476 52.47857 20.51828 54.57105 91.19759 14.31782 33.61547 43.56604 78.77182 27.80288 72.02777 43.13931 84.20214 4.24264 68.73136 31.01612 41.61730 26.00000 7.07107 84.02381 85.70298 30.41381 70.71068 71.11259 51.86521 22.02272 95.21029 56.85948 92.26592 13.15295 33.73426 98.08160 58.00000 
27.89265 55.15433 39.66106 23.32381 3.60555 28.30194 18.86796 22.82542 15.03330 25.31798 51.66237 32.55764 21.40093 5.00000 21.93171 29.20616 39.45884 31.78050 0.00000 8.00000 8.06226 29.15476 15.81139 33.06055 37.48333 23.76973 11.70470 36.71512 60.37384 32.89377 35.90265 14.03567 26.92582 34.71311 17.02939 20.39608 24.20744 33.24154 58.00000 47.01064 46.04346 20.80865 38.48376 37.33631 34.43835 23.02173 52.77310 32.44996 47.04253 34.52535 42.94182 35.35534 32.14032 63.56886 20.00000 34.53983 23.43075 30.08322 19.10497 16.03122 25.31798 40.16217 7.81025 24.20744 15.62050 36.67424 46.61545 29.15476 25.07987 43.04649 24.41311 27.80288 22.80351 61.39218 22.20360 30.00000 17.08801 47.16991 20.51828 41.97618 24.02082 52.49762 34.23449 40.71855 40.00000 27.89265 8.60233 24.73863 53.75872 53.93515 21.37756 42.54409 41.48494 25.05993 10.81665 63.56886 26.40076 62.58594 18.68154 14.14214 66.70832 27.89265 
20.24846 47.85394 33.30165 20.39608 6.70820 35.34119 26.00000 30.08322 23.02173 33.24154 43.96590 38.83298 28.17801 5.00000 17.46425 23.43075 31.57531 39.62323 8.00000 0.00000 8.06226 21.21320 21.40093 25.07987 29.61419 16.64332 11.70470 30.00000 53.33854 25.49510 28.16026 22.02272 30.80584 42.57934 13.34166 23.32381 20.24846 25.94224 50.00000 40.22437 52.83938 15.00000 31.38471 45.27693 41.78516 29.96665 44.91102 37.48333 39.05125 26.68333 50.15974 43.28972 40.11234 56.08030 25.61250 42.05948 19.31321 37.64306 14.86607 24.02082 33.24154 32.69557 5.38516 20.24846 10.77033 29.68164 53.33854 36.68787 18.02776 36.40055 20.88061 33.30165 15.23155 53.60037 29.06888 35.38361 16.12452 39.20459 26.62705 34.20526 25.63201 44.94441 42.19005 33.61547 46.64762 30.88689 14.76482 32.55764 45.89118 46.09772 24.18677 35.35534 33.83785 22.36068 18.02776 56.08030 20.61553 54.81788 26.47640 15.23155 59.48109 20.24846 
23.00000 54.70832 41.01219 28.16026 10.19804 35.60899 20.22375 30.00000 20.61553 29.15476 50.15974 31.76476 21.84033 4.00000 25.49510 21.95450 35.01428 35.00000 8.06226 8.06226 0.00000 25.31798 23.85372 29.42788 35.46830 18.11077 4.00000 37.53665 60.46487 27.29469 31.01612 19.69772 34.92850 40.49691 21.18962 28.16026 16.27882 27.45906 54.45181 47.63402 53.41348 23.02173 32.28002 41.04875 35.90265 23.76973 48.04165 40.49691 43.93177 32.69557 43.96590 40.80441 36.22154 57.72348 18.35756 36.49658 15.55635 36.71512 11.40175 20.88061 29.15476 39.44617 2.82843 28.23119 8.54400 30.36445 54.03702 35.84690 19.23538 36.24914 28.79236 25.80698 22.20360 56.32051 22.80351 38.01316 23.08679 44.38468 28.42534 37.05401 31.40064 51.42956 38.11824 34.48188 47.50789 35.73514 9.00000 28.01785 49.04080 51.86521 16.12452 36.40055 36.22154 30.08322 13.03840 62.60990 28.60070 57.42822 22.09072 7.28011 66.37017 23.00000 
4.47214 32.55764 25.31798 28.60070 27.65863 55.97321 45.54119 50.96077 44.18144 54.00926 26.40076 56.30275 47.07441 25.00000 23.60085 16.15549 10.44031 60.13319 29.15476 21.21320 25.31798 0.00000 41.23106 4.12311 12.04159 9.21954 26.24881 21.21320 39.05125 8.24621 7.81025 43.18565 48.01042 63.78871 24.08319 40.22437 21.26029 9.21954 29.15476 28.63564 73.00685 19.20937 14.31782 66.03030 61.18823 49.03060 23.76973 55.75841 18.68154 10.29563 69.12308 64.49806 61.00000 35.84690 43.01163 61.81424 20.51828 58.69412 19.41649 45.04442 54.00926 18.35756 23.08679 26.07681 18.38478 13.60147 73.40981 57.72348 9.21954 20.61553 27.45906 49.76947 11.40175 32.57299 48.05206 54.20332 29.83287 19.31321 46.61545 13.41641 40.36087 28.31960 63.00794 16.12452 66.70832 46.86150 34.23449 53.08484 24.73863 27.29469 37.58989 17.20465 13.60147 30.23243 38.11824 39.20459 20.61553 33.83785 47.04253 29.15476 43.86342 4.47214 
41.18252 60.53098 42.95346 22.13594 14.86607 15.13275 24.04163 11.18034 13.41641 23.34524 59.00000 38.07887 27.20294 20.61553 24.18677 44.55334 51.62364 29.73214 15.81139 21.40093 23.85372 41.23106 0.00000 44.59821 46.52956 38.01316 27.29469 41.30375 64.53681 46.64762 48.75449 13.00000 12.04159 25.70992 20.00000 8.60233 40.00000 47.16991 68.24954 50.99020 31.78050 26.01922 52.69725 33.28663 35.60899 27.85678 64.84597 16.64332 57.07013 43.56604 43.93177 27.20294 28.01785 76.92204 29.15476 34.71311 39.20459 19.10497 34.82815 15.65248 23.34524 47.00000 23.43075 24.73863 31.14482 51.03920 32.20248 18.11077 39.40812 57.80138 24.04163 35.90265 31.78050 73.73602 27.51363 14.21267 15.29706 56.71860 5.38516 54.62600 13.60147 59.07622 30.23243 54.91812 25.49510 14.14214 20.39608 24.20744 65.78754 62.07254 34.36568 56.60389 54.56189 22.84732 19.00000 69.46222 30.14963 75.02666 20.12461 29.15476 71.38627 41.18252 
7.81025 29.20616 24.00000 30.41381 31.40064 59.48109 49.64877 54.57105 48.09366 58.03447 22.67157 60.40695 51.19570 29.01724 25.45584 18.86796 7.21110 64.19502 33.06055 25.07987 29.42788 4.12311 44.59821 0.00000 8.94427 13.03840 30.36445 20.02498 35.80503 9.21954 6.32456 47.09565 50.77401 67.60178 26.62705 43.04649 24.75884 10.19804 25.07987 26.24881 76.32169 21.26029 14.14214 70.06426 65.30697 53.15073 20.24846 58.66856 14.56022 8.06226 73.24616 68.35934 65.00769 33.01515 47.12749 65.92420 24.08319 62.36986 23.32381 49.01020 58.03447 15.81139 27.16616 27.65863 22.47221 14.00000 76.69420 61.39218 12.80625 20.39608 29.06888 53.85165 13.60147 29.15476 52.17279 57.24509 32.44996 15.23155 49.98000 10.63015 42.80187 24.75884 67.02984 15.52417 70.00714 49.40648 38.32754 57.14018 21.18962 23.32381 41.59327 16.15549 11.40175 31.89044 42.19005 35.46830 21.63331 30.46309 51.08816 33.24154 40.31129 7.81025 
16.40122 20.51828 16.49242 28.65310 35.12834 61.66036 55.36244 57.21888 52.23983 62.80127 14.76482 67.11930 57.24509 34.20526 24.16609 27.78489 12.16553 69.23150 37.48333 29.61419 35.46830 12.04159 46.52956 8.94427 0.00000 21.21320 37.12142 13.00000 27.01851 18.02776 14.14214 51.24451 50.69517 71.00704 26.92582 43.32436 33.30165 18.97367 21.84033 17.46425 77.62087 20.88061 22.09072 74.81310 71.16881 59.13544 21.21320 58.87274 10.77033 3.00000 79.37884 72.00694 69.58448 35.46830 53.71220 71.56815 32.55764 65.19202 31.24100 53.46027 62.80127 7.07107 32.89377 25.55386 29.68164 22.36068 77.88453 64.19502 21.26029 28.00000 26.92582 60.82763 15.00000 29.83287 58.18935 57.87055 32.57299 10.19804 51.78803 15.52417 42.04759 16.40122 71.70077 23.00000 71.30919 48.75449 43.96590 62.16912 21.93171 16.49242 49.09175 23.08679 17.26268 29.68164 47.53946 27.45906 18.86796 31.24100 56.08921 40.31129 31.89044 16.40122 
5.38516 41.72529 32.89377 30.67572 23.32381 51.88449 38.01316 46.51881 38.32754 47.26521 35.60899 47.80167 39.20459 18.97367 25.96151 9.05539 17.26268 53.03772 23.76973 16.64332 18.11077 9.21954 38.01316 13.03840 21.21320 0.00000 18.11077 28.79236 48.16638 9.21954 13.03840 37.36308 46.69047 58.24088 24.59675 38.94868 12.20656 9.48683 37.10795 37.21559 69.46222 21.58703 14.76482 59.13544 53.33854 41.19466 30.00000 53.81450 27.31300 19.20937 61.00000 58.69412 54.33231 39.84972 34.71311 54.14795 11.40175 53.85165 10.29563 38.83298 47.26521 27.20294 16.49242 28.86174 10.04988 13.03840 69.97142 52.92447 1.41421 19.84943 30.08322 41.10961 15.00000 38.20995 40.19950 51.85557 29.68164 28.17801 43.26662 19.00000 40.22437 37.53665 56.22277 17.00000 63.28507 46.22770 27.07397 46.09772 31.00000 36.35932 28.63564 18.78829 18.11077 32.57299 31.14482 48.41487 25.01999 39.31921 40.19950 20.61553 53.07542 5.38516 
23.34524 56.85948 43.93177 32.01562 14.14214 38.20995 20.02498 32.55764 22.47221 29.83287 51.88449 30.08322 21.09502 8.00000 29.15476 20.24846 35.35534 35.22783 11.70470 11.70470 4.00000 26.24881 27.29469 30.36445 37.12142 18.11077 0.00000 40.31129 62.80127 27.00000 31.14482 21.63331 38.62642 42.04759 25.00000 32.01562 13.60147 27.01851 55.10898 50.24938 55.97321 26.41969 31.40064 41.43670 35.22783 23.08679 48.04165 43.90900 44.92215 34.48188 42.95346 42.15448 36.87818 56.88585 16.76305 36.05551 13.03840 38.83298 9.48683 22.36068 29.83287 41.61730 6.32456 31.95309 8.06226 29.42788 56.63921 38.01316 19.02630 34.78505 32.57299 23.70654 24.75884 56.03570 22.09072 41.34005 27.07397 45.54119 31.62278 37.05401 35.35534 53.33854 38.63936 33.54102 50.20956 39.56008 9.84886 28.44293 49.04080 53.31041 12.80625 35.51056 36.00000 33.95585 13.92839 64.49806 31.90611 57.07889 22.80351 3.60555 68.50547 23.34524 
25.49510 19.23538 4.12311 20.09975 33.54102 56.08030 55.56978 52.46904 49.98000 61.09828 18.68154 68.81860 57.98276 35.00000 17.11724 37.10795 25.00000 67.77905 36.71512 30.00000 37.53665 21.21320 41.30375 20.02498 13.00000 28.79236 40.31129 0.00000 23.76973 29.01724 26.17250 49.04080 42.57934 66.91039 21.58703 36.05551 40.71855 30.01666 31.62278 10.29563 70.45566 16.15549 34.13210 72.73239 71.11962 59.68249 33.60060 50.80354 21.93171 12.16553 79.64923 68.24954 67.35726 48.01042 55.60576 71.11259 39.81206 60.40695 37.21559 51.62364 61.09828 7.81025 34.71311 17.02939 34.40930 34.01470 70.57620 59.41380 29.41088 40.31129 18.11077 63.25346 15.62050 41.77320 58.83026 50.35871 26.07681 20.51828 46.09772 28.46050 33.54102 18.11077 69.57011 35.35534 64.28063 40.02499 44.65423 60.92618 34.20526 22.47221 53.07542 35.69314 30.08322 20.39608 47.50789 28.16026 11.18034 43.18565 55.03635 43.86342 30.36445 25.49510 
43.41659 6.70820 21.58703 42.57934 57.27128 78.91768 79.17702 75.70997 73.73602 84.86460 14.56022 92.11406 81.49233 58.30952 40.52160 54.64430 36.24914 91.54780 60.37384 53.33854 60.46487 39.05125 64.53681 35.80503 27.01851 48.16638 62.80127 23.76973 0.00000 44.41846 39.82462 72.80110 64.03124 90.24411 45.22168 58.42089 60.30755 45.27693 27.29469 13.60147 92.00543 39.92493 47.01064 96.46243 94.81034 83.24062 36.05551 72.00000 25.96151 29.00000 103.31021 91.67879 91.08238 48.37355 78.77182 94.84725 59.54830 83.54639 57.98276 75.39231 84.86460 21.26029 57.68882 39.81206 55.97321 47.85394 92.00000 82.56513 48.27007 51.86521 40.60788 86.26703 38.27532 40.44750 82.36504 72.06247 49.24429 24.04163 69.05071 38.27532 55.08176 11.70470 93.30059 47.16991 86.05231 61.00000 68.09552 84.69357 36.01389 17.02939 75.28612 46.48656 40.49691 42.29657 71.11962 8.48528 34.78505 41.59327 78.79086 66.21933 7.00000 43.41659 
5.65685 37.73592 33.06055 36.35932 32.20248 60.83584 47.01064 55.54278 47.53946 56.43580 30.61046 56.08921 48.04165 28.16026 31.38471 10.63015 9.43398 62.12890 32.89377 25.49510 27.29469 8.24621 46.64762 9.21954 18.02776 9.21954 27.00000 29.01724 44.41846 0.00000 5.00000 46.57252 54.56189 67.44627 31.24100 46.75468 17.88854 1.00000 29.15476 35.44009 78.29432 26.92582 6.40312 68.26419 62.12890 50.03998 21.09502 62.00806 20.61553 17.26268 69.58448 67.91171 63.50591 30.67572 43.28972 63.03174 17.46425 62.96825 18.24829 48.05206 56.43580 25.00000 25.70992 34.00000 19.02630 5.38516 78.77182 62.03225 8.06226 12.52996 35.35534 49.24429 19.23538 29.06888 49.04080 60.21628 36.79674 21.93171 51.97115 10.19804 47.42362 33.01515 65.37584 8.48528 72.06941 53.74012 36.22154 55.22681 22.09072 30.41381 36.40055 10.00000 9.00000 38.07887 40.31129 43.18565 28.79236 30.14963 49.36598 29.15476 48.41487 5.65685 
8.06226 33.12099 30.06659 36.23534 34.78505 63.32456 51.03920 58.18935 50.80354 60.13319 25.80698 60.63827 52.23983 31.40064 31.24100 15.62050 4.47214 66.00758 35.90265 28.16026 31.01612 7.81025 48.75449 6.32456 14.14214 13.03840 31.14482 26.17250 39.82462 5.00000 0.00000 49.81967 55.80323 70.61161 31.89044 48.01042 22.82542 5.65685 24.35159 31.57531 80.52950 26.90725 8.00000 72.06247 66.37017 54.23099 17.02939 63.51378 15.62050 14.03567 73.97973 71.19691 67.18631 28.17801 47.67599 67.18631 22.36068 65.80274 22.80351 51.47815 60.13319 21.21320 29.15476 33.60060 23.08679 8.24621 80.95678 64.84597 12.16553 14.14214 35.00000 53.85165 19.10497 25.49510 53.23533 61.91123 37.64306 16.97056 54.12947 6.08276 48.16638 28.30194 69.11584 9.21954 74.24958 54.67175 40.01250 59.03389 18.02776 25.45584 41.10961 9.84886 5.83095 37.80212 44.04543 38.28838 27.78489 26.68333 53.08484 33.54102 43.60046 8.06226 
41.77320 68.00735 51.47815 32.20248 16.12452 17.20465 11.18034 11.66190 1.00000 12.08305 65.11528 25.07987 14.31782 18.43909 32.64966 41.59327 53.46027 18.78829 14.03567 22.02272 19.69772 43.18565 13.00000 47.09565 51.24451 37.36308 21.63331 49.04080 72.80110 46.57252 49.81967 0.00000 24.33105 20.88061 27.73085 21.47091 35.22783 46.84015 72.00694 59.23681 34.65545 32.89377 51.86521 23.76973 23.34524 14.86607 66.75328 26.30589 61.00820 48.25971 31.89044 21.37756 18.43909 77.20104 17.11724 22.80351 34.66987 17.20465 30.88689 2.82843 12.08305 53.36666 20.88061 34.13210 28.23119 49.98000 35.38361 16.40122 38.60052 55.94640 33.83785 23.19483 36.34556 75.31268 14.56022 23.34524 25.00000 61.07373 14.00000 55.90170 26.41969 65.73431 20.61553 54.08327 29.20616 26.92582 12.04159 12.20656 67.74216 67.60178 24.16609 55.97321 55.31727 33.42155 8.60233 76.65507 38.07887 76.48529 7.21110 21.93171 79.37884 41.77320 
48.91830 61.13101 43.10452 22.56103 25.05993 17.20465 35.51056 17.20465 24.51530 32.64966 61.18823 49.04080 38.63936 31.30495 26.57066 54.20332 57.98276 38.27532 26.92582 30.80584 34.92850 48.01042 12.04159 50.77401 50.69517 46.69047 38.62642 42.57934 64.03124 54.56189 55.80323 24.33105 0.00000 30.00000 24.18677 7.81025 50.60632 55.22681 72.44998 51.03920 28.01785 29.96665 60.87693 40.36087 45.17743 39.05125 70.71068 8.24621 61.46544 47.92703 53.00000 32.01562 35.60899 83.76157 41.04875 43.90900 49.73932 22.80351 45.27693 26.68333 32.64966 49.47727 34.00000 25.70992 41.34005 59.41380 28.07134 22.02272 48.10405 66.46804 24.51530 47.51842 37.21559 79.64923 38.83298 8.06226 18.35756 60.74537 10.77033 61.29437 9.05539 60.67125 37.64306 63.03174 22.02272 3.60555 32.38827 34.01470 71.58911 64.76110 46.38965 64.53681 61.61169 22.20360 31.01612 70.11419 32.28002 81.00617 31.04835 40.80441 71.02816 48.91830 
62.58594 86.14523 68.65858 47.80167 36.22154 12.80625 24.75884 14.56022 19.92486 14.21267 84.21401 30.67572 26.24881 39.29377 49.81967 62.24147 74.14850 14.31782 34.71311 42.57934 40.49691 63.78871 25.70992 67.60178 71.00704 58.24088 42.04759 66.91039 90.24411 67.44627 70.61161 20.88061 30.00000 0.00000 45.39824 32.69557 55.47071 67.72001 92.26592 76.68768 19.41649 51.24451 72.73239 12.36932 22.20360 25.00000 87.47571 25.61250 81.15417 68.00735 27.29469 2.23607 10.19804 98.08160 31.82766 20.09975 55.00909 7.21110 51.47815 19.69772 14.21267 72.24957 41.76123 50.44799 49.04080 70.83784 20.39608 8.06226 59.48109 76.69420 49.72927 33.61547 56.00893 96.10411 25.61250 23.34524 41.00000 81.05554 21.54066 76.68768 37.12142 84.48077 11.00000 74.94665 17.11724 33.60060 32.20248 16.40122 88.45903 87.05171 41.03657 76.84400 76.15773 48.38388 28.17801 95.03683 55.73150 97.29337 20.00000 41.67733 97.08244 62.58594 
25.61250 40.79216 23.76973 7.07107 13.45362 35.05710 35.46830 31.06445 28.63564 39.81206 39.00000 49.49747 38.20995 17.46425 5.00000 33.24154 33.83785 46.51881 17.02939 13.34166 21.18962 24.08319 20.00000 26.62705 26.92582 24.59675 25.00000 21.58703 45.22168 31.24100 31.89044 27.73085 24.18677 45.39824 0.00000 16.55295 32.24903 32.01562 48.76474 31.62278 50.69517 6.08276 37.64306 51.26402 50.47772 39.69887 46.52956 32.20248 37.64306 24.04163 59.07622 46.69047 45.88028 59.64059 37.01351 50.24938 31.25700 39.05125 27.07397 30.41381 39.81206 27.00000 18.68154 7.21110 23.02173 36.40055 50.96077 38.05260 25.94224 43.60046 7.61577 44.82187 13.03840 55.47071 38.94868 31.01612 5.83095 37.10795 25.07987 37.20215 16.27882 39.11521 48.10405 39.69887 44.38468 22.80351 25.61250 39.82462 47.41308 42.10701 37.16181 41.03657 37.64306 9.05539 27.58623 49.64877 10.44031 56.82429 34.13210 28.46050 51.92302 25.61250 
41.10961 55.00909 37.05401 16.00000 18.02776 20.61553 32.31099 18.35756 21.95450 31.89044 54.45181 46.51881 35.46830 24.35159 19.41649 46.61545 50.24938 38.18377 20.39608 23.32381 28.16026 40.22437 8.60233 43.04649 43.32436 38.94868 32.01562 36.05551 58.42089 46.75468 48.01042 21.47091 7.81025 32.69557 16.55295 0.00000 43.38202 47.42362 65.14599 45.09989 34.52535 22.47221 53.07542 41.40048 44.20407 36.24914 63.06346 15.65248 54.08327 40.49691 52.49762 34.43835 36.23534 76.00658 36.87818 43.27817 42.48529 25.63201 38.01316 24.18677 31.89044 42.57934 26.92582 19.02630 34.00000 51.62364 34.71311 24.69818 40.36087 58.69412 18.00000 43.96590 29.52965 72.00694 35.84690 14.56022 10.77033 53.45091 11.18034 53.53504 5.00000 54.14795 38.41875 55.22681 28.28427 7.61577 27.01851 32.80244 63.95311 57.87055 41.00000 56.72742 53.82379 16.12452 26.47640 64.00781 25.31798 73.35530 28.65310 34.52535 65.37584 41.10961 
16.97056 53.81450 44.77723 39.11521 25.55386 51.73973 32.28002 46.09772 36.05551 42.72002 47.42362 39.11521 32.55764 19.41649 35.00000 8.06226 27.29469 47.53946 24.20744 20.24846 16.27882 21.26029 40.00000 24.75884 33.30165 12.20656 13.60147 40.71855 60.30755 17.88854 22.82542 35.22783 50.60632 55.47071 32.24903 43.38202 0.00000 17.46425 47.01064 49.39636 69.52697 31.06445 20.22375 53.85165 46.17359 34.52535 38.32754 56.61272 38.27532 31.40064 53.00943 55.46170 49.64877 45.04442 27.16616 47.38143 1.00000 52.43091 5.38516 35.84690 42.72002 39.40812 16.64332 38.00000 9.48683 18.24829 70.17834 51.61395 12.04159 22.20360 39.01282 32.14032 25.96151 45.39824 33.54102 54.20332 36.13862 39.40812 44.68781 27.85678 45.88028 49.49747 51.24451 22.09072 63.70243 50.99020 23.32381 41.10961 39.29377 47.80167 19.10497 24.08319 26.24881 41.10961 27.29469 60.20797 35.51056 46.27094 35.84690 13.92839 65.05382 16.97056 
6.40312 38.58756 34.05877 37.21559 32.64966 61.26989 47.04253 55.94640 47.80167 56.56854 31.40064 55.90170 48.01042 28.46050 32.24903 10.00000 10.00000 62.20129 33.24154 25.94224 27.45906 9.21954 47.16991 10.19804 18.97367 9.48683 27.01851 30.01666 45.27693 1.00000 5.65685 46.84015 55.22681 67.72001 32.01562 47.42362 17.46425 0.00000 29.54657 36.40055 78.77182 27.78489 5.65685 68.35934 62.07254 50.01000 21.21320 62.62587 21.26029 18.24829 69.46222 68.15424 63.63961 30.36445 43.18565 63.00794 17.08801 63.32456 18.11077 48.27007 56.56854 25.96151 25.96151 34.88553 19.10497 4.47214 79.25907 62.39391 8.24621 11.66190 36.23534 49.03060 20.12461 29.01724 49.01020 60.80296 37.53665 22.62742 52.47857 10.44031 48.16638 33.83785 65.49046 7.81025 72.56032 54.45181 36.34556 55.32630 22.20360 31.11270 36.13862 9.43398 9.05539 38.94868 40.44750 43.93177 29.73214 30.06659 49.49747 29.06888 49.20366 6.40312 
31.78050 22.13594 33.30165 50.15974 56.08030 83.36066 74.67262 78.77182 73.00685 83.09633 15.26434 84.89994 76.11833 54.08327 45.88028 39.35734 19.92486 89.27486 58.00000 50.00000 54.45181 29.15476 68.24954 25.07987 21.84033 37.10795 55.10898 31.62278 27.29469 29.15476 24.35159 72.00694 72.44998 92.26592 48.76474 65.14599 47.01064 29.54657 0.00000 28.60070 99.45853 42.72002 28.01785 95.13149 90.25519 78.08969 10.81665 80.65358 11.18034 24.73863 98.06121 93.13431 90.04999 21.09502 71.80529 90.93404 46.61545 86.70063 47.12749 74.00676 83.09633 23.85372 52.23983 47.01064 47.07441 29.68164 99.72462 85.70881 36.40055 30.41381 48.33218 78.16009 36.49658 13.15295 77.10383 79.69944 54.40588 11.70470 73.54590 19.23538 63.69458 17.88854 92.08692 27.01851 93.14505 70.38466 63.38770 82.21922 10.29563 11.18034 65.45991 25.49510 21.09502 50.99020 67.26812 21.09502 40.31129 14.31782 76.16430 57.72348 27.16616 31.78050 
33.10589 10.19804 8.06226 29.15476 43.82921 65.49046 65.86350 62.16912 60.16644 71.30919 13.45362 79.05694 68.26419 45.22168 26.92582 44.77723 29.06888 78.00000 47.01064 40.22437 47.63402 28.63564 50.99020 26.24881 17.46425 37.21559 50.24938 10.29563 13.60147 35.44009 31.57531 59.23681 51.03920 76.68768 31.62278 45.09989 49.39636 36.40055 28.60070 0.00000 79.05694 26.40076 39.45884 82.87340 81.41253 69.97142 33.83785 59.13544 21.84033 18.38478 89.94443 78.10250 77.49194 47.92703 65.80274 81.39410 48.54894 70.03571 46.40043 61.84658 71.30919 10.44031 44.82187 26.30589 43.93177 39.81206 79.10120 69.05071 37.58989 45.17743 27.16616 73.40981 25.49510 40.70626 69.11584 59.00847 35.69314 19.92486 55.57877 32.00000 42.01190 11.40175 79.71198 40.19950 73.00685 48.16638 54.91812 71.17584 34.17601 17.69181 62.93648 40.04997 34.01470 29.01724 57.80138 19.10497 21.18962 42.05948 65.30697 53.75872 20.39608 33.10589 
72.89719 89.14034 71.11259 50.35871 46.14109 17.80449 42.19005 23.43075 33.97058 32.69557 88.95504 50.00000 44.29447 51.03920 53.93515 75.21303 83.38465 33.73426 46.04346 52.83938 53.41348 73.00685 31.78050 76.32169 77.62087 69.46222 55.97321 70.45566 92.00543 78.29432 80.52950 34.65545 28.01785 19.41649 50.69517 34.52535 69.52697 78.77182 99.45853 79.05694 0.00000 56.75385 84.21995 31.01612 41.59327 43.38202 96.56604 20.02498 88.32327 74.72617 46.00000 21.21320 29.61419 108.68763 49.39636 39.45884 68.88396 18.02776 64.81512 34.82815 32.69557 77.10383 53.82379 53.46027 61.61169 82.49242 1.00000 18.60108 70.83078 89.04493 52.34501 52.39275 63.24555 105.47512 43.82921 20.09975 45.12206 87.80091 26.40076 86.40602 37.05401 88.56636 30.26549 86.45230 6.32456 31.01612 46.66905 34.92850 97.49872 92.39589 58.00862 88.19297 86.33076 50.15974 43.18565 98.12747 59.84146 106.77547 36.89173 56.56854 99.00505 72.89719 
