nbNodes
12
nbVehi
3
nbServi
6
r
1 1 1 1 1 1
0 0 1 0 0 0
0 0 0 0 1 0
0 0 0 1 0 0
0 0 0 0 1 0
0 0 0 1 0 0
0 0 0 1 0 0
0 1 0 0 0 0
0 0 0 1 1 0
0 1 0 0 0 1
0 0 1 0 0 1
1 1 1 1 1 1
DS
11 10 9
a
1  1  1  0  0  0
0  0  0  1  0  0
0  0  0  1  1  1
x
62 3 67 11 62 92 52 62 69 62 0 62
y
25 19 22 3 39 3 33 23 19 41 0 25
d
0.0 59.3043 5.8309517 55.542778 14.0 37.202152 12.806249 2.0 9.219544 16.0 66.85058 0.0
59.3043 0.0 64.070274 17.888544 62.297672 90.426765 50.96077 59.135437 66.0 62.968246 19.235384 59.3043
5.8309517 64.070274 0.0 59.135437 17.720045 31.400637 18.601076 5.0990195 3.6055512 19.646883 70.5195 5.8309517
55.542778 17.888544 59.135437 0.0 62.425957 81.0 50.803543 54.781384 60.166435 63.600315 11.401754 55.542778
14.0 62.297672 17.720045 62.425957 0.0 46.8615 11.661903 16.0 21.189621 2.0 73.24616 14.0
37.202152 90.426765 31.400637 81.0 46.8615 0.0 50.0 36.05551 28.01785 48.414875 92.0489 37.202152
12.806249 50.96077 18.601076 50.803543 11.661903 50.0 0.0 14.142136 22.022715 12.806249 61.587337 12.806249
2.0 59.135437 5.0990195 54.781384 16.0 36.05551 14.142136 0.0 8.062258 18.0 66.12866 2.0
9.219544 66.0 3.6055512 60.166435 21.189621 28.01785 22.022715 8.062258 0.0 23.086792 71.568146 9.219544
16.0 62.968246 19.646883 63.600315 2.0 48.414875 12.806249 18.0 23.086792 0.0 74.330345 16.0
66.85058 19.235384 70.5195 11.401754 73.24616 92.0489 61.587337 66.12866 71.568146 74.330345 0.0 66.85058
0.0 59.3043 5.8309517 55.542778 14.0 37.202152 12.806249 2.0 9.219544 16.0 66.85058 0.0
p
0 0 0 0 0 0
0 0 0 0 0 0
0 0 0 0 0 0
17.0 17.0 17.0 17.0 17.0 17.0
17.0 17.0 17.0 17.0 17.0 17.0
17.0 17.0 17.0 17.0 17.0 17.0
17.0 17.0 17.0 17.0 17.0 17.0
17.0 17.0 17.0 17.0 17.0 17.0
17.0 17.0 17.0 17.0 17.0 17.0
17.0 17.0 17.0 17.0 17.0 17.0
17.0 17.0 17.0 17.0 17.0 17.0
17.0 17.0 17.0 17.0 17.0 17.0
17.0 17.0 17.0 17.0 17.0 17.0
17.0 17.0 17.0 17.0 17.0 17.0
17.0 17.0 17.0 17.0 17.0 17.0
17.0 17.0 17.0 17.0 17.0 17.0
17.0 17.0 17.0 17.0 17.0 17.0
17.0 17.0 17.0 17.0 17.0 17.0
17.0 17.0 17.0 17.0 17.0 17.0
17.0 17.0 17.0 17.0 17.0 17.0
17.0 17.0 17.0 17.0 17.0 17.0
17.0 17.0 17.0 17.0 17.0 17.0
17.0 17.0 17.0 17.0 17.0 17.0
17.0 17.0 17.0 17.0 17.0 17.0
17.0 17.0 17.0 17.0 17.0 17.0
17.0 17.0 17.0 17.0 17.0 17.0
17.0 17.0 17.0 17.0 17.0 17.0
17.0 17.0 17.0 17.0 17.0 17.0
17.0 17.0 17.0 17.0 17.0 17.0
17.0 17.0 17.0 17.0 17.0 17.0
17.0 17.0 17.0 17.0 17.0 17.0
17.0 17.0 17.0 17.0 17.0 17.0
17.0 17.0 17.0 17.0 17.0 17.0
0 0 0 0 0 0
0 0 0 0 0 0
0 0 0 0 0 0
mind
12 33 59 40 5 51 19 55 0 8 27 20
maxd
24 66 118 80 10 102 38 110 0 16 54 40
e
0  182 412 423 358 327 105 151 406 462 427 0
l
600  302 532 543 478 447 225 271 526 582 547 1000
